1523438251198.0000
8.341598, 7.829353, 2.71794, 1523438251198.0000
8.341231, 7.887528, 2.717426, 1523438251281.3992
8.34271, 7.944846, 2.739832, 1523438251364.1072
8.357456, 7.98867, 2.794955, 1523438251446.3542
8.367026, 8.036316, 2.840542, 1523438251528.2332
8.371097, 8.08837, 2.879865, 1523438251609.9272
8.371061, 8.138627, 2.908006, 1523438251691.8523
8.370646, 8.189155, 2.914294, 1523438251774.0537
8.362018, 8.250738, 2.898289, 1523438251856.5315
8.351694, 8.316041, 2.894713, 1523438251939.4241
8.34829, 8.373871, 2.929904, 1523438252022.7310
8.341558, 8.418608, 2.989056, 1523438252106.3606
8.340912, 8.459153, 3.040925, 1523438252190.4971
8.347217, 8.499991, 3.083552, 1523438252274.7715
8.355945, 8.539902, 3.110892, 1523438252359.0002
8.355861, 8.587689, 3.111906, 1523438252442.8140
8.355581, 8.64476, 3.108529, 1523438252526.1216
8.359386, 8.699471, 3.127605, 1523438252609.0142
8.374371, 8.749771, 3.166985, 1523438252691.6760
8.38589, 8.796317, 3.216774, 1523438252774.1538
8.39167, 8.844186, 3.262827, 1523438252856.6775
8.398282, 8.885623, 3.28712, 1523438252939.4314
8.396137, 8.935712, 3.28558, 1523438253022.4624
8.397996, 9.001305, 3.277927, 1523438253105.8157
8.401995, 9.075066, 3.283887, 1523438253189.3994
8.389802, 9.132113, 3.301489, 1523438253273.0750
8.376288, 9.185224, 3.359534, 1523438253356.9351
8.379337, 9.225179, 3.411585, 1523438253441.0710
8.394725, 9.260774, 3.464212, 1523438253525.2996
8.398964, 9.289425, 3.492857, 1523438253609.2058
8.394545, 9.321646, 3.494976, 1523438253692.7893
8.394477, 9.367305, 3.493088, 1523438253776.1428
8.397702, 9.417533, 3.497781, 1523438253859.2197
8.405782, 9.462374, 3.518837, 1523438253942.1118
8.42843, 9.493179, 3.582601, 1523438254025.0505
8.446272, 9.516253, 3.628244, 1523438254107.8967
8.448096, 9.551269, 3.655222, 1523438254190.5588
8.436962, 9.603523, 3.664007, 1523438254273.3591
8.428804, 9.669195, 3.657243, 1523438254356.2056
8.414812, 9.732104, 3.642964, 1523438254439.1902
8.409807, 9.790387, 3.656822, 1523438254522.2671
8.399384, 9.828724, 3.678386, 1523438254605.7126
8.380357, 9.866874, 3.715346, 1523438254689.3882
8.360955, 9.903358, 3.767503, 1523438254773.2944
8.348205, 9.926617, 3.821702, 1523438254857.2930
8.338812, 9.95647, 3.860793, 1523438254941.2910
8.334756, 9.991914, 3.869615, 1523438255025.0588
8.329396, 10.042989, 3.867072, 1523438255108.5503
8.329772, 10.103538, 3.860122, 1523438255191.9031
8.327229, 10.163578, 3.858907, 1523438255275.1646
8.335399, 10.209645, 3.906612, 1523438255358.2876
8.348969, 10.247185, 3.961454, 1523438255441.3640
8.360752, 10.286259, 4.004427, 1523438255524.4409
8.374737, 10.327487, 4.039382, 1523438255607.7021
8.385469, 10.364011, 4.052211, 1523438255691.1936
8.390846, 10.417086, 4.043422, 1523438255774.6392
8.388344, 10.47774, 4.033179, 1523438255857.9001
8.382826, 10.54298, 4.035184, 1523438255941.0229
8.372908, 10.608526, 4.066179, 1523438256024.0999
8.345281, 10.651601, 4.117549, 1523438256107.0845
8.33315, 10.687298, 4.167444, 1523438256190.2996
8.345521, 10.715959, 4.212099, 1523438256273.8367
8.362256, 10.749995, 4.239095, 1523438256357.3281
8.368622, 10.790857, 4.236927, 1523438256440.3586
8.367419, 10.841632, 4.23192, 1523438256523.0205
8.363478, 10.893379, 4.232671, 1523438256605.4983
8.369528, 10.953858, 4.254451, 1523438256688.0222
8.36893, 11.008825, 4.300681, 1523438256770.5459
8.367105, 11.057362, 4.339882, 1523438256853.1160
8.37382, 11.098286, 4.380211, 1523438256936.0544
8.379432, 11.144547, 4.400358, 1523438257019.3613
8.374077, 11.190554, 4.401159, 1523438257102.8069
8.37229, 11.240772, 4.4047, 1523438257186.2983
8.364899, 11.298875, 4.412738, 1523438257270.0200
8.356784, 11.357169, 4.437425, 1523438257353.8804
8.346046, 11.400187, 4.487812, 1523438257437.6946
8.338799, 11.430052, 4.531452, 1523438257521.4622
8.338771, 11.467865, 4.57621, 1523438257605.1379
8.341101, 11.505227, 4.606201, 1523438257688.6755
8.346142, 11.548348, 4.614226, 1523438257772.0747
8.345551, 11.59912, 4.615743, 1523438257855.2437
8.343677, 11.656513, 4.617577, 1523438257938.2742
8.347619, 11.703157, 4.638484, 1523438258021.0745
8.354504, 11.743549, 4.700052, 1523438258103.7366
8.361018, 11.771936, 4.748374, 1523438258186.3528
8.367393, 11.803224, 4.784443, 1523438258269.2913
8.378098, 11.841346, 4.805357, 1523438258352.5061
8.38292, 11.897764, 4.798814, 1523438258435.7673
8.379906, 11.969835, 4.768367, 1523438258519.0283
8.368099, 12.033332, 4.773504, 1523438258602.3816
8.351323, 12.094807, 4.803587, 1523438258685.9187
8.33409, 12.149825, 4.85865, 1523438258769.6409
8.322721, 12.191437, 4.913292, 1523438258853.6853
8.321722, 12.233203, 4.957088, 1523438258937.7754
8.322178, 12.272791, 4.970834, 1523438259021.5432
8.310089, 12.305193, 4.971586, 1523438259104.8044
8.299735, 12.367616, 4.972162, 1523438259187.6968
8.28453, 12.423429, 4.976971, 1523438259270.4509
8.296908, 12.480841, 4.998864, 1523438259353.1130
8.309114, 12.525661, 5.036576, 1523438259435.7751
8.308661, 12.561642, 5.086965, 1523438259518.2988
8.303905, 12.597099, 5.129876, 1523438259600.8228
8.299874, 12.634806, 5.146821, 1523438259683.4387
8.293582, 12.674547, 5.143654, 1523438259766.1929
8.275616, 12.727405, 5.148091, 1523438259849.1775
8.263218, 12.779842, 5.154377, 1523438259932.3464
8.246273, 12.838922, 5.160412, 1523438260015.6533
8.219707, 12.908661, 5.172484, 1523438260099.0989
8.178855, 12.974775, 5.205336, 1523438260182.4060
8.139905, 13.018278, 5.242624, 1523438260265.7593
8.1087, 13.050159, 5.293599, 1523438260349.0203
8.076365, 13.064163, 5.329741, 1523438260431.9587
8.038794, 13.08421, 5.339128, 1523438260514.6667
7.999581, 13.11295, 5.334236, 1523438260597.4670
7.955605, 13.15378, 5.327271, 1523438260680.5439
7.899672, 13.196485, 5.320359, 1523438260763.6670
7.843505, 13.238968, 5.319839, 1523438260846.7437
7.792881, 13.268102, 5.331462, 1523438260929.8665
7.746046, 13.305336, 5.337584, 1523438261013.1733
7.6874, 13.343201, 5.344916, 1523438261096.7568
7.620882, 13.371012, 5.335891, 1523438261180.4788
7.540619, 13.401945, 5.321514, 1523438261264.3845
7.455424, 13.435765, 5.308547, 1523438261348.6597
7.363515, 13.469651, 5.313085, 1523438261433.2109
7.286242, 13.507189, 5.324184, 1523438261517.8542
7.204734, 13.533871, 5.33687, 1523438261602.5439
7.128714, 13.572427, 5.339962, 1523438261687.1875
7.040829, 13.608487, 5.335194, 1523438261771.3704
6.965559, 13.647518, 5.334469, 1523438261855.0920
6.882977, 13.681504, 5.326434, 1523438261938.2151
6.788486, 13.712138, 5.331031, 1523438262020.9233
6.707768, 13.751517, 5.352943, 1523438262103.4014
6.628632, 13.786192, 5.396428, 1523438262185.8328
6.568178, 13.824574, 5.430439, 1523438262268.2649
6.497033, 13.857087, 5.458572, 1523438262350.8809
6.425448, 13.869822, 5.475623, 1523438262433.5430
6.352627, 13.881802, 5.485243, 1523438262516.2971
6.294549, 13.896858, 5.488163, 1523438262599.2820
6.214675, 13.90981, 5.501428, 1523438262682.5430
6.153558, 13.920927, 5.537324, 1523438262766.2185
6.097893, 13.930446, 5.578109, 1523438262850.2170
6.039299, 13.948812, 5.632179, 1523438262934.4456
5.982841, 13.972552, 5.670511, 1523438263018.6743
5.929286, 13.993, 5.689712, 1523438263102.6262
5.867853, 14.015202, 5.685232, 1523438263186.0713
5.801335, 14.030709, 5.693362, 1523438263269.0559
5.749843, 14.047338, 5.743592, 1523438263351.6257
5.719602, 14.068737, 5.782042, 1523438263433.9646
5.684406, 14.083647, 5.825178, 1523438263516.3040
5.647539, 14.09548, 5.853242, 1523438263598.7358
5.597509, 14.098716, 5.858143, 1523438263681.2595
5.54546, 14.10974, 5.85378, 1523438263763.8755
5.484597, 14.122638, 5.854361, 1523438263846.7219
5.425492, 14.126054, 5.878441, 1523438263929.9832
5.369175, 14.131098, 5.919255, 1523438264013.6592
5.316574, 14.141478, 5.974442, 1523438264097.7957
5.280761, 14.160199, 6.0141, 1523438264182.1165
5.244187, 14.178136, 6.035981, 1523438264266.3447
5.201086, 14.199267, 6.032444, 1523438264350.2051
5.142926, 14.221146, 6.036452, 1523438264433.5581
5.078496, 14.231693, 6.04907, 1523438264516.1277
5.026593, 14.249213, 6.103265, 1523438264598.1448
4.990275, 14.264504, 6.149388, 1523438264680.1619
4.943151, 14.28529, 6.192909, 1523438264762.4092
4.899411, 14.307655, 6.203141, 1523438264844.8870
4.846444, 14.312778, 6.196585, 1523438264927.5491
4.779412, 14.314802, 6.191223, 1523438265010.4414
4.714346, 14.309943, 6.204147, 1523438265093.5183
4.65413, 14.308386, 6.236228, 1523438265176.8252
4.601985, 14.290754, 6.286118, 1523438265260.5930
4.56184, 14.292698, 6.336985, 1523438265344.7295
4.518459, 14.293081, 6.385583, 1523438265428.8660
4.490953, 14.297412, 6.3878, 1523438265512.7720
4.447254, 14.295063, 6.389589, 1523438265596.4014
4.396801, 14.29331, 6.382045, 1523438265679.7087
4.337641, 14.283657, 6.412897, 1523438265762.6013
4.291642, 14.280447, 6.469027, 1523438265845.1714
4.261909, 14.281724, 6.510825, 1523438265927.5107
4.217452, 14.278346, 6.553027, 1523438266010.0347
4.172803, 14.274842, 6.564896, 1523438266092.8350
4.133468, 14.267225, 6.554058, 1523438266175.8655
4.077316, 14.257491, 6.546055, 1523438266259.0806
4.017612, 14.246694, 6.563108, 1523438266342.4341
3.958782, 14.228683, 6.585835, 1523438266426.0176
3.900296, 14.199929, 6.640637, 1523438266509.8777
3.854967, 14.196445, 6.695344, 1523438266594.1067
3.804471, 14.197131, 6.736987, 1523438266678.5654
3.76459, 14.205895, 6.753398, 1523438266762.8865
3.723142, 14.20746, 6.736465, 1523438266846.7925
3.658286, 14.197375, 6.730561, 1523438266930.0994
3.595884, 14.186587, 6.745411, 1523438267012.9458
3.539303, 14.182318, 6.798914, 1523438267095.5615
3.494209, 14.195013, 6.85039, 1523438267178.0393
3.454071, 14.180663, 6.896919, 1523438267260.3792
3.419131, 14.169012, 6.923416, 1523438267342.9490
3.380016, 14.153897, 6.933907, 1523438267425.8875
3.319877, 14.139569, 6.915547, 1523438267509.1025
3.246705, 14.112195, 6.896054, 1523438267592.5479
3.172776, 14.072064, 6.88826, 1523438267676.1318
3.112471, 14.037404, 6.900616, 1523438267759.7617
3.042545, 13.98404, 6.905965, 1523438267843.3918
2.9663, 13.937367, 6.919654, 1523438267927.2058
2.885135, 13.902532, 6.913533, 1523438268010.9739
2.793146, 13.85911, 6.910614, 1523438268094.4651
2.72348, 13.81808, 6.906229, 1523438268177.4500
2.637557, 13.753512, 6.903857, 1523438268260.0198
2.561754, 13.708425, 6.921055, 1523438268342.3596
2.499127, 13.683706, 6.974674, 1523438268424.6531
2.447629, 13.6641, 7.013551, 1523438268506.9465
2.399961, 13.642499, 7.056807, 1523438268589.5627
2.343137, 13.618862, 7.080015, 1523438268672.7781
2.272189, 13.590963, 7.077892, 1523438268756.5000
2.20789, 13.560977, 7.06862, 1523438268840.4983
2.136814, 13.520347, 7.067975, 1523438268924.4504
2.088917, 13.479156, 7.100795, 1523438269008.3105
2.042183, 13.440603, 7.155659, 1523438269092.3093
1.991472, 13.435782, 7.20683, 1523438269176.8145
1.939122, 13.426837, 7.252503, 1523438269261.3660
1.894759, 13.399607, 7.275594, 1523438269345.2261
1.865431, 13.373236, 7.266096, 1523438269428.3491
1.820761, 13.339129, 7.271999, 1523438269510.9192
1.782616, 13.309118, 7.306607, 1523438269593.1667
1.753022, 13.287324, 7.354158, 1523438269675.1375
1.726269, 13.264778, 7.378131, 1523438269756.8779
1.711188, 13.231321, 7.413973, 1523438269838.7568
1.689475, 13.185966, 7.419888, 1523438269920.9121
1.674618, 13.137452, 7.414763, 1523438270003.3899
1.667759, 13.097157, 7.413014, 1523438270086.0520
1.654786, 13.036191, 7.409414, 1523438270168.9446
1.63945, 12.982214, 7.423612, 1523438270252.3901
1.626846, 12.920828, 7.469381, 1523438270336.2964
1.610421, 12.873566, 7.526908, 1523438270420.5251
1.576863, 12.828182, 7.595879, 1523438270504.9382
1.547909, 12.803524, 7.619242, 1523438270589.2595
1.521675, 12.751512, 7.624662, 1523438270673.4421
1.488744, 12.700274, 7.615269, 1523438270757.5330
1.464417, 12.638761, 7.604595, 1523438270841.1628
1.467888, 12.580215, 7.589333, 1523438270924.2397
1.448298, 12.505369, 7.604951, 1523438271006.9016
1.410004, 12.435809, 7.612966, 1523438271089.6560
1.376214, 12.352233, 7.614124, 1523438271172.5486
1.356073, 12.271201, 7.619032, 1523438271255.5791
1.338064, 12.182754, 7.612679, 1523438271338.8403
1.324619, 12.099756, 7.595388, 1523438271422.4236
1.302311, 12.014922, 7.584991, 1523438271506.1458
1.297141, 11.901195, 7.590789, 1523438271589.8674
1.295769, 11.811447, 7.629118, 1523438271673.5894
1.291235, 11.735426, 7.669009, 1523438271757.4036
1.2779, 11.678382, 7.715708, 1523438271841.3552
1.257892, 11.619119, 7.747836, 1523438271925.2156
1.246527, 11.569132, 7.77045, 1523438272008.7070
1.242125, 11.513305, 7.772875, 1523438272091.8296
1.233338, 11.436769, 7.779042, 1523438272174.5842
1.227458, 11.367185, 7.795406, 1523438272257.1077
1.214702, 11.299819, 7.824152, 1523438272339.5393
1.208537, 11.243663, 7.858345, 1523438272421.7866
1.219175, 11.210996, 7.892284, 1523438272503.8955
1.237283, 11.177753, 7.91106, 1523438272586.0969
1.25541, 11.137147, 7.919314, 1523438272668.5286
1.274708, 11.082669, 7.919919, 1523438272751.3750
1.296675, 11.026764, 7.920165, 1523438272834.5898
1.315857, 10.962909, 7.920043, 1523438272918.1731
1.341538, 10.884665, 7.93836, 1523438273002.1252
1.361953, 10.809365, 7.981823, 1523438273086.5845
1.365648, 10.75552, 8.038942, 1523438273171.5505
1.3548, 10.711741, 8.09544, 1523438273256.4705
1.361467, 10.675935, 8.121003, 1523438273340.6531
1.38238, 10.622344, 8.128391, 1523438273424.0984
1.405337, 10.564098, 8.122488, 1523438273506.8984
1.428275, 10.509847, 8.136361, 1523438273589.3762
1.423032, 10.456996, 8.178354, 1523438273671.7158
1.41499, 10.41254, 8.232919, 1523438273754.1016
1.415424, 10.37676, 8.283611, 1523438273836.3950
1.420237, 10.3441, 8.321317, 1523438273918.8726
1.432575, 10.317818, 8.322688, 1523438274001.4885
1.441399, 10.265417, 8.320143, 1523438274084.4268
1.446303, 10.202825, 8.315814, 1523438274167.5957
1.455203, 10.13083, 8.330424, 1523438274250.9028
1.473071, 10.060527, 8.373883, 1523438274334.4409
1.48548, 10.000053, 8.425787, 1523438274418.3931
1.474305, 9.969917, 8.46968, 1523438274502.8523
1.46564, 9.931378, 8.504457, 1523438274587.4033
1.462025, 9.886477, 8.518115, 1523438274671.6321
1.474731, 9.837418, 8.520471, 1523438274755.3542
1.481335, 9.779277, 8.529626, 1523438274838.4312
1.478595, 9.720294, 8.568801, 1523438274921.1392
1.466984, 9.682087, 8.618356, 1523438275003.5708
1.465969, 9.640864, 8.659003, 1523438275085.8184
1.470562, 9.608241, 8.690749, 1523438275168.1580
1.477341, 9.563723, 8.699398, 1523438275250.7744
1.484792, 9.49284, 8.685317, 1523438275333.7131
1.493872, 9.422261, 8.676416, 1523438275416.7441
1.52422, 9.353186, 8.677328, 1523438275499.5903
1.55979, 9.285041, 8.693291, 1523438275582.4832
1.594924, 9.210117, 8.738256, 1523438275665.7903
1.601311, 9.161392, 8.795953, 1523438275749.6045
1.598714, 9.123488, 8.855827, 1523438275833.6948
1.610853, 9.092256, 8.886134, 1523438275917.7395
1.619229, 9.043763, 8.8911, 1523438276001.6917
1.641009, 8.990374, 8.879653, 1523438276085.3674
1.677477, 8.926887, 8.868163, 1523438276168.3979
1.718935, 8.868991, 8.881493, 1523438276250.8298
1.733309, 8.808933, 8.898468, 1523438276333.2158
1.737664, 8.747312, 8.902534, 1523438276415.8774
1.757977, 8.681024, 8.88688, 1523438276498.7700
1.788782, 8.614316, 8.884422, 1523438276581.8464
1.82304, 8.559847, 8.88693, 1523438276665.0615
1.867657, 8.503597, 8.881157, 1523438276748.4609
1.918244, 8.431079, 8.876273, 1523438276832.1367
1.985063, 8.361005, 8.886518, 1523438276915.9507
2.048129, 8.311136, 8.919742, 1523438276999.8108
2.090315, 8.262426, 8.975325, 1523438277084.0396
2.104786, 8.216787, 9.029644, 1523438277168.7295
2.116233, 8.177022, 9.062314, 1523438277253.3730
2.14308, 8.145117, 9.07386, 1523438277337.4636
2.184594, 8.106486, 9.074791, 1523438277420.9089
2.225857, 8.06757, 9.086377, 1523438277503.8474
2.260109, 8.024345, 9.114562, 1523438277586.3716
2.273924, 7.982345, 9.181407, 1523438277668.7114
2.29007, 7.958084, 9.230143, 1523438277750.9133
2.310511, 7.935432, 9.269855, 1523438277833.2529
2.340617, 7.910754, 9.289998, 1523438277915.6848
2.386864, 7.88435, 9.281068, 1523438277998.3931
2.431398, 7.850471, 9.27103, 1523438278081.3777
2.479486, 7.819163, 9.280974, 1523438278164.6848
2.529913, 7.790112, 9.317354, 1523438278248.2227
2.579164, 7.775831, 9.36488, 1523438278331.9448
2.607549, 7.750121, 9.417218, 1523438278416.2656
2.616921, 7.711732, 9.455911, 1523438278501.0935
2.635375, 7.686011, 9.461162, 1523438278585.6909
2.665675, 7.652894, 9.455006, 1523438278669.7812
2.702962, 7.608248, 9.449634, 1523438278753.3191
2.737426, 7.570381, 9.445727, 1523438278836.3499
2.779113, 7.526013, 9.474428, 1523438278918.9661
2.818041, 7.488063, 9.528211, 1523438279001.2136
2.844878, 7.472271, 9.585062, 1523438279083.2766
2.880546, 7.447898, 9.62569, 1523438279165.5242
2.907755, 7.428493, 9.65402, 1523438279248.1863
2.939307, 7.38682, 9.651137, 1523438279331.2629
2.98143, 7.339823, 9.632458, 1523438279414.7085
3.019821, 7.276104, 9.626257, 1523438279498.3845
3.056295, 7.222268, 9.614135, 1523438279582.0603
3.107746, 7.17426, 9.622941, 1523438279665.4597
3.158023, 7.131798, 9.643522, 1523438279748.7668
3.190477, 7.070583, 9.657515, 1523438279832.6270
3.213466, 6.99885, 9.656813, 1523438279916.9480
3.251717, 6.936333, 9.654297, 1523438280000.8540
3.299851, 6.89123, 9.638487, 1523438280083.8850
3.366825, 6.838294, 9.635995, 1523438280166.2708
3.42732, 6.789758, 9.63234, 1523438280248.1960
3.485262, 6.741831, 9.634922, 1523438280329.9370
3.545338, 6.698566, 9.641787, 1523438280411.4929
3.618989, 6.644328, 9.625473, 1523438280493.2800
3.680062, 6.604246, 9.634022, 1523438280575.5273
3.75144, 6.5737, 9.633531, 1523438280658.0974
3.807678, 6.556067, 9.627233, 1523438280741.1743
3.872803, 6.546369, 9.622859, 1523438280824.7119
3.947768, 6.53442, 9.624355, 1523438280908.4341
4.036052, 6.537119, 9.643017, 1523438280992.1099
4.119245, 6.524989, 9.649251, 1523438281076.3386
4.184906, 6.492443, 9.646661, 1523438281161.1204
4.262761, 6.469047, 9.649645, 1523438281245.7642
4.349604, 6.453674, 9.641119, 1523438281329.8086
4.432399, 6.436631, 9.635968, 1523438281413.3923
4.528189, 6.418026, 9.622866, 1523438281496.4695
4.622721, 6.396103, 9.636947, 1523438281579.2239
4.709429, 6.372066, 9.647868, 1523438281661.8860
4.791304, 6.372574, 9.639234, 1523438281744.6865
4.865754, 6.369604, 9.645079, 1523438281827.6711
4.946083, 6.377036, 9.635302, 1523438281910.8401
5.031494, 6.378224, 9.643502, 1523438281994.1934
5.123991, 6.394669, 9.621941, 1523438282077.8691
5.223074, 6.40202, 9.619017, 1523438282161.9136
5.311007, 6.409417, 9.63526, 1523438282246.2808
5.397551, 6.367961, 9.669114, 1523438282330.9705
5.473206, 6.366806, 9.670132, 1523438282415.3833
5.57643, 6.364874, 9.641991, 1523438282498.9670
5.659501, 6.384799, 9.631354, 1523438282581.8596
5.745602, 6.387903, 9.64435, 1523438282664.3835
5.801641, 6.401504, 9.652404, 1523438282746.5391
5.869769, 6.410408, 9.660235, 1523438282828.6946
5.951067, 6.397111, 9.658904, 1523438282911.2188
6.032417, 6.392076, 9.654621, 1523438282994.0649
6.105246, 6.399598, 9.660602, 1523438283077.1418
6.184168, 6.409218, 9.656808, 1523438283160.5413
6.268678, 6.425883, 9.642826, 1523438283244.0789
6.361838, 6.452422, 9.640736, 1523438283327.4783
6.451236, 6.483046, 9.662989, 1523438283410.7854
6.542702, 6.503874, 9.675088, 1523438283494.3230
6.635936, 6.512153, 9.661841, 1523438283578.2295
6.711464, 6.525075, 9.66285, 1523438283662.0437
6.791143, 6.539174, 9.662396, 1523438283745.4429
6.869965, 6.562963, 9.651634, 1523438283828.4277
6.96313, 6.566824, 9.623783, 1523438283910.9978
7.053593, 6.583349, 9.623825, 1523438283993.2910
7.135394, 6.596731, 9.645068, 1523438284075.4465
7.219834, 6.597891, 9.647342, 1523438284158.0166
7.308403, 6.588362, 9.659429, 1523438284241.1394
7.392611, 6.5921, 9.653835, 1523438284324.4470
7.471159, 6.604393, 9.658702, 1523438284407.8008
7.553714, 6.615277, 9.644948, 1523438284491.2461
7.642086, 6.628976, 9.640195, 1523438284574.6919
7.723523, 6.66586, 9.648232, 1523438284658.0916
7.795516, 6.689798, 9.657188, 1523438284741.7214
7.890864, 6.681401, 9.65876, 1523438284825.8582
7.976377, 6.671208, 9.650449, 1523438284910.0408
8.064131, 6.681414, 9.653192, 1523438284993.6702
8.151412, 6.693786, 9.641253, 1523438285076.7012
8.247235, 6.705421, 9.631293, 1523438285159.4097
8.338715, 6.706854, 9.640965, 1523438285241.9797
8.420087, 6.699109, 9.651176, 1523438285324.6421
8.52072, 6.695272, 9.643488, 1523438285407.4888
8.613431, 6.702625, 9.643552, 1523438285490.3816
8.697862, 6.703287, 9.657603, 1523438285573.5044
8.789527, 6.708418, 9.647063, 1523438285657.0422
8.887327, 6.702234, 9.620468, 1523438285740.9944
8.98144, 6.70691, 9.620013, 1523438285824.9009
9.074985, 6.736744, 9.635395, 1523438285908.4387
9.164477, 6.743131, 9.652392, 1523438285992.2529
9.249757, 6.714506, 9.659708, 1523438286076.6660
9.329819, 6.690431, 9.659348, 1523438286161.0330
9.420029, 6.678791, 9.648372, 1523438286244.7092
9.517326, 6.685031, 9.63126, 1523438286327.5559
9.604174, 6.681909, 9.625154, 1523438286409.7576
9.687079, 6.666849, 9.643142, 1523438286491.7747
9.760285, 6.65012, 9.646536, 1523438286573.9304
9.84363, 6.63606, 9.653616, 1523438286656.3162
9.914142, 6.634614, 9.660449, 1523438286739.0706
9.986764, 6.622182, 9.673454, 1523438286822.2397
10.05855, 6.606802, 9.643355, 1523438286905.7319
10.152939, 6.583467, 9.640853, 1523438286989.4998
10.23976, 6.587989, 9.649014, 1523438287073.1758
10.326351, 6.595941, 9.669932, 1523438287156.8059
10.412128, 6.572266, 9.675756, 1523438287240.7124
10.498483, 6.537411, 9.67389, 1523438287324.5266
10.58119, 6.517353, 9.658702, 1523438287407.7881
10.670164, 6.497109, 9.663644, 1523438287490.6348
10.752974, 6.472482, 9.653045, 1523438287573.2974
10.819078, 6.43846, 9.659868, 1523438287655.8215
10.883191, 6.399126, 9.674191, 1523438287738.2075
10.937876, 6.36428, 9.675937, 1523438287820.9158
11.006376, 6.339295, 9.668074, 1523438287903.9470
11.082561, 6.313704, 9.67175, 1523438287987.3464
11.154747, 6.279275, 9.653979, 1523438288071.0686
11.232866, 6.249739, 9.643558, 1523438288155.0671
11.324451, 6.20811, 9.646974, 1523438288239.1118
11.404186, 6.174412, 9.665983, 1523438288323.2026
11.469933, 6.115728, 9.672688, 1523438288407.6616
11.525257, 6.042176, 9.658692, 1523438288492.4897
11.579514, 5.973817, 9.652425, 1523438288576.9028
11.626499, 5.915572, 9.637321, 1523438288660.5330
11.682682, 5.840932, 9.632855, 1523438288743.5642
11.722477, 5.766721, 9.597733, 1523438288825.9500
11.762012, 5.700248, 9.632534, 1523438288907.9670
11.778951, 5.631619, 9.638937, 1523438288990.0764
11.787006, 5.562288, 9.648032, 1523438289072.6006
11.80818, 5.500038, 9.650746, 1523438289155.6316
11.833304, 5.430757, 9.648937, 1523438289238.9854
11.851259, 5.360516, 9.624587, 1523438289322.2007
11.894021, 5.280446, 9.623402, 1523438289405.0474
11.947413, 5.194075, 9.629755, 1523438289487.6177
11.989997, 5.116431, 9.650144, 1523438289570.2798
12.011435, 5.030907, 9.646966, 1523438289653.5874
12.008625, 4.931539, 9.651976, 1523438289737.1714
12.026157, 4.853246, 9.647051, 1523438289820.3870
12.043158, 4.76419, 9.645873, 1523438289903.0955
12.049644, 4.683155, 9.638103, 1523438289985.6196
12.043502, 4.595295, 9.622083, 1523438290068.1899
12.036222, 4.517114, 9.629486, 1523438290150.7141
12.020184, 4.418898, 9.616546, 1523438290233.4226
11.985269, 4.33216, 9.62188, 1523438290316.6382
11.972117, 4.242638, 9.633856, 1523438290400.0835
11.961822, 4.168988, 9.592459, 1523438290483.8977
11.939783, 4.082712, 9.59866, 1523438290567.9421
11.924517, 3.988607, 9.589338, 1523438290652.0330
11.918405, 3.892901, 9.593657, 1523438290735.9392
11.907019, 3.805865, 9.611889, 1523438290819.7993
11.888179, 3.731669, 9.632807, 1523438290903.7061
11.828074, 3.664022, 9.620799, 1523438290988.0730
11.777651, 3.586277, 9.626704, 1523438291072.4402
11.73981, 3.512619, 9.626256, 1523438291156.2546
11.691332, 3.435992, 9.599878, 1523438291239.4238
11.632024, 3.369897, 9.606224, 1523438291322.1323
11.57293, 3.322365, 9.617219, 1523438291404.4265
11.510783, 3.285069, 9.625817, 1523438291486.7205
11.45602, 3.24932, 9.631359, 1523438291569.3828
11.391463, 3.205091, 9.627832, 1523438291652.3218
11.334523, 3.156722, 9.642611, 1523438291735.4451
11.283124, 3.101315, 9.61937, 1523438291818.6140
11.207152, 3.053738, 9.587502, 1523438291901.6912
11.162581, 2.995666, 9.588916, 1523438291984.6301
11.109072, 2.938275, 9.606095, 1523438292067.4309
11.044572, 2.892622, 9.59883, 1523438292150.6921
10.961269, 2.871375, 9.60366, 1523438292234.4146
10.889265, 2.849274, 9.604947, 1523438292317.9983
10.810643, 2.815241, 9.60502, 1523438292400.9832
10.743522, 2.77501, 9.591125, 1523438292483.5999
10.66358, 2.742833, 9.593343, 1523438292565.9858
10.594633, 2.714336, 9.593711, 1523438292648.1416
10.547179, 2.690729, 9.608818, 1523438292730.2048
10.476824, 2.662297, 9.608073, 1523438292812.4985
10.435475, 2.650624, 9.638178, 1523438292895.2993
10.352242, 2.600925, 9.638493, 1523438292978.5608
10.278009, 2.572813, 9.620014, 1523438293062.0986
10.205713, 2.543049, 9.619514, 1523438293145.8669
10.148991, 2.517723, 9.603868, 1523438293229.8193
10.088659, 2.505801, 9.60005, 1523438293314.0027
10.031188, 2.479639, 9.615304, 1523438293398.2317
9.96419, 2.454104, 9.60496, 1523438293482.3228
9.900067, 2.440839, 9.609265, 1523438293565.9988
9.850016, 2.418868, 9.611844, 1523438293649.1221
9.780621, 2.402058, 9.59779, 1523438293731.8767
9.726966, 2.376945, 9.601406, 1523438293814.2627
9.676979, 2.354637, 9.589114, 1523438293896.4185
9.625684, 2.337611, 9.609509, 1523438293978.6663
9.571562, 2.32735, 9.59756, 1523438294061.0981
9.523723, 2.30539, 9.580406, 1523438294143.8066
9.487543, 2.27212, 9.600954, 1523438294226.7454
9.453507, 2.226303, 9.595366, 1523438294309.8223
9.415715, 2.176009, 9.583596, 1523438294393.2219
9.36154, 2.134897, 9.548734, 1523438294477.0364
9.315891, 2.09493, 9.556104, 1523438294561.0347
9.280041, 2.043473, 9.580833, 1523438294645.1252
9.226187, 1.997552, 9.584621, 1523438294729.4924
9.178808, 1.974878, 9.585799, 1523438294814.1821
9.118409, 1.943078, 9.565521, 1523438294898.9639
9.061966, 1.901076, 9.560593, 1523438294983.3308
9.014958, 1.868781, 9.564663, 1523438295067.2832
8.967675, 1.832616, 9.569335, 1523438295151.0051
8.908517, 1.808245, 9.550303, 1523438295234.2664
8.843856, 1.770461, 9.554168, 1523438295317.0210
8.815649, 1.751625, 9.562814, 1523438295399.4526
8.761894, 1.729698, 9.561108, 1523438295482.0227
8.715535, 1.698632, 9.592881, 1523438295564.9155
8.680955, 1.675796, 9.598451, 1523438295647.9927
8.628217, 1.643558, 9.596228, 1523438295731.2537
8.553029, 1.604299, 9.562375, 1523438295814.7915
8.49983, 1.575448, 9.556862, 1523438295898.4678
8.456608, 1.527222, 9.567199, 1523438295982.0515
8.407519, 1.486969, 9.580835, 1523438296065.6355
8.343601, 1.4532, 9.582319, 1523438296149.3574
8.266573, 1.431597, 9.55626, 1523438296233.2178
8.206869, 1.415379, 9.575299, 1523438296316.8474
8.15084, 1.384616, 9.572333, 1523438296400.0166
8.078835, 1.3615, 9.561198, 1523438296482.8633
8.002629, 1.347214, 9.551182, 1523438296565.5720
7.941391, 1.333464, 9.574682, 1523438296648.0039
7.882051, 1.330658, 9.581757, 1523438296730.3896
7.802113, 1.332423, 9.556454, 1523438296813.1440
7.72605, 1.360066, 9.592657, 1523438296896.1287
7.654086, 1.332255, 9.59023, 1523438296979.2056
7.59416, 1.293143, 9.549988, 1523438297062.3750
7.524024, 1.271953, 9.550297, 1523438297145.7747
7.444924, 1.242016, 9.550077, 1523438297229.2661
7.367825, 1.222672, 9.566635, 1523438297312.9419
7.292695, 1.213532, 9.583068, 1523438297396.8484
7.191846, 1.220971, 9.58744, 1523438297480.9387
7.121779, 1.227027, 9.583035, 1523438297564.8452
7.051451, 1.234092, 9.578188, 1523438297648.2449
6.971675, 1.23678, 9.559893, 1523438297731.0918
6.894719, 1.249201, 9.542678, 1523438297813.6619
6.818528, 1.265644, 9.565512, 1523438297896.0479
6.748057, 1.26383, 9.586721, 1523438297978.5720
6.679644, 1.29512, 9.5729, 1523438298061.3723
6.59821, 1.3092, 9.583921, 1523438298144.6338
6.527863, 1.335013, 9.563829, 1523438298228.1255
6.452624, 1.352336, 9.568862, 1523438298311.7554
6.370522, 1.36926, 9.551227, 1523438298395.4775
6.278694, 1.380577, 9.58141, 1523438298479.1077
6.179211, 1.388615, 9.587049, 1523438298562.5530
6.087275, 1.424989, 9.584895, 1523438298646.5054
6.029991, 1.482629, 9.583052, 1523438298730.8726
5.960033, 1.537892, 9.575832, 1523438298814.9172
5.895039, 1.585431, 9.566345, 1523438298898.0864
5.821521, 1.627231, 9.550097, 1523438298980.7026
5.762785, 1.689781, 9.544586, 1523438299063.0425
5.704947, 1.745655, 9.551488, 1523438299145.1978
5.653228, 1.798403, 9.563337, 1523438299227.3530
5.604656, 1.852588, 9.583136, 1523438299309.7390
5.558473, 1.903512, 9.582727, 1523438299392.6780
5.498793, 1.962797, 9.574511, 1523438299476.0776
5.439988, 2.03195, 9.560783, 1523438299559.6155
5.373882, 2.091069, 9.559822, 1523438299643.1533
5.299834, 2.144719, 9.582177, 1523438299726.6453
5.235785, 2.205165, 9.578835, 1523438299810.2292
5.188293, 2.279469, 9.585212, 1523438299894.1819
5.165513, 2.355956, 9.600917, 1523438299978.1343
5.119596, 2.42556, 9.610527, 1523438300061.2576
5.062551, 2.468252, 9.598418, 1523438300143.5515
5.008611, 2.502567, 9.601133, 1523438300225.6609
4.965919, 2.587608, 9.594293, 1523438300308.0466
4.933698, 2.668877, 9.590411, 1523438300390.6628
4.89131, 2.73722, 9.600414, 1523438300473.4175
4.854194, 2.825517, 9.605545, 1523438300556.7249
4.818573, 2.901272, 9.607931, 1523438300640.6313
4.780779, 2.987587, 9.596, 1523438300724.8606
4.738636, 3.073111, 9.588944, 1523438300809.2278
4.694186, 3.151962, 9.577351, 1523438300893.4565
4.643934, 3.223176, 9.590778, 1523438300977.5012
4.606791, 3.331346, 9.591406, 1523438301061.5923
4.591617, 3.419906, 9.592334, 1523438301145.7290
4.572854, 3.502229, 9.609808, 1523438301229.2207
4.536486, 3.5653, 9.603744, 1523438301311.6528
4.507174, 3.63148, 9.593528, 1523438301393.5320
4.474689, 3.704175, 9.604139, 1523438301475.1807
4.451922, 3.75512, 9.6179, 1523438301556.6912
4.419554, 3.818558, 9.623775, 1523438301638.3862
4.399986, 3.896518, 9.595781, 1523438301720.7725
4.380949, 3.969588, 9.62496, 1523438301803.8958
4.351141, 4.029456, 9.620021, 1523438301887.3875
4.303479, 4.098583, 9.625107, 1523438301971.1096
4.251728, 4.190254, 9.595634, 1523438302055.0164
4.188396, 4.270993, 9.609063, 1523438302138.8767
4.124689, 4.348567, 9.619591, 1523438302222.7371
4.085927, 4.424897, 9.620442, 1523438302306.8279
4.056359, 4.505601, 9.608574, 1523438302391.0569
4.01985, 4.583565, 9.613312, 1523438302475.0095
3.991949, 4.659483, 9.605859, 1523438302558.5935
3.981256, 4.743659, 9.590257, 1523438302642.1316
3.97437, 4.827257, 9.593697, 1523438302725.3931
3.966277, 4.909551, 9.611835, 1523438302808.2397
3.971407, 4.962486, 9.625678, 1523438302891.1326
3.973858, 5.038835, 9.638218, 1523438302974.5325
3.973366, 5.11044, 9.638668, 1523438303058.3010
3.982585, 5.181319, 9.639451, 1523438303142.3459
4.000309, 5.258369, 9.635381, 1523438303226.4370
4.012598, 5.338399, 9.634953, 1523438303310.2976
4.022648, 5.417807, 9.631408, 1523438303393.8354
4.048121, 5.492862, 9.624496, 1523438303477.4658
4.099214, 5.550433, 9.64306, 1523438303561.5566
4.142603, 5.621773, 9.638918, 1523438303645.5093
4.185719, 5.689755, 9.639033, 1523438303728.6790
4.227766, 5.761018, 9.617261, 1523438303811.1572
4.282053, 5.823645, 9.617005, 1523438303893.2209
4.342509, 5.873042, 9.618872, 1523438303974.9155
4.405971, 5.93777, 9.630277, 1523438304056.5183
4.463963, 5.982149, 9.629104, 1523438304138.3057
4.523627, 6.026759, 9.638919, 1523438304220.4612
4.574347, 6.073343, 9.640472, 1523438304302.9856
4.640817, 6.118857, 9.62774, 1523438304385.8325
4.703326, 6.180295, 9.61582, 1523438304468.9097
4.75684, 6.230656, 9.61969, 1523438304552.2175
4.818471, 6.27614, 9.632755, 1523438304635.6177
4.890574, 6.324761, 9.629332, 1523438304719.2942
4.98251, 6.354642, 9.633713, 1523438304803.3850
5.065033, 6.37728, 9.639256, 1523438304887.5684
5.143958, 6.40292, 9.627787, 1523438304971.2903
5.216864, 6.44509, 9.619881, 1523438305054.3677
5.301608, 6.48459, 9.623551, 1523438305136.9380
5.389261, 6.510877, 9.616765, 1523438305219.3242
5.478441, 6.519729, 9.641201, 1523438305301.7563
5.567606, 6.536244, 9.645178, 1523438305384.6030
5.657058, 6.549249, 9.653047, 1523438305467.8647
5.738452, 6.560847, 9.654338, 1523438305551.4028
5.827194, 6.577764, 9.616784, 1523438305635.0332
5.917442, 6.597335, 9.63243, 1523438305718.7092
6.007725, 6.616404, 9.625911, 1523438305802.4316
6.099897, 6.642796, 9.651924, 1523438305886.1077
6.19647, 6.651814, 9.658621, 1523438305969.9683
6.286101, 6.639497, 9.658039, 1523438306054.1516
6.388028, 6.622916, 9.651449, 1523438306138.0583
6.466673, 6.632034, 9.652898, 1523438306221.3662
6.554707, 6.634799, 9.644137, 1523438306304.2129
6.635086, 6.635447, 9.644864, 1523438306386.7371
6.720143, 6.627938, 9.645092, 1523438306469.1233
6.814234, 6.62354, 9.646677, 1523438306551.6475
6.920764, 6.622556, 9.649425, 1523438306634.3564
7.015914, 6.632617, 9.643293, 1523438306717.2493
7.104676, 6.64988, 9.636414, 1523438306800.2805
7.205299, 6.655506, 9.611126, 1523438306883.5420
7.312666, 6.662443, 9.601176, 1523438306967.1721
7.386241, 6.676077, 9.634504, 1523438307050.9868
7.476931, 6.679067, 9.650842, 1523438307135.0779
7.571248, 6.666587, 9.659928, 1523438307219.3066
7.658678, 6.655437, 9.663703, 1523438307303.3516
7.748798, 6.651895, 9.652155, 1523438307386.8899
7.848345, 6.660736, 9.643735, 1523438307469.7832
7.952075, 6.667755, 9.635148, 1523438307552.3997
8.041508, 6.664524, 9.649599, 1523438307634.9241
8.135823, 6.658091, 9.659528, 1523438307717.4482
8.234543, 6.652231, 9.661071, 1523438307800.3411
8.330384, 6.655632, 9.662477, 1523438307883.5105
8.423849, 6.661664, 9.647363, 1523438307966.8181
8.527697, 6.668537, 9.627888, 1523438308050.2639
8.634369, 6.671376, 9.610678, 1523438308133.8938
8.732033, 6.683893, 9.622007, 1523438308217.5244
8.838029, 6.690964, 9.636889, 1523438308301.4312
8.930002, 6.669559, 9.621968, 1523438308385.9368
9.02342, 6.633256, 9.624392, 1523438308470.6267
9.12034, 6.618042, 9.620642, 1523438308554.5793
9.216626, 6.624661, 9.623347, 1523438308637.6565
9.313994, 6.629607, 9.611365, 1523438308719.9507
9.402893, 6.62737, 9.621769, 1523438308802.0601
9.485622, 6.613584, 9.634602, 1523438308884.3076
9.579844, 6.597221, 9.638493, 1523438308966.7859
9.660201, 6.600786, 9.645567, 1523438309049.5867
9.75073, 6.596951, 9.6403, 1523438309132.7100
9.845156, 6.586596, 9.633279, 1523438309216.2019
9.929947, 6.582523, 9.626047, 1523438309299.8782
10.026335, 6.586532, 9.648716, 1523438309383.6924
10.125471, 6.60108, 9.657952, 1523438309467.5994
10.228415, 6.589381, 9.651891, 1523438309551.6443
10.327724, 6.563739, 9.650553, 1523438309635.4590
10.420437, 6.544892, 9.664459, 1523438309718.6287
10.513476, 6.549815, 9.65447, 1523438309801.0613
10.602202, 6.543128, 9.646605, 1523438309883.1711
10.677129, 6.532273, 9.647264, 1523438309965.0962
10.750749, 6.513638, 9.664848, 1523438310047.2981
10.830424, 6.494343, 9.669344, 1523438310130.0530
10.91087, 6.48656, 9.667675, 1523438310213.2222
11.000654, 6.480634, 9.652161, 1523438310296.7144
11.094831, 6.478709, 9.660901, 1523438310380.3909
11.186378, 6.477887, 9.646846, 1523438310464.2053
11.278926, 6.484033, 9.643547, 1523438310548.2502
11.368512, 6.4834, 9.662189, 1523438310632.5720
11.468182, 6.47917, 9.660782, 1523438310716.9856
11.555326, 6.476258, 9.661314, 1523438310800.9844
11.640485, 6.495884, 9.662027, 1523438310884.2463
11.726933, 6.518308, 9.648227, 1523438310967.0471
11.806769, 6.526026, 9.647423, 1523438311049.8020
11.886065, 6.526183, 9.658529, 1523438311132.6951
11.972661, 6.544466, 9.665086, 1523438311215.5422
12.049125, 6.570055, 9.661508, 1523438311298.4812
12.132636, 6.593851, 9.665546, 1523438311381.7429
12.203986, 6.620674, 9.664824, 1523438311465.3271
12.278962, 6.649545, 9.660398, 1523438311549.1421
12.352019, 6.687707, 9.658599, 1523438311633.0491
12.406548, 6.729707, 9.680093, 1523438311716.9553
12.481864, 6.785124, 9.687889, 1523438311800.9082
12.563723, 6.822204, 9.687911, 1523438311885.0916
12.650533, 6.857069, 9.682281, 1523438311969.1365
12.726235, 6.902597, 9.67015, 1523438312052.6746
12.808401, 6.950459, 9.67301, 1523438312135.8440
12.885466, 6.990683, 9.661432, 1523438312218.9214
12.963549, 7.026572, 9.67262, 1523438312301.7222
13.02949, 7.068831, 9.68081, 1523438312384.3386
13.094995, 7.11352, 9.688842, 1523438312466.9092
13.157492, 7.16098, 9.692796, 1523438312549.6638
13.214763, 7.20636, 9.679831, 1523438312632.6492
13.32881, 7.262436, 9.661462, 1523438312715.8647
13.377547, 7.311275, 9.661284, 1523438312799.2646
13.420099, 7.350331, 9.67366, 1523438312882.7104
13.46666, 7.403685, 9.694072, 1523438312966.4329
13.530399, 7.448978, 9.697222, 1523438313050.3855
13.606856, 7.498718, 9.685856, 1523438313134.2463
13.67082, 7.550201, 9.688829, 1523438313217.6001
13.722233, 7.589528, 9.687579, 1523438313300.3091
13.7713, 7.630485, 9.669037, 1523438313382.6956
13.833548, 7.657776, 9.676531, 1523438313465.1279
13.888442, 7.687579, 9.681827, 1523438313547.7905
13.949923, 7.721066, 9.678656, 1523438313630.4067
13.997356, 7.766034, 9.66688, 1523438313713.1614
14.052123, 7.785141, 9.676243, 1523438313796.2849
14.097733, 7.808455, 9.676651, 1523438313879.7310
14.13329, 7.840784, 9.651912, 1523438313963.2690
14.151862, 7.865567, 9.653399, 1523438314047.0378
14.191694, 7.893046, 9.594031, 1523438314130.8984
14.218631, 7.928752, 9.548661, 1523438314214.5286
14.238566, 7.97801, 9.515791, 1523438314297.8821
14.252168, 8.031468, 9.489212, 1523438314380.6831
14.265033, 8.077401, 9.484636, 1523438314463.2537
14.289099, 8.096279, 9.485798, 1523438314545.9626
14.322832, 8.11953, 9.47597, 1523438314628.7178
14.340288, 8.144201, 9.438174, 1523438314711.3342
14.377887, 8.168848, 9.384245, 1523438314794.1812
14.431674, 8.181173, 9.344381, 1523438314877.5349
14.493199, 8.193528, 9.311517, 1523438314961.4419
14.55094, 8.216834, 9.309363, 1523438315045.6252
14.580673, 8.251306, 9.318122, 1523438315129.3940
14.606197, 8.289532, 9.301591, 1523438315212.8862
14.648174, 8.316156, 9.277122, 1523438315296.5630
14.699615, 8.345638, 9.233003, 1523438315380.4697
14.734254, 8.392505, 9.19162, 1523438315464.1001
14.758195, 8.458951, 9.150492, 1523438315547.2239
14.789207, 8.530795, 9.115229, 1523438315629.9785
14.828389, 8.580099, 9.116982, 1523438315712.7334
14.873843, 8.618558, 9.115375, 1523438315795.4426
14.907298, 8.660752, 9.088286, 1523438315878.0132
14.945046, 8.700191, 9.048199, 1523438315960.6299
14.990968, 8.726782, 9.016022, 1523438316043.6614
15.043241, 8.768648, 8.980982, 1523438316126.9690
15.093909, 8.81833, 8.961881, 1523438316210.4609
15.130369, 8.874285, 8.980941, 1523438316293.9070
15.155328, 8.943823, 8.980641, 1523438316377.3071
15.189705, 9.004112, 8.971886, 1523438316460.9839
15.235675, 9.060793, 8.96441, 1523438316545.0291
15.274856, 9.134813, 8.979613, 1523438316628.9819
15.294021, 9.197583, 8.977002, 1523438316712.7507
15.330765, 9.257912, 8.982308, 1523438316796.4731
15.373776, 9.317067, 8.986962, 1523438316879.9189
15.399052, 9.371139, 8.983258, 1523438316962.7200
15.415153, 9.415061, 8.972548, 1523438317044.9680
15.432599, 9.458834, 8.968187, 1523438317126.9395
15.453786, 9.496129, 8.966358, 1523438317208.8652
15.488703, 9.545052, 8.957797, 1523438317291.2976
15.523537, 9.595651, 8.948936, 1523438317374.3750
15.538472, 9.650889, 8.951026, 1523438317457.6370
15.549047, 9.690887, 8.952406, 1523438317541.2212
15.56059, 9.745719, 8.920597, 1523438317625.4045
15.569309, 9.799038, 8.871607, 1523438317709.7720
15.557732, 9.856036, 8.821626, 1523438317793.7712
15.535068, 9.90458, 8.790598, 1523438317877.2173
15.517631, 9.948742, 8.786271, 1523438317960.3867
15.519243, 9.99535, 8.787136, 1523438318043.6487
15.537753, 10.046576, 8.766306, 1523438318126.9104
15.542121, 10.093105, 8.724232, 1523438318209.9875
15.539883, 10.135725, 8.664751, 1523438318292.8809
15.548162, 10.187453, 8.622309, 1523438318376.0505
15.566631, 10.258545, 8.57793, 1523438318459.6809
15.579104, 10.328819, 8.566767, 1523438318543.4036
15.569438, 10.381068, 8.573217, 1523438318626.9419
15.56462, 10.422632, 8.564829, 1523438318710.5261
15.568941, 10.471137, 8.531665, 1523438318794.4329
15.57045, 10.52821, 8.477614, 1523438318878.4319
15.548375, 10.585571, 8.435622, 1523438318961.9241
15.517754, 10.655363, 8.410058, 1523438319044.6790
15.489747, 10.710658, 8.410601, 1523438319126.9275
15.490664, 10.765092, 8.418303, 1523438319209.3140
15.49645, 10.816552, 8.397276, 1523438319291.8381
15.491194, 10.863801, 8.363791, 1523438319374.2705
15.48188, 10.90692, 8.31844, 1523438319456.8872
15.487926, 10.967278, 8.274527, 1523438319540.1030
15.511465, 11.035367, 8.235494, 1523438319624.0562
15.52718, 11.08486, 8.235079, 1523438319708.2395
15.51449, 11.125428, 8.243127, 1523438319792.2385
15.502975, 11.170319, 8.223943, 1523438319876.0994
15.50718, 11.232223, 8.182036, 1523438319960.1904
15.518746, 11.290873, 8.121099, 1523438320044.3279
15.518472, 11.357265, 8.058412, 1523438320127.9585
15.497428, 11.431705, 8.023228, 1523438320210.8054
15.485192, 11.497754, 8.023648, 1523438320293.1458
15.496767, 11.54654, 8.037699, 1523438320375.4861
15.508405, 11.599345, 8.025957, 1523438320457.7805
15.512429, 11.643605, 7.993289, 1523438320539.8904
15.508743, 11.702082, 7.941593, 1523438320621.8159
15.511481, 11.76896, 7.891571, 1523438320704.0640
15.536969, 11.844665, 7.840641, 1523438320787.0491
15.560153, 11.909234, 7.833371, 1523438320870.6794
15.551595, 11.9701, 7.847522, 1523438320954.4480
15.541063, 12.026479, 7.83824, 1523438321038.2166
15.53928, 12.094911, 7.798665, 1523438321122.2617
15.548345, 12.156068, 7.747548, 1523438321206.4912
15.545844, 12.225752, 7.709305, 1523438321290.5823
15.528191, 12.300647, 7.690591, 1523438321374.1204
15.509205, 12.379817, 7.687257, 1523438321457.1057
15.500907, 12.445751, 7.703581, 1523438321539.8142
15.490781, 12.49577, 7.707864, 1523438321622.2009
15.471955, 12.548858, 7.698047, 1523438321704.3569
15.459456, 12.594101, 7.694926, 1523438321786.6511
15.475568, 12.65682, 7.701484, 1523438321869.7285
15.490287, 12.703329, 7.702796, 1523438321953.2207
15.478359, 12.738406, 7.694451, 1523438322036.5286
15.453959, 12.77112, 7.704496, 1523438322119.9285
15.432487, 12.797562, 7.701596, 1523438322203.5125
15.42597, 12.820067, 7.701596, 1523438322287.6038
15.411475, 12.827752, 7.713158, 1523438322371.9714
15.382045, 12.817337, 7.713901, 1523438322455.8782
15.350831, 12.832477, 7.702033, 1523438322539.5549
15.338979, 12.840528, 7.702303, 1523438322623.1851
15.332349, 12.846318, 7.6982, 1523438322706.6772
15.323187, 12.850219, 7.704201, 1523438322790.0771
15.316957, 12.850182, 7.697132, 1523438322873.2927
15.307419, 12.845939, 7.699104, 1523438322956.3242
15.29377, 12.831826, 7.701551, 1523438323038.9409
15.267899, 12.8174, 7.699861, 1523438323121.0508
15.237346, 12.798738, 7.704325, 1523438323202.7920
15.216363, 12.772932, 7.706071, 1523438323284.4868
15.197568, 12.743176, 7.702012, 1523438323366.4587
15.180259, 12.722143, 7.699711, 1523438323448.6606
15.170213, 12.694993, 7.700043, 1523438323531.0010
15.164196, 12.671284, 7.703893, 1523438323613.5715
15.16628, 12.664702, 7.702616, 1523438323696.3259
15.164716, 12.658679, 7.692957, 1523438323779.1731
15.156434, 12.677142, 7.694641, 1523438323862.3425
15.147509, 12.691084, 7.688661, 1523438323945.7886
15.15931, 12.664099, 7.684139, 1523438324029.1428
15.179041, 12.637968, 7.68401, 1523438324112.6350
15.199713, 12.622043, 7.691182, 1523438324196.5417
15.215029, 12.606148, 7.692835, 1523438324280.8633
15.248042, 12.578373, 7.692088, 1523438324365.3230
15.285585, 12.558424, 7.695123, 1523438324449.9211
15.313266, 12.540993, 7.697485, 1523438324534.7495
15.344199, 12.512682, 7.691817, 1523438324619.5317
15.387601, 12.482516, 7.695086, 1523438324703.9453
15.424054, 12.461731, 7.691979, 1523438324787.8984
15.461995, 12.442217, 7.691894, 1523438324871.2524
15.507356, 12.420845, 7.697297, 1523438324954.0991
15.54438, 12.429853, 7.682819, 1523438325036.4856
15.575999, 12.442519, 7.677895, 1523438325118.7339
15.591808, 12.456266, 7.691488, 1523438325201.0278
15.596995, 12.45204, 7.693761, 1523438325283.5522
15.599528, 12.449057, 7.696126, 1523438325366.2610
15.602564, 12.433917, 7.694496, 1523438325449.2463
15.5959, 12.462935, 7.692415, 1523438325532.3235
15.603904, 12.440615, 7.707353, 1523438325615.5854
15.603349, 12.456491, 7.700557, 1523438325699.1238
15.599874, 12.500156, 7.691441, 1523438325782.8921
15.597751, 12.535015, 7.694817, 1523438325866.7070
15.595419, 12.573789, 7.703536, 1523438325950.6602
15.584616, 12.614454, 7.707459, 1523438326034.8894
15.57718, 12.647545, 7.703563, 1523438326119.3035
15.567074, 12.678549, 7.708214, 1523438326203.6709
15.543719, 12.708994, 7.709264, 1523438326287.8545
15.516477, 12.740495, 7.706666, 1523438326371.5767
15.492222, 12.777638, 7.708726, 1523438326454.8845
15.469467, 12.795365, 7.7137, 1523438326537.8240
15.450311, 12.8114, 7.706438, 1523438326620.4868
15.443967, 12.818327, 7.70822, 1523438326703.1035
15.44132, 12.827175, 7.709227, 1523438326785.7202
15.44688, 12.821966, 7.710366, 1523438326868.4753
15.451346, 12.825245, 7.713469, 1523438326951.4604
15.468367, 12.8358, 7.710437, 1523438327034.7681
15.47965, 12.847166, 7.712051, 1523438327118.3064
15.484138, 12.8663, 7.709633, 1523438327201.9368
15.480968, 12.877653, 7.696723, 1523438327285.6592
15.476876, 12.883573, 7.689586, 1523438327369.6123
15.467058, 12.893558, 7.686524, 1523438327453.6575
15.457782, 12.898536, 7.685269, 1523438327537.7949
15.442451, 12.910314, 7.679387, 1523438327621.8865
15.425059, 12.908029, 7.678662, 1523438327705.9316
15.409055, 12.906289, 7.68136, 1523438327789.8386
15.396419, 12.905067, 7.678503, 1523438327873.6995
15.382956, 12.898589, 7.684871, 1523438327957.4221
15.372938, 12.8942, 7.684575, 1523438328040.9143
15.361034, 12.888145, 7.688179, 1523438328124.1301
15.349974, 12.887871, 7.688004, 1523438328207.1614
15.337373, 12.884162, 7.687997, 1523438328290.1008
15.320217, 12.88701, 7.688145, 1523438328372.9021
15.304824, 12.888588, 7.689756, 1523438328455.5649
15.295179, 12.881288, 7.691164, 1523438328538.1357
15.272452, 12.879602, 7.691591, 1523438328620.7063
15.246077, 12.880647, 7.686478, 1523438328703.3230
15.221087, 12.886038, 7.674959, 1523438328786.1243
15.207349, 12.896568, 7.670676, 1523438328869.2478
15.179945, 12.914507, 7.671406, 1523438328952.4175
15.150122, 12.924391, 7.668357, 1523438329035.4028
15.116968, 12.954898, 7.658718, 1523438329118.3423
15.083457, 12.991413, 7.653371, 1523438329201.1895
15.052128, 13.024426, 7.650085, 1523438329283.8982
15.029629, 13.054739, 7.66286, 1523438329366.4229
15.009147, 13.089048, 7.686689, 1523438329448.9478
14.984238, 13.119277, 7.69185, 1523438329531.5647
14.945189, 13.158298, 7.68779, 1523438329614.5039
14.900121, 13.19025, 7.682916, 1523438329697.6274
14.853092, 13.216854, 7.681502, 1523438329780.9358
14.810369, 13.25267, 7.668152, 1523438329864.5662
14.794692, 13.265596, 7.630717, 1523438329948.4729
14.76268, 13.287457, 7.590397, 1523438330032.4717
14.722323, 13.31323, 7.55178, 1523438330116.3784
14.673286, 13.32143, 7.517653, 1523438330199.9165
14.615255, 13.338203, 7.496584, 1523438330282.9478
14.565938, 13.364305, 7.486458, 1523438330365.7949
14.533206, 13.391891, 7.481347, 1523438330448.5498
14.502043, 13.422864, 7.468955, 1523438330531.2588
14.47345, 13.463031, 7.428961, 1523438330613.8755
14.45399, 13.507204, 7.386833, 1523438330696.5383
14.422946, 13.54388, 7.352417, 1523438330779.4314
14.404481, 13.605723, 7.321817, 1523438330862.8315
14.377318, 13.637329, 7.32906, 1523438330946.3696
14.333412, 13.643903, 7.326484, 1523438331029.6772
14.284699, 13.662323, 7.304956, 1523438331113.1233
14.237668, 13.701192, 7.258014, 1523438331196.8921
14.19167, 13.743451, 7.20281, 1523438331280.7993
14.140484, 13.759868, 7.162427, 1523438331364.3840
14.073167, 13.778407, 7.131849, 1523438331447.3694
14.019021, 13.79949, 7.121971, 1523438331530.1707
13.975589, 13.833479, 7.109286, 1523438331613.0173
13.934851, 13.855756, 7.089773, 1523438331695.7263
13.889189, 13.873078, 7.0608, 1523438331778.3428
13.843637, 13.899769, 7.032649, 1523438331861.2361
13.798478, 13.942294, 6.993363, 1523438331944.8206
13.736195, 14.005517, 6.983663, 1523438332029.0039
13.68495, 14.035496, 6.995593, 1523438332113.1414
13.609301, 14.050286, 6.997478, 1523438332196.9102
13.529385, 14.069276, 6.971378, 1523438332280.6328
13.458476, 14.08409, 6.956141, 1523438332364.2629
13.388567, 14.068437, 6.972415, 1523438332447.4788
13.312625, 14.061239, 6.965808, 1523438332530.5566
13.233079, 14.079031, 6.960718, 1523438332613.8647
13.175919, 14.096349, 6.970633, 1523438332697.3108
13.126827, 14.104177, 6.970692, 1523438332780.6189
13.079549, 14.10983, 6.963986, 1523438332863.6501
13.024218, 14.120383, 6.973326, 1523438332946.6816
12.990444, 14.145037, 6.994474, 1523438333029.6208
12.954512, 14.160545, 6.987206, 1523438333112.2837
12.907285, 14.167308, 6.970105, 1523438333194.7161
12.858984, 14.184604, 6.972895, 1523438333277.5168
12.833858, 14.199895, 6.983422, 1523438333360.7788
12.811696, 14.213681, 6.97008, 1523438333444.3169
12.777702, 14.222151, 6.940108, 1523438333527.9937
12.739266, 14.215965, 6.899888, 1523438333611.7158
12.689178, 14.202242, 6.853386, 1523438333695.3000
12.647201, 14.16698, 6.824613, 1523438333778.5156
12.594178, 14.136288, 6.814535, 1523438333861.3625
12.547693, 14.125975, 6.815297, 1523438333944.3018
12.499086, 14.135703, 6.809476, 1523438334027.3333
12.45508, 14.134336, 6.783021, 1523438334110.3186
12.413649, 14.14086, 6.74241, 1523438334193.3037
12.366308, 14.163081, 6.69628, 1523438334276.7036
12.316077, 14.191869, 6.657397, 1523438334360.6567
12.256591, 14.21704, 6.632467, 1523438334445.1162
12.205215, 14.235783, 6.637303, 1523438334529.5298
12.155, 14.225717, 6.632833, 1523438334613.4832
12.098508, 14.214705, 6.609409, 1523438334697.1597
12.037704, 14.214959, 6.561752, 1523438334780.7441
12.002138, 14.191631, 6.517375, 1523438334864.1443
11.945747, 14.161263, 6.467844, 1523438334947.1296
11.879212, 14.119754, 6.4344, 1523438335029.6541
11.810627, 14.091684, 6.419106, 1523438335111.8557
11.767556, 14.084069, 6.427841, 1523438335194.3342
11.725179, 14.083323, 6.418118, 1523438335276.9514
11.688947, 14.084635, 6.390914, 1523438335359.6604
11.642844, 14.090039, 6.346352, 1523438335442.5078
11.598647, 14.111474, 6.311701, 1523438335525.7239
11.54454, 14.13673, 6.275912, 1523438335609.4004
11.469688, 14.168111, 6.245471, 1523438335693.6299
11.415848, 14.179404, 6.247076, 1523438335777.7673
11.370374, 14.174431, 6.245867, 1523438335861.5364
11.327291, 14.17224, 6.220178, 1523438335945.3511
11.281645, 14.18157, 6.165824, 1523438336029.2119
11.246295, 14.164413, 6.115947, 1523438336112.7046
11.184945, 14.125229, 6.082151, 1523438336195.4136
11.125128, 14.074474, 6.054842, 1523438336277.5237
11.075728, 14.05671, 6.065872, 1523438336359.7720
11.035437, 14.050444, 6.071698, 1523438336442.3430
10.994936, 14.045539, 6.042919, 1523438336524.9600
10.94204, 14.042656, 5.996377, 1523438336607.7151
10.89124, 14.058144, 5.94193, 1523438336691.0227
10.827369, 14.094649, 5.895885, 1523438336774.8833
10.759735, 14.127801, 5.869214, 1523438336859.3433
10.705347, 14.131598, 5.879379, 1523438336943.5266
10.660828, 14.102332, 5.881241, 1523438337026.9727
10.612247, 14.083705, 5.855881, 1523438337110.2346
10.564254, 14.088367, 5.804557, 1523438337193.7729
10.51571, 14.081857, 5.756437, 1523438337277.3110
10.457265, 14.04182, 5.712441, 1523438337360.2505
10.39788, 13.990936, 5.678691, 1523438337442.7290
10.337326, 13.965941, 5.681392, 1523438337525.3916
10.295165, 13.967574, 5.686978, 1523438337608.1465
10.267024, 13.955938, 5.676974, 1523438337690.8552
10.202188, 13.924776, 5.627323, 1523438337773.6565
10.13923, 13.92056, 5.579116, 1523438337856.9185
10.068868, 13.927035, 5.542116, 1523438337940.7334
9.994426, 13.934237, 5.519056, 1523438338024.8711
9.919106, 13.926104, 5.5062, 1523438338108.9624
9.858191, 13.899174, 5.515697, 1523438338192.6851
9.793501, 13.868244, 5.497862, 1523438338276.4080
9.735654, 13.850389, 5.454886, 1523438338360.2688
9.658932, 13.828454, 5.407629, 1523438338443.8538
9.601808, 13.78471, 5.37456, 1523438338526.6089
9.538758, 13.730182, 5.354692, 1523438338608.8113
9.467568, 13.690835, 5.342532, 1523438338691.0593
9.384559, 13.668499, 5.356719, 1523438338773.7224
9.31316, 13.642462, 5.345376, 1523438338856.5237
9.244131, 13.602351, 5.332398, 1523438338939.0483
9.173847, 13.557547, 5.329634, 1523438339021.5269
9.100802, 13.529786, 5.344854, 1523438339104.1897
9.043736, 13.492713, 5.350984, 1523438339187.0374
8.979402, 13.437913, 5.342083, 1523438339269.8384
8.945138, 13.383349, 5.346313, 1523438339352.6858
8.892419, 13.327085, 5.344902, 1523438339435.8096
8.848952, 13.267585, 5.324139, 1523438339519.3020
8.795546, 13.19902, 5.322404, 1523438339603.1628
8.753852, 13.118083, 5.334933, 1523438339687.0698
8.711589, 13.04915, 5.349081, 1523438339771.1611
8.667869, 12.984287, 5.350658, 1523438339855.0681
8.630957, 12.921597, 5.351913, 1523438339938.4224
8.609927, 12.85646, 5.340673, 1523438340021.3157
8.573277, 12.806757, 5.327096, 1523438340104.2090
8.52131, 12.778811, 5.340165, 1523438340187.4246
8.487844, 12.734034, 5.352474, 1523438340270.5486
8.445884, 12.682885, 5.331872, 1523438340353.7642
8.42102, 12.631171, 5.327147, 1523438340437.1641
8.403955, 12.585254, 5.333672, 1523438340520.7485
8.404874, 12.544448, 5.321878, 1523438340604.6096
8.388963, 12.507822, 5.299703, 1523438340688.7009
8.388178, 12.476315, 5.256882, 1523438340772.7922
8.400869, 12.428336, 5.210814, 1523438340856.7454
8.420604, 12.379395, 5.177819, 1523438340940.4221
8.440112, 12.327331, 5.159237, 1523438341023.7766
8.449751, 12.284865, 5.162011, 1523438341106.9922
8.44563, 12.243951, 5.15511, 1523438341190.0239
8.440873, 12.202326, 5.135787, 1523438341272.9175
8.434417, 12.1551, 5.100073, 1523438341355.6265
8.416975, 12.10493, 5.054641, 1523438341438.5198
8.388835, 12.043194, 5.002911, 1523438341521.6438
8.357677, 11.978677, 4.968845, 1523438341605.2283
8.336259, 11.911882, 4.959265, 1523438341689.0430
8.326685, 11.852214, 4.958722, 1523438341772.7197
8.329908, 11.799527, 4.945526, 1523438341856.3501
8.326568, 11.75574, 4.918598, 1523438341940.0725
8.323035, 11.709618, 4.878751, 1523438342023.7488
8.338339, 11.649249, 4.833366, 1523438342106.9644
8.366766, 11.587276, 4.788494, 1523438342189.7195
8.396885, 11.531305, 4.769919, 1523438342272.1057
8.413018, 11.482175, 4.777313, 1523438342354.5383
8.407534, 11.4422, 4.77917, 1523438342437.0627
8.414694, 11.398493, 4.746564, 1523438342519.3108
8.420377, 11.351149, 4.697679, 1523438342601.4207
8.410069, 11.30506, 4.652129, 1523438342683.8994
8.377565, 11.244525, 4.610991, 1523438342767.1150
8.344221, 11.182476, 4.591087, 1523438342850.9299
8.346271, 11.121367, 4.586775, 1523438342934.5603
8.371963, 11.084294, 4.590006, 1523438343017.9607
8.380195, 11.041857, 4.574574, 1523438343101.6372
8.365777, 10.987994, 4.526342, 1523438343185.8669
8.364144, 10.926103, 4.467331, 1523438343269.8201
8.408659, 10.865737, 4.426487, 1523438343352.9438
8.44985, 10.809556, 4.403602, 1523438343435.6067
8.471375, 10.75732, 4.403612, 1523438343518.2698
8.470732, 10.705103, 4.403605, 1523438343601.1172
8.474574, 10.643393, 4.372481, 1523438343683.8723
8.473246, 10.59384, 4.330751, 1523438343766.5354
8.474181, 10.541097, 4.279314, 1523438343849.5671
8.452159, 10.486344, 4.240436, 1523438343933.1057
8.408484, 10.423265, 4.217941, 1523438344017.3352
8.37213, 10.371083, 4.219553, 1523438344101.8416
8.374221, 10.331801, 4.217749, 1523438344185.9788
8.383347, 10.286139, 4.207787, 1523438344269.7478
8.384002, 10.234284, 4.176595, 1523438344353.6550
8.361671, 10.179406, 4.129135, 1523438344437.6082
8.362905, 10.111112, 4.073169, 1523438344521.1467
8.40147, 10.038033, 4.035611, 1523438344603.7639
8.450773, 9.978779, 4.027985, 1523438344685.7356
8.46553, 9.925938, 4.02979, 1523438344767.8918
8.452996, 9.874255, 4.015783, 1523438344850.3704
8.444525, 9.830221, 3.982861, 1523438344932.8491
8.448854, 9.788074, 3.940916, 1523438345015.2358
8.445307, 9.761297, 3.901006, 1523438345097.9451
8.419965, 9.7198, 3.869873, 1523438345181.2068
8.383285, 9.673194, 3.855339, 1523438345265.1140
8.383347, 9.620474, 3.853122, 1523438345348.8369
8.405774, 9.580791, 3.854133, 1523438345432.4214
8.412305, 9.532758, 3.826368, 1523438345516.0061
8.40992, 9.476517, 3.778529, 1523438345599.4988
8.428878, 9.4075, 3.72266, 1523438345682.6226
8.44428, 9.334121, 3.679654, 1523438345765.6084
8.451541, 9.260864, 3.661659, 1523438345848.5020
8.445981, 9.199865, 3.6568, 1523438345931.4414
8.430175, 9.14291, 3.645341, 1523438346014.2427
8.436565, 9.081113, 3.603964, 1523438346096.7673
8.437576, 9.03524, 3.556649, 1523438346179.2461
8.410168, 9.005175, 3.515384, 1523438346262.2778
8.37183, 8.956209, 3.490899, 1523438346346.0469
8.334046, 8.891302, 3.482787, 1523438346430.1843
8.335481, 8.837557, 3.480586, 1523438346514.0454
8.340198, 8.79656, 3.476559, 1523438346597.9065
8.331582, 8.750742, 3.445548, 1523438346681.9978
8.325377, 8.686892, 3.392608, 1523438346766.1353
8.339745, 8.627698, 3.334371, 1523438346849.6738
8.371284, 8.564919, 3.294306, 1523438346932.6594
8.398175, 8.508887, 3.282208, 1523438347015.4146
8.40411, 8.464999, 3.296658, 1523438347098.3540
8.404696, 8.407548, 3.286765, 1523438347181.2935
8.410812, 8.356153, 3.246288, 1523438347263.9565
8.419968, 8.309364, 3.194861, 1523438347346.6655
8.394085, 8.273531, 3.146165, 1523438347429.9736
8.361365, 8.223656, 3.113912, 1523438347513.8809
8.328115, 8.169782, 3.105996, 1523438347598.2949
8.330102, 8.112393, 3.104196, 1523438347682.4329
8.353845, 8.063863, 3.102395, 1523438347766.2478
8.36884, 8.014585, 3.067168, 1523438347850.0166
8.35939, 7.961171, 3.024849, 1523438347933.8777
8.375081, 7.901978, 2.961699, 1523438348017.1394
8.417529, 7.842007, 2.916862, 1523438348099.5720
8.471267, 7.78879, 2.896253, 1523438348181.3135
8.500442, 7.741724, 2.907791, 1523438348263.2852
8.491822, 7.696784, 2.897691, 1523438348345.7178
8.480855, 7.642899, 2.879886, 1523438348428.4270
8.492969, 7.589565, 2.843783, 1523438348511.0898
8.489206, 7.546282, 2.81091, 1523438348594.0293
8.468794, 7.493975, 2.768403, 1523438348677.4761
8.434696, 7.425294, 2.722239, 1523438348761.6135
8.39885, 7.354702, 2.712493, 1523438348846.2581
8.393472, 7.312058, 2.719391, 1523438348930.6257
8.403851, 7.27321, 2.717151, 1523438349014.5786
8.407781, 7.217464, 2.683133, 1523438349098.5317
8.397561, 7.17014, 2.63025, 1523438349182.5310
8.405395, 7.119232, 2.593646, 1523438349266.1155
8.440928, 7.064046, 2.554828, 1523438349348.9167
8.481548, 7.013271, 2.552359, 1523438349431.0730
8.504092, 6.963384, 2.555211, 1523438349513.2751
8.499722, 6.911278, 2.54847, 1523438349595.6616
8.494028, 6.853267, 2.529322, 1523438349678.1404
8.497518, 6.79376, 2.480406, 1523438349760.7112
8.484533, 6.74329, 2.435091, 1523438349843.7427
8.45442, 6.683311, 2.385852, 1523438349927.3271
8.425701, 6.60631, 2.342349, 1523438350011.2803
8.406983, 6.541227, 2.321795, 1523438350095.2795
8.410535, 6.495986, 2.343316, 1523438350179.0945
8.418917, 6.45024, 2.336627, 1523438350262.9097
8.411481, 6.398839, 2.30592, 1523438350346.7708
8.403178, 6.331883, 2.246083, 1523438350430.4937
8.413055, 6.251143, 2.195471, 1523438350513.5715
8.441634, 6.172215, 2.163125, 1523438350595.8660
8.45515, 6.09924, 2.159343, 1523438350678.3906
8.429559, 6.023416, 2.172745, 1523438350761.6067
8.400479, 5.944939, 2.170562, 1523438350844.9607
8.384632, 5.864987, 2.147108, 1523438350928.0842
8.374473, 5.794342, 2.132324, 1523438351011.1157
8.346553, 5.729291, 2.144855, 1523438351094.1936
8.328064, 5.673932, 2.144439, 1523438351177.1792
8.325362, 5.61544, 2.144325, 1523438351260.0266
8.319794, 5.569175, 2.160685, 1523438351343.1506
8.317148, 5.518119, 2.156161, 1523438351426.4124
8.317727, 5.45918, 2.145781, 1523438351509.8589
8.328241, 5.389339, 2.119834, 1523438351593.3052
8.339345, 5.307069, 2.078134, 1523438351676.8899
8.345577, 5.22048, 2.034167, 1523438351760.5667
8.338944, 5.125883, 2.001843, 1523438351844.6118
8.332751, 5.009181, 1.986301, 1523438351928.7493
8.330488, 4.895284, 1.994385, 1523438352012.5186
8.323217, 4.783619, 1.986698, 1523438352095.9187
8.321773, 4.662997, 1.968658, 1523438352178.7661
8.315368, 4.551088, 1.934041, 1523438352261.2910
8.289068, 4.458763, 1.950085, 1523438352343.9080
8.260227, 4.375832, 1.969364, 1523438352426.8933
8.246911, 4.297693, 1.989354, 1523438352510.0173
8.245651, 4.212856, 1.999347, 1523438352593.4177
8.232687, 4.127313, 1.988551, 1523438352677.1404
8.21804, 4.027543, 1.968418, 1523438352761.0474
8.198354, 3.924357, 1.954219, 1523438352845.0469
8.189128, 3.814615, 1.96225, 1523438352929.0461
8.155162, 3.715869, 1.965646, 1523438353013.4602
8.099106, 3.620588, 1.970999, 1523438353097.9663
8.057756, 3.535103, 1.97444, 1523438353181.9194
8.019271, 3.448929, 1.967112, 1523438353265.0894
7.974852, 3.374968, 1.959385, 1523438353347.7988
7.925298, 3.310413, 1.962519, 1523438353430.3694
7.862437, 3.265304, 1.972399, 1523438353512.9402
7.796665, 3.194401, 1.981459, 1523438353595.6030
7.750251, 3.136691, 1.991429, 1523438353678.4507
7.707592, 3.093094, 2.001197, 1523438353761.7588
7.642214, 3.034858, 1.986579, 1523438353845.2974
7.568176, 2.970479, 1.966989, 1523438353928.9280
7.504245, 2.903429, 1.968346, 1523438354012.3745
7.445706, 2.844363, 1.98259, 1523438354095.5444
7.377877, 2.797393, 1.981584, 1523438354178.9910
7.277536, 2.766372, 1.974669, 1523438354262.9900
7.184985, 2.73949, 1.969747, 1523438354346.8049
7.102095, 2.697276, 1.954765, 1523438354429.7903
7.016831, 2.655843, 1.945729, 1523438354511.9924
6.937437, 2.632942, 1.95021, 1523438354593.7800
6.864386, 2.630489, 1.974368, 1523438354675.7058
6.790215, 2.62777, 1.979562, 1523438354757.8623
6.705409, 2.595974, 1.981045, 1523438354840.0183
6.630121, 2.564673, 1.98285, 1523438354922.4048
6.556019, 2.540648, 1.988232, 1523438355005.2520
6.47668, 2.531593, 1.970161, 1523438355088.6521
6.406338, 2.510716, 1.960432, 1523438355172.3291
6.324341, 2.4886, 1.972397, 1523438355256.0522
6.242157, 2.449118, 1.981598, 1523438355339.5908
6.16364, 2.425716, 1.982929, 1523438355423.3596
6.082957, 2.434988, 1.989744, 1523438355507.5430
5.992783, 2.446677, 1.990475, 1523438355591.5884
5.922127, 2.446822, 1.99849, 1523438355675.1270
5.859181, 2.434067, 2.012447, 1523438355758.1589
5.791375, 2.441536, 1.993802, 1523438355840.9138
5.727053, 2.463204, 2.004519, 1523438355923.7612
5.668314, 2.482223, 2.011547, 1523438356006.5161
5.588251, 2.481793, 2.005799, 1523438356089.0869
5.532499, 2.47464, 2.011325, 1523438356171.7959
5.480603, 2.48016, 2.021314, 1523438356255.0581
5.42306, 2.485178, 2.00871, 1523438356338.7349
5.366882, 2.490071, 2.010635, 1523438356422.6880
5.309763, 2.477816, 2.009344, 1523438356506.7793
5.242643, 2.456263, 2.003128, 1523438356590.8708
5.176691, 2.453548, 2.008606, 1523438356675.1470
5.128303, 2.464906, 2.002778, 1523438356759.9756
5.077828, 2.476658, 2.002785, 1523438356844.5276
5.027526, 2.466861, 2.01529, 1523438356928.2964
5.006682, 2.464766, 2.017076, 1523438357011.4663
4.989439, 2.457673, 2.020853, 1523438357094.1294
4.974873, 2.461833, 2.023993, 1523438357176.3779
4.960163, 2.466154, 2.021979, 1523438357258.5342
4.956725, 2.476926, 2.028312, 1523438357340.7827
4.96067, 2.494671, 2.033081, 1523438357423.2151
4.956223, 2.494003, 2.027444, 1523438357505.6941
4.945741, 2.492759, 2.024793, 1523438357588.2192
4.940038, 2.497596, 2.016768, 1523438357670.9746
4.94351, 2.510329, 2.014823, 1523438357754.0063
4.947646, 2.504875, 2.016865, 1523438357836.9919
4.945242, 2.498104, 2.026534, 1523438357919.7012
4.951293, 2.494889, 2.022933, 1523438358002.3179
4.958406, 2.49932, 2.021146, 1523438358085.0732
4.961772, 2.506233, 2.019954, 1523438358168.0129
4.963656, 2.509062, 2.020822, 1523438358251.0911
4.96657, 2.498823, 2.016139, 1523438358334.2612
4.968696, 2.506523, 2.018801, 1523438358417.6616
4.965059, 2.518101, 2.014927, 1523438358501.4766
4.970352, 2.530975, 2.012336, 1523438358585.5681
4.968661, 2.538885, 2.013237, 1523438358669.7061
4.966103, 2.539742, 2.015206, 1523438358753.4751
4.966089, 2.53629, 2.015928, 1523438358837.0137
4.963824, 2.535475, 2.019527, 1523438358920.5061
4.965672, 2.540504, 2.012721, 1523438359003.7681
4.963886, 2.536434, 2.009669, 1523438359086.7078
4.964763, 2.532456, 2.013908, 1523438359169.5090
4.968562, 2.528813, 2.018008, 1523438359252.4023
4.97964, 2.537014, 2.013927, 1523438359335.4802
4.980805, 2.539947, 2.016727, 1523438359418.6965
4.977513, 2.550265, 2.019292, 1523438359502.2351
4.984307, 2.558269, 2.0172, 1523438359586.0503
4.992973, 2.569983, 2.017982, 1523438359669.8655
