1523433920711.0000
9.416567, 2.434902, 2.0869, 1523433920711.0000
9.415711, 2.43574, 2.080486, 1523433920794.2656
9.416231, 2.436483, 2.088771, 1523433920877.6223
9.418197, 2.43935, 2.089999, 1523433920960.9800
9.41567, 2.438097, 2.093436, 1523433921044.3840
9.419449, 2.438289, 2.093421, 1523433921127.7876
9.417704, 2.441861, 2.095519, 1523433921211.1445
9.416397, 2.444681, 2.10838, 1523433921294.4556
9.418402, 2.453675, 2.096681, 1523433921377.7209
9.41452, 2.456609, 2.10048, 1523433921460.8018
9.415227, 2.468091, 2.092033, 1523433921543.8367
9.418146, 2.479341, 2.084184, 1523433921626.8708
9.421164, 2.484663, 2.090734, 1523433921709.8599
9.422412, 2.48841, 2.082334, 1523433921792.8025
9.418907, 2.488611, 2.082617, 1523433921875.7910
9.417502, 2.495044, 2.089222, 1523433921958.8252
9.413315, 2.50779, 2.085953, 1523433922041.9065
9.408277, 2.51427, 2.079388, 1523433922125.0337
9.405047, 2.520641, 2.092384, 1523433922208.2534
9.396027, 2.528346, 2.081928, 1523433922291.4724
9.385973, 2.546556, 2.08268, 1523433922374.7378
9.370082, 2.563945, 2.069567, 1523433922458.0027
9.338877, 2.583564, 2.061611, 1523433922541.4062
9.324844, 2.590823, 2.071905, 1523433922624.9473
9.285769, 2.606746, 2.056324, 1523433922708.4895
9.243422, 2.616266, 2.059096, 1523433922791.9849
9.190599, 2.616084, 2.052737, 1523433922875.3892
9.144847, 2.607944, 2.040141, 1523433922958.7461
9.077328, 2.595351, 2.029572, 1523433923042.1040
8.995532, 2.578858, 2.031952, 1523433923125.5061
8.923858, 2.552619, 2.030693, 1523433923209.0481
8.84882, 2.564669, 2.04371, 1523433923292.9587
8.781768, 2.568933, 2.057399, 1523433923376.8694
8.727854, 2.57233, 2.060616, 1523433923460.6414
8.675833, 2.595046, 2.063396, 1523433923544.4590
8.637675, 2.636055, 2.067888, 1523433923628.2771
8.593913, 2.670373, 2.069943, 1523433923712.0950
8.5542, 2.719399, 2.062382, 1523433923795.6826
8.518503, 2.767625, 2.078053, 1523433923878.9932
8.481265, 2.824777, 2.07059, 1523433923962.4429
8.451489, 2.893805, 2.081185, 1523433924046.0303
8.409202, 2.922678, 2.095493, 1523433924129.8484
8.368322, 2.985634, 2.094839, 1523433924213.6204
8.321044, 3.034606, 2.077366, 1523433924297.1621
8.253713, 3.099383, 2.068379, 1523433924380.2427
8.19134, 3.118581, 2.054615, 1523433924463.0933
8.114152, 3.21335, 2.071014, 1523433924545.7593
8.066031, 3.273792, 2.051319, 1523433924628.6555
8.042053, 3.353012, 2.058299, 1523433924711.8284
8.021398, 3.430762, 2.058003, 1523433924794.6787
8.02184, 3.498174, 2.055498, 1523433924877.5298
8.031404, 3.579531, 2.04764, 1523433924959.9194
8.035739, 3.664115, 2.035612, 1523433925042.0320
8.050614, 3.745021, 2.032714, 1523433925124.0063
8.053759, 3.810311, 2.05647, 1523433925205.6123
8.067812, 3.884769, 2.064089, 1523433925287.3564
8.075143, 3.959399, 2.071392, 1523433925369.6072
8.075131, 4.034267, 2.071509, 1523433925452.2273
8.064795, 4.114767, 2.085302, 1523433925535.3540
8.04492, 4.205393, 2.078408, 1523433925618.6653
8.018953, 4.299684, 2.062007, 1523433925702.2527
7.9974, 4.407391, 2.066529, 1523433925786.1172
7.998685, 4.516224, 2.071568, 1523433925870.4878
8.009166, 4.606297, 2.077487, 1523433925954.9053
7.994763, 4.7019, 2.076991, 1523433926038.7229
8.012538, 4.781504, 2.082273, 1523433926122.4026
8.033669, 4.871113, 2.076504, 1523433926205.7593
8.043502, 4.973958, 2.057195, 1523433926288.9326
8.064498, 5.065449, 2.04883, 1523433926371.7827
8.06861, 5.167587, 2.058286, 1523433926454.2644
8.087064, 5.264578, 2.06743, 1523433926537.0686
8.093254, 5.367847, 2.07858, 1523433926620.1953
8.091387, 5.467033, 2.068088, 1523433926703.6448
8.095489, 5.569868, 2.058015, 1523433926787.2322
8.086316, 5.689298, 2.044055, 1523433926870.7739
8.073709, 5.8085, 2.051935, 1523433926954.1777
8.050129, 5.939416, 2.059109, 1523433927037.8105
8.04565, 6.050532, 2.09253, 1523433927121.8127
8.034255, 6.143609, 2.149432, 1523433927205.6765
8.041891, 6.198884, 2.199724, 1523433927289.6331
8.046332, 6.25604, 2.237548, 1523433927373.4053
8.065429, 6.323184, 2.247746, 1523433927457.0847
8.088489, 6.388207, 2.235631, 1523433927540.6721
8.101804, 6.469523, 2.223485, 1523433927624.0759
8.122221, 6.564184, 2.235172, 1523433927707.2026
8.149774, 6.663186, 2.24637, 1523433927790.0989
8.171914, 6.746702, 2.276749, 1523433927872.8572
8.191472, 6.81453, 2.320421, 1523433927955.6152
8.210761, 6.874985, 2.363712, 1523433928038.5574
8.214284, 6.918696, 2.409929, 1523433928121.6382
8.209108, 6.960924, 2.43619, 1523433928204.7192
8.201344, 7.001326, 2.441469, 1523433928287.8462
8.193629, 7.048324, 2.434868, 1523433928370.9727
8.180376, 7.10432, 2.434005, 1523433928454.0999
8.165431, 7.170776, 2.442898, 1523433928537.2732
8.150821, 7.236589, 2.465891, 1523433928620.7683
8.140081, 7.293469, 2.507034, 1523433928704.4944
8.129154, 7.33454, 2.554417, 1523433928788.2671
8.114699, 7.356705, 2.603351, 1523433928871.7625
8.105865, 7.37909, 2.625565, 1523433928954.9353
8.110829, 7.407262, 2.62945, 1523433929038.0623
8.119965, 7.442235, 2.625319, 1523433929121.1431
8.130271, 7.489459, 2.616555, 1523433929204.2700
8.146556, 7.545332, 2.603597, 1523433929287.3506
8.175815, 7.608328, 2.611857, 1523433929370.4773
8.192521, 7.663677, 2.661385, 1523433929453.4656
8.19817, 7.701721, 2.713839, 1523433929536.2698
8.199527, 7.721609, 2.767595, 1523433929619.0737
8.188578, 7.748641, 2.808973, 1523433929701.5554
8.16497, 7.783078, 2.811842, 1523433929783.8994
8.153889, 7.828263, 2.798357, 1523433929866.3809
8.142779, 7.879158, 2.806849, 1523433929948.9551
8.123586, 7.93976, 2.799463, 1523433930031.9900
8.111983, 8.005541, 2.826875, 1523433930115.7161
8.114841, 8.059375, 2.879439, 1523433930200.2253
8.123417, 8.088229, 2.94041, 1523433930285.1030
8.131472, 8.107262, 2.987422, 1523433930370.1189
8.155228, 8.130529, 3.011872, 1523433930454.9971
8.178376, 8.162091, 3.016091, 1523433930539.5984
8.193773, 8.205596, 3.016075, 1523433930623.6931
8.202643, 8.251095, 3.002007, 1523433930707.3267
8.222031, 8.316758, 3.000187, 1523433930790.5459
8.239272, 8.370268, 3.033519, 1523433930873.2581
8.245543, 8.428651, 3.089206, 1523433930955.5093
8.254118, 8.47067, 3.137635, 1523433931037.8071
8.265174, 8.508954, 3.168505, 1523433931120.1509
8.254366, 8.546391, 3.18391, 1523433931202.4939
8.252393, 8.590358, 3.173161, 1523433931284.8374
8.24143, 8.643256, 3.162116, 1523433931367.1812
8.221667, 8.703602, 3.163388, 1523433931449.7549
8.202347, 8.769365, 3.182254, 1523433931532.7434
8.187626, 8.830507, 3.222546, 1523433931616.6533
8.177715, 8.876918, 3.26856, 1523433931701.0244
8.179352, 8.917951, 3.313421, 1523433931785.5332
8.176315, 8.942498, 3.351288, 1523433931869.9043
8.188182, 8.964767, 3.356858, 1523433931953.9983
8.208266, 9.004906, 3.357571, 1523433932037.8167
8.223433, 9.061938, 3.352895, 1523433932121.3115
8.24992, 9.116134, 3.365952, 1523433932204.6226
8.267101, 9.169633, 3.405155, 1523433932287.2891
8.285477, 9.212452, 3.453814, 1523433932369.6785
8.306165, 9.236272, 3.503203, 1523433932451.9299
8.307573, 9.258069, 3.539222, 1523433932534.1809
8.311934, 9.288684, 3.548674, 1523433932616.6626
8.307873, 9.342662, 3.553082, 1523433932699.2827
8.299076, 9.380754, 3.545993, 1523433932782.0408
8.28128, 9.441937, 3.551012, 1523433932864.9832
8.255785, 9.509928, 3.57461, 1523433932948.2942
8.24985, 9.575977, 3.602674, 1523433933032.4348
8.251847, 9.620222, 3.641489, 1523433933116.9907
8.245057, 9.652947, 3.695447, 1523433933201.4077
8.234784, 9.685929, 3.722919, 1523433933285.4097
8.23848, 9.725865, 3.720121, 1523433933368.9971
8.247118, 9.776603, 3.719478, 1523433933452.1699
8.264368, 9.829604, 3.717578, 1523433933535.2041
8.282487, 9.883717, 3.736739, 1523433933618.0083
8.293272, 9.935332, 3.781153, 1523433933700.4441
8.308452, 9.968789, 3.835628, 1523433933782.8799
8.321568, 9.994566, 3.890674, 1523433933865.4536
8.318319, 10.015764, 3.920984, 1523433933948.0276
8.3129, 10.045282, 3.92113, 1523433934030.8315
8.303328, 10.08291, 3.912732, 1523433934113.7280
8.289999, 10.132814, 3.918829, 1523433934196.7170
8.272591, 10.190796, 3.920181, 1523433934279.9819
8.246263, 10.259149, 3.9473, 1523433934363.4771
8.238948, 10.321423, 3.989333, 1523433934447.6636
8.232335, 10.362036, 4.047439, 1523433934532.0806
8.22106, 10.393506, 4.090438, 1523433934616.2212
8.228414, 10.425631, 4.101764, 1523433934700.1316
8.228214, 10.467555, 4.108998, 1523433934783.6274
8.229662, 10.518881, 4.104656, 1523433934866.8005
8.231438, 10.574374, 4.117244, 1523433934949.8352
8.23244, 10.624877, 4.148019, 1523433935032.6389
8.228503, 10.674533, 4.198627, 1523433935115.1667
8.229139, 10.709437, 4.24485, 1523433935197.7869
8.225045, 10.746415, 4.281379, 1523433935280.4072
8.202496, 10.789844, 4.286866, 1523433935362.8889
8.188299, 10.841888, 4.276268, 1523433935445.4167
8.178492, 10.900798, 4.278148, 1523433935528.0825
8.17135, 10.963445, 4.287682, 1523433935611.0249
8.165698, 11.015779, 4.31881, 1523433935694.4277
8.170764, 11.069369, 4.355053, 1523433935778.4758
8.181455, 11.111896, 4.405615, 1523433935862.8469
8.189896, 11.142227, 4.458053, 1523433935947.0796
8.214034, 11.161107, 4.494628, 1523433936031.1736
8.248405, 11.190189, 4.496606, 1523433936115.1755
8.270255, 11.235722, 4.490345, 1523433936198.9011
8.274439, 11.293296, 4.491416, 1523433936282.2126
8.293192, 11.355108, 4.499778, 1523433936365.1553
8.299664, 11.411324, 4.539703, 1523433936447.6370
8.309494, 11.457659, 4.58916, 1523433936529.9800
8.314695, 11.491861, 4.62743, 1523433936612.4155
8.313902, 11.53208, 4.65609, 1523433936694.8516
8.302073, 11.567826, 4.663894, 1523433936777.4253
8.294215, 11.618218, 4.65397, 1523433936860.1375
8.286908, 11.672818, 4.657658, 1523433936943.0801
8.272125, 11.729683, 4.671324, 1523433937026.4373
8.255404, 11.785604, 4.71007, 1523433937110.4390
8.247176, 11.835809, 4.746474, 1523433937195.0405
8.245698, 11.874747, 4.797489, 1523433937279.7341
8.242104, 11.904006, 4.842778, 1523433937364.2432
8.255316, 11.93349, 4.855725, 1523433937448.4297
8.273275, 11.975571, 4.840828, 1523433937532.3396
8.284556, 12.04184, 4.840157, 1523433937615.9272
8.296889, 12.110742, 4.850805, 1523433937699.1921
8.304404, 12.186837, 4.875661, 1523433937781.8577
8.315159, 12.246072, 4.925838, 1523433937864.2471
8.325592, 12.287194, 4.975966, 1523433937946.6824
8.318398, 12.318665, 5.017553, 1523433938028.9797
8.313441, 12.343904, 5.03323, 1523433938111.3691
8.296633, 12.384069, 5.029505, 1523433938193.8972
8.277984, 12.43245, 5.037564, 1523433938276.5630
8.260808, 12.478696, 5.052076, 1523433938359.6438
8.238956, 12.531094, 5.08255, 1523433938443.2314
8.22804, 12.587729, 5.125633, 1523433938527.4641
8.222093, 12.634697, 5.179343, 1523433938612.0190
8.232224, 12.670618, 5.217497, 1523433938696.5745
8.250069, 12.704381, 5.240526, 1523433938780.9451
8.272323, 12.748516, 5.24485, 1523433938865.0393
8.290109, 12.792724, 5.237342, 1523433938948.6729
8.300812, 12.85271, 5.246089, 1523433939031.7996
8.298434, 12.903707, 5.279917, 1523433939114.2812
8.295118, 12.937163, 5.327606, 1523433939196.4858
8.292067, 12.964072, 5.362022, 1523433939278.8752
8.281734, 12.990871, 5.398251, 1523433939361.4031
8.264957, 13.008103, 5.41512, 1523433939443.9766
8.240301, 13.027361, 5.42181, 1523433939526.5964
8.207244, 13.05394, 5.4184, 1523433939609.3081
8.171379, 13.089673, 5.413768, 1523433939692.2046
8.125678, 13.126426, 5.410206, 1523433939775.1931
8.064738, 13.160172, 5.405728, 1523433939858.3201
7.991422, 13.186679, 5.414664, 1523433939941.5845
7.919246, 13.213075, 5.431044, 1523433940025.0337
7.8754, 13.240243, 5.437527, 1523433940108.4832
7.820895, 13.263373, 5.425014, 1523433940191.6555
7.777854, 13.291343, 5.424031, 1523433940274.6899
7.73001, 13.323471, 5.42887, 1523433940357.7708
7.678111, 13.361456, 5.425528, 1523433940440.8511
7.625361, 13.392473, 5.416155, 1523433940524.0696
7.572344, 13.419467, 5.4351, 1523433940607.0581
7.52105, 13.4393, 5.438794, 1523433940690.0466
7.482651, 13.479316, 5.4339, 1523433940773.4495
7.420162, 13.501605, 5.441597, 1523433940857.1289
7.35402, 13.519789, 5.433314, 1523433940941.2231
7.281621, 13.536022, 5.426957, 1523433941025.5942
7.214312, 13.540703, 5.42803, 1523433941110.1038
7.145982, 13.545491, 5.436306, 1523433941194.7971
7.068314, 13.564222, 5.433589, 1523433941279.4446
6.989965, 13.579231, 5.431016, 1523433941363.7231
6.920694, 13.585312, 5.429385, 1523433941447.4949
6.850538, 13.598023, 5.426164, 1523433941530.8059
6.784441, 13.620341, 5.419966, 1523433941613.8401
6.718927, 13.6387, 5.423945, 1523433941696.6443
6.645155, 13.662735, 5.440443, 1523433941779.4023
6.580167, 13.692556, 5.466644, 1523433941861.9756
6.534521, 13.710769, 5.506703, 1523433941944.4114
6.486167, 13.723078, 5.536104, 1523433942027.0774
6.442283, 13.740116, 5.568142, 1523433942110.0662
6.390959, 13.741568, 5.577025, 1523433942193.0088
6.329043, 13.740387, 5.568101, 1523433942275.9976
6.261937, 13.745194, 5.580682, 1523433942358.9402
6.205336, 13.744771, 5.600567, 1523433942441.9282
6.156666, 13.746032, 5.633646, 1523433942525.3774
6.106472, 13.75661, 5.675728, 1523433942609.3337
6.059082, 13.763847, 5.725481, 1523433942693.2437
6.025111, 13.777312, 5.759129, 1523433942776.8774
5.993241, 13.794162, 5.775157, 1523433942860.2808
5.948152, 13.811497, 5.776044, 1523433942943.4534
5.899188, 13.83362, 5.774412, 1523433943026.5337
5.843256, 13.85667, 5.789539, 1523433943109.3840
5.792971, 13.872492, 5.830904, 1523433943191.7273
5.747085, 13.887446, 5.88345, 1523433943274.0710
5.714527, 13.899457, 5.925289, 1523433943356.5063
5.676972, 13.899158, 5.943867, 1523433943439.0801
5.62902, 13.904542, 5.935763, 1523433943521.9299
5.569311, 13.90731, 5.934011, 1523433943604.8728
5.510588, 13.906713, 5.934452, 1523433943688.0457
5.447372, 13.905822, 5.958447, 1523433943771.4954
5.39891, 13.909283, 5.989993, 1523433943855.3594
5.338726, 13.922011, 6.037166, 1523433943939.7305
5.285356, 13.928499, 6.086728, 1523433944024.0552
5.256135, 13.94062, 6.111113, 1523433944108.1958
5.220456, 13.95703, 6.126899, 1523433944192.0137
5.167321, 13.967642, 6.130992, 1523433944275.4631
5.115197, 13.990744, 6.135082, 1523433944358.6821
5.063599, 14.006746, 6.156975, 1523433944441.4404
5.008348, 14.010953, 6.19295, 1523433944523.7373
4.962321, 14.022745, 6.232893, 1523433944606.2192
4.926659, 14.031691, 6.271496, 1523433944688.6548
4.899835, 14.025091, 6.28721, 1523433944771.0903
4.85882, 14.028111, 6.295253, 1523433944853.6641
4.816993, 14.035461, 6.295689, 1523433944936.4685
4.781352, 14.048036, 6.295711, 1523433945019.6416
4.717112, 14.040856, 6.326184, 1523433945103.1370
4.671844, 14.045857, 6.358103, 1523433945187.0933
4.613637, 14.058617, 6.394557, 1523433945271.3259
4.573228, 14.055954, 6.451164, 1523433945355.4202
4.538528, 14.062077, 6.47568, 1523433945439.3765
4.493162, 14.073262, 6.481655, 1523433945523.1479
4.443012, 14.085793, 6.481659, 1523433945606.5510
4.388276, 14.096658, 6.48104, 1523433945689.6775
4.320057, 14.11251, 6.490827, 1523433945772.6660
4.26272, 14.126204, 6.518767, 1523433945855.2397
4.225002, 14.146555, 6.5614, 1523433945937.8594
4.183708, 14.167061, 6.60105, 1523433946020.5710
4.154864, 14.179154, 6.629885, 1523433946103.3289
4.1189, 14.192595, 6.632001, 1523433946186.2715
4.063862, 14.20486, 6.622396, 1523433946269.2595
4.014079, 14.208004, 6.630634, 1523433946352.2017
3.957798, 14.203043, 6.642622, 1523433946435.2361
3.901018, 14.198985, 6.657961, 1523433946518.6392
3.846468, 14.201949, 6.700884, 1523433946602.5029
3.787476, 14.198214, 6.735012, 1523433946686.2747
3.752451, 14.196933, 6.777391, 1523433946769.8159
3.738592, 14.212451, 6.801598, 1523433946853.3569
3.69747, 14.230172, 6.811005, 1523433946936.8982
3.655679, 14.243775, 6.821866, 1523433947020.2549
3.596484, 14.250153, 6.822709, 1523433947103.3818
3.537149, 14.260497, 6.829165, 1523433947186.1858
3.484872, 14.262985, 6.859328, 1523433947268.6675
3.438646, 14.268481, 6.898135, 1523433947351.1028
3.402308, 14.266323, 6.940489, 1523433947433.6765
3.383374, 14.260372, 6.975423, 1523433947516.5266
3.371859, 14.246435, 6.990418, 1523433947599.6533
3.351381, 14.22796, 6.99678, 1523433947682.9639
3.320637, 14.204722, 6.998154, 1523433947766.4587
3.298002, 14.183387, 7.001911, 1523433947850.1843
3.281475, 14.165092, 7.009545, 1523433947934.1404
3.255913, 14.14446, 7.015732, 1523433948018.1882
3.228827, 14.12806, 7.0144, 1523433948102.2366
3.205819, 14.109932, 7.014042, 1523433948185.9163
3.192742, 14.093097, 7.022449, 1523433948269.2732
3.174546, 14.083222, 7.03335, 1523433948352.2620
3.163642, 14.090545, 7.028105, 1523433948435.1582
3.147765, 14.098799, 7.037377, 1523433948518.0540
3.142997, 14.110121, 7.038802, 1523433948600.7659
3.130722, 14.123124, 7.033264, 1523433948683.5701
3.110538, 14.122812, 7.031023, 1523433948766.1895
3.096728, 14.12174, 7.030123, 1523433948848.7629
3.083806, 14.122383, 7.027717, 1523433948931.4749
3.07381, 14.11583, 7.023636, 1523433949014.0945
3.072536, 14.103437, 7.016933, 1523433949096.5298
3.078998, 14.086775, 7.011981, 1523433949178.8730
3.088406, 14.072736, 7.008034, 1523433949261.2622
3.10666, 14.063961, 7.007387, 1523433949344.0203
3.131728, 14.054937, 7.012227, 1523433949427.2849
3.163184, 14.042744, 7.017298, 1523433949511.1028
3.202625, 14.030888, 7.028235, 1523433949595.1968
3.243791, 14.023479, 7.025451, 1523433949679.5215
3.273965, 14.010208, 7.018464, 1523433949763.8921
3.311484, 13.997087, 7.017086, 1523433949847.9866
3.350955, 13.99226, 7.0165, 1523433949931.6660
3.382587, 13.991504, 7.02057, 1523433950015.0225
3.413929, 13.999012, 7.01662, 1523433950098.1494
3.417966, 14.003631, 7.021111, 1523433950181.1838
3.422105, 14.008086, 7.027541, 1523433950264.2642
3.409287, 14.00901, 7.038908, 1523433950347.5750
3.400184, 14.003561, 7.037714, 1523433950431.2544
3.397011, 13.994119, 7.033957, 1523433950515.1179
3.392099, 13.988277, 7.037016, 1523433950599.1199
3.387068, 13.983741, 7.027975, 1523433950683.1680
3.385247, 13.976009, 7.030876, 1523433950767.3083
3.38418, 13.973144, 7.028178, 1523433950851.4487
3.379294, 13.969833, 7.031039, 1523433950935.5430
3.380902, 13.97062, 7.031967, 1523433951019.4988
3.377654, 13.971219, 7.033838, 1523433951103.3164
3.378323, 13.969785, 7.037459, 1523433951187.0425
3.378019, 13.972555, 7.033468, 1523433951270.7217
3.380347, 13.974808, 7.035924, 1523433951354.2629
3.384561, 13.974206, 7.034192, 1523433951437.7119
3.385258, 13.973753, 7.030418, 1523433951521.0227
3.389496, 13.967781, 7.024967, 1523433951604.1494
3.395244, 13.966635, 7.026091, 1523433951687.0916
3.405097, 13.963483, 7.026528, 1523433951769.9417
3.404596, 13.959967, 7.025519, 1523433951852.8381
3.408535, 13.959355, 7.022825, 1523433951935.8262
3.4179, 13.955496, 7.02001, 1523433952018.9526
3.421058, 13.950199, 7.020561, 1523433952102.2637
3.417058, 13.943396, 7.013426, 1523433952185.8508
3.413759, 13.933695, 7.00952, 1523433952269.5305
3.408082, 13.926311, 7.01288, 1523433952353.3484
3.3937, 13.913323, 7.009585, 1523433952437.2122
3.384698, 13.905384, 7.004219, 1523433952521.2139
3.370398, 13.897587, 7.006533, 1523433952605.2625
3.347187, 13.897962, 7.003935, 1523433952689.1726
3.316722, 13.897456, 7.003652, 1523433952772.8979
3.282426, 13.902607, 7.001581, 1523433952856.3469
3.23546, 13.902645, 7.005117, 1523433952939.4739
3.190355, 13.907646, 7.003973, 1523433953022.3699
3.138394, 13.907071, 6.999758, 1523433953105.0815
3.088539, 13.904449, 7.001235, 1523433953187.4248
3.038103, 13.90047, 7.004823, 1523433953269.4912
2.986846, 13.900707, 7.008585, 1523433953351.5122
2.944419, 13.893646, 7.001479, 1523433953433.3945
2.907381, 13.875214, 6.997057, 1523433953515.3228
2.859331, 13.850217, 6.988377, 1523433953597.2051
2.814633, 13.815013, 6.981957, 1523433953679.0876
2.766011, 13.777418, 6.971087, 1523433953761.2004
2.717542, 13.740069, 6.959058, 1523433953843.6357
2.66807, 13.691779, 6.958128, 1523433953926.4858
2.617628, 13.629794, 6.960815, 1523433954009.4746
2.565702, 13.544497, 6.983461, 1523433954092.8315
2.524718, 13.490199, 7.018041, 1523433954176.7417
2.490271, 13.461161, 7.065185, 1523433954261.0203
2.453265, 13.437615, 7.11868, 1523433954345.4373
2.421823, 13.434402, 7.151289, 1523433954429.7158
2.389972, 13.432414, 7.165237, 1523433954513.6252
2.343439, 13.413584, 7.164919, 1523433954597.2129
2.294051, 13.374828, 7.164506, 1523433954680.4778
2.239266, 13.335641, 7.187072, 1523433954763.3740
2.207531, 13.306679, 7.229972, 1523433954845.8091
2.179317, 13.28511, 7.270998, 1523433954928.2444
2.154846, 13.26895, 7.3098, 1523433955010.9102
2.135334, 13.242421, 7.332753, 1523433955093.7605
2.111231, 13.213387, 7.338401, 1523433955176.9790
2.087435, 13.168746, 7.342402, 1523433955260.1978
2.066861, 13.129759, 7.341875, 1523433955343.6008
2.044327, 13.088885, 7.354741, 1523433955427.1423
2.023484, 13.040651, 7.383065, 1523433955511.0522
1.993532, 12.993176, 7.433162, 1523433955595.4231
1.984352, 12.954066, 7.48966, 1523433955679.6555
1.968571, 12.929, 7.52012, 1523433955763.6575
1.935275, 12.902601, 7.528072, 1523433955847.3833
1.904627, 12.870708, 7.522772, 1523433955930.6941
1.860655, 12.835207, 7.516459, 1523433956013.8206
1.824588, 12.799759, 7.524052, 1523433956096.5786
1.774391, 12.757096, 7.537979, 1523433956179.0139
1.738274, 12.719091, 7.575045, 1523433956261.1270
1.701348, 12.694233, 7.62593, 1523433956343.6086
1.678888, 12.666057, 7.661317, 1523433956426.2739
1.668193, 12.625401, 7.672192, 1523433956509.0320
1.656311, 12.579358, 7.670815, 1523433956591.7900
1.647489, 12.530771, 7.668739, 1523433956674.6401
1.641413, 12.479007, 7.663867, 1523433956757.6284
1.635014, 12.411313, 7.657602, 1523433956840.8931
1.636538, 12.338497, 7.662208, 1523433956924.6182
1.614438, 12.2459, 7.689093, 1523433957008.8047
1.597078, 12.182697, 7.682111, 1523433957093.1750
1.579388, 12.120273, 7.688129, 1523433957177.3154
1.564905, 12.041908, 7.694546, 1523433957261.0410
1.540731, 11.972809, 7.693105, 1523433957344.4902
1.525993, 11.901524, 7.692735, 1523433957427.6631
1.507778, 11.835449, 7.715869, 1523433957510.8354
1.492971, 11.775794, 7.748068, 1523433957593.5933
1.48024, 11.710556, 7.780415, 1523433957676.2129
1.450326, 11.649007, 7.811325, 1523433957759.0632
1.445045, 11.599171, 7.832356, 1523433957841.9133
1.436582, 11.546553, 7.84339, 1523433957925.2241
1.437715, 11.492168, 7.844064, 1523433958008.7654
1.445733, 11.432766, 7.842125, 1523433958092.4912
1.454024, 11.367593, 7.839019, 1523433958176.2627
1.470929, 11.29051, 7.869791, 1523433958260.1267
1.469421, 11.223804, 7.905535, 1523433958344.5896
1.467736, 11.169061, 7.955439, 1523433958429.2366
1.473304, 11.129204, 8.002491, 1523433958513.5149
1.469271, 11.099026, 8.026351, 1523433958597.5171
1.460738, 11.050323, 8.037854, 1523433958681.1040
1.455955, 11.001856, 8.040224, 1523433958764.2307
1.450718, 10.9525, 8.039492, 1523433958847.2192
1.441803, 10.896365, 8.064261, 1523433958929.9771
1.438045, 10.847444, 8.104842, 1523433959012.2744
1.426651, 10.815942, 8.153057, 1523433959094.6633
1.42123, 10.778565, 8.184916, 1523433959177.0527
1.423833, 10.736791, 8.205968, 1523433959259.5339
1.426904, 10.689635, 8.20776, 1523433959342.2458
1.435439, 10.637479, 8.210349, 1523433959425.0962
1.444339, 10.575035, 8.221246, 1523433959508.1304
1.456827, 10.517392, 8.238533, 1523433959591.5793
1.474181, 10.463232, 8.275576, 1523433959675.3511
1.474548, 10.43153, 8.314871, 1523433959759.5835
1.483748, 10.396429, 8.369001, 1523433959843.7239
1.485841, 10.361878, 8.404485, 1523433959927.7717
1.483087, 10.323697, 8.420883, 1523433960011.5894
1.479423, 10.283561, 8.418941, 1523433960094.9924
1.473462, 10.233902, 8.421648, 1523433960178.1189
1.470914, 10.185895, 8.427207, 1523433960260.9690
1.471679, 10.140713, 8.466146, 1523433960343.4968
1.475554, 10.091511, 8.512703, 1523433960425.7476
1.471107, 10.051155, 8.556041, 1523433960508.2290
1.473851, 10.016373, 8.583551, 1523433960590.7104
1.488438, 9.975572, 8.591531, 1523433960673.2378
1.506045, 9.924011, 8.585098, 1523433960755.8574
1.528584, 9.874474, 8.583116, 1523433960838.4773
1.54786, 9.820575, 8.587039, 1523433960921.4194
1.575893, 9.754543, 8.607772, 1523433961004.5000
1.599613, 9.694886, 8.645082, 1523433961088.0874
1.610455, 9.642837, 8.696621, 1523433961172.0896
1.618302, 9.608175, 8.740544, 1523433961256.1836
1.619574, 9.575949, 8.775558, 1523433961340.3694
1.608784, 9.541741, 8.786388, 1523433961424.5559
1.605619, 9.501019, 8.781253, 1523433961508.4661
1.609395, 9.452953, 8.783203, 1523433961592.0532
1.622199, 9.390694, 8.788294, 1523433961675.1799
1.632662, 9.327426, 8.806792, 1523433961757.9380
1.647624, 9.281345, 8.85034, 1523433961840.2349
1.654758, 9.238932, 8.90831, 1523433961922.5781
1.658262, 9.206134, 8.947859, 1523433962005.0596
1.673386, 9.172763, 8.968257, 1523433962087.6792
1.68955, 9.133579, 8.965411, 1523433962170.4370
1.708989, 9.089916, 8.96075, 1523433962253.3794
1.732819, 9.036917, 8.964941, 1523433962336.5518
1.762082, 8.988294, 8.954691, 1523433962420.0010
1.795505, 8.933582, 8.970802, 1523433962503.5881
1.837506, 8.884265, 8.987411, 1523433962587.3137
1.869839, 8.825924, 8.990507, 1523433962671.2698
1.905348, 8.774934, 8.986261, 1523433962754.9492
1.951197, 8.712075, 8.97555, 1523433962838.3062
1.986151, 8.648449, 8.975285, 1523433962921.4788
2.031528, 8.579896, 8.970818, 1523433963004.4209
2.072325, 8.511406, 8.976694, 1523433963087.3630
2.104723, 8.451005, 9.010644, 1523433963170.1672
2.136078, 8.398079, 9.050545, 1523433963252.7410
2.149889, 8.344377, 9.089407, 1523433963335.6370
2.162193, 8.310628, 9.131733, 1523433963418.7632
2.194714, 8.287786, 9.148622, 1523433963502.0740
2.226053, 8.248003, 9.142916, 1523433963585.6611
2.27994, 8.194164, 9.133816, 1523433963669.2483
2.337613, 8.144287, 9.138113, 1523433963752.8357
2.398189, 8.109381, 9.171517, 1523433963836.5146
2.438767, 8.071138, 9.217759, 1523433963920.7930
2.468362, 8.035729, 9.257956, 1523433964005.0715
2.494968, 8.009731, 9.313797, 1523433964088.9810
2.513591, 7.972264, 9.336102, 1523433964172.6606
2.525227, 7.92612, 9.338271, 1523433964256.2019
2.550931, 7.880368, 9.339972, 1523433964339.6050
2.582066, 7.843365, 9.351397, 1523433964422.8235
2.602615, 7.806504, 9.385421, 1523433964505.5815
2.638816, 7.770876, 9.43644, 1523433964588.0168
2.646088, 7.752986, 9.482611, 1523433964670.7747
2.661972, 7.735301, 9.517024, 1523433964753.5325
2.691493, 7.719483, 9.521601, 1523433964836.5203
2.723264, 7.695605, 9.515246, 1523433964919.6467
2.768512, 7.669232, 9.513056, 1523433965002.7268
2.81878, 7.634615, 9.506277, 1523433965085.9456
2.869737, 7.599784, 9.527287, 1523433965169.3022
2.926939, 7.562437, 9.567795, 1523433965252.9817
2.960046, 7.519963, 9.612533, 1523433965337.1216
2.987092, 7.487872, 9.673585, 1523433965421.1238
3.007919, 7.488602, 9.707103, 1523433965504.8955
3.023777, 7.463273, 9.72324, 1523433965588.4827
3.050866, 7.426969, 9.702135, 1523433965671.8860
3.091568, 7.37537, 9.69151, 1523433965755.1042
3.130099, 7.326615, 9.696794, 1523433965838.1848
3.189388, 7.256498, 9.675648, 1523433965921.1731
3.238358, 7.186035, 9.667876, 1523433966004.0691
3.290539, 7.134233, 9.698648, 1523433966086.5508
3.34752, 7.096082, 9.711006, 1523433966168.7556
3.395635, 7.048882, 9.722235, 1523433966251.1909
3.439714, 7.011641, 9.720427, 1523433966333.7642
3.496591, 6.973444, 9.724051, 1523433966416.5220
3.552049, 6.929842, 9.709847, 1523433966499.4641
3.622173, 6.888546, 9.698483, 1523433966582.4521
3.693281, 6.854169, 9.721568, 1523433966665.6248
3.759332, 6.812919, 9.728952, 1523433966749.2122
3.814014, 6.762581, 9.737383, 1523433966833.0759
3.873294, 6.737665, 9.740003, 1523433966916.4326
3.943729, 6.709779, 9.742228, 1523433966999.3748
4.014968, 6.671029, 9.731265, 1523433967082.0864
4.091873, 6.637789, 9.722346, 1523433967164.7058
4.153294, 6.605266, 9.726904, 1523433967247.3713
4.219997, 6.574177, 9.732983, 1523433967330.0371
4.292085, 6.550406, 9.729945, 1523433967412.8408
4.368181, 6.511144, 9.724465, 1523433967496.1516
4.445039, 6.487834, 9.724592, 1523433967579.5088
4.51981, 6.471299, 9.72153, 1523433967663.1418
4.589917, 6.453452, 9.710594, 1523433967747.0054
4.678463, 6.448289, 9.680522, 1523433967830.8691
4.770428, 6.442441, 9.695925, 1523433967914.7788
4.861189, 6.429043, 9.705858, 1523433967998.9187
4.931245, 6.400911, 9.715109, 1523433968083.0586
4.991092, 6.394429, 9.736816, 1523433968166.7380
5.081566, 6.386249, 9.709067, 1523433968250.1409
5.143423, 6.371082, 9.715117, 1523433968333.3132
5.216334, 6.367318, 9.712602, 1523433968416.2090
5.282346, 6.354956, 9.712453, 1523433968499.1511
5.344169, 6.352224, 9.727675, 1523433968581.6785
5.412226, 6.360903, 9.743435, 1523433968664.1594
5.485024, 6.348381, 9.750513, 1523433968747.0554
5.566615, 6.34833, 9.75299, 1523433968830.2280
5.646328, 6.353078, 9.748851, 1523433968913.7229
5.732773, 6.356077, 9.731774, 1523433968997.2178
5.807997, 6.369002, 9.723983, 1523433969080.6667
5.892758, 6.392744, 9.718748, 1523433969164.1155
5.984178, 6.426343, 9.72254, 1523433969248.0715
6.070977, 6.400481, 9.73403, 1523433969332.4419
6.153656, 6.399836, 9.733675, 1523433969416.3977
6.238947, 6.387359, 9.735259, 1523433969500.1692
6.321826, 6.377275, 9.73023, 1523433969583.3416
6.400313, 6.376562, 9.723739, 1523433969666.1914
6.483106, 6.361155, 9.718159, 1523433969748.6265
6.554941, 6.350723, 9.738282, 1523433969830.6008
6.630107, 6.355887, 9.741551, 1523433969912.5750
6.706593, 6.34341, 9.743229, 1523433969995.1021
6.790339, 6.340512, 9.750392, 1523433970077.9978
6.867425, 6.341578, 9.742611, 1523433970161.3083
6.956564, 6.349988, 9.729409, 1523433970244.8494
7.047132, 6.368675, 9.721986, 1523433970328.5288
7.14302, 6.375605, 9.720318, 1523433970412.5305
7.236424, 6.378647, 9.73321, 1523433970496.8547
7.327447, 6.376647, 9.737586, 1523433970580.9949
7.404968, 6.39138, 9.750107, 1523433970664.1672
7.463522, 6.409513, 9.739205, 1523433970746.9709
7.552461, 6.402744, 9.736421, 1523433970829.6824
7.633633, 6.407453, 9.726624, 1523433970912.4858
7.724292, 6.399639, 9.720393, 1523433970995.1975
7.789792, 6.427283, 9.721881, 1523433971077.3564
7.87912, 6.42306, 9.713598, 1523433971160.0217
7.958459, 6.418982, 9.74309, 1523433971243.1018
8.041857, 6.422003, 9.750969, 1523433971326.6890
8.130095, 6.432465, 9.737233, 1523433971410.5986
8.226346, 6.450225, 9.71942, 1523433971494.3235
8.318898, 6.475184, 9.712727, 1523433971578.0029
8.411787, 6.481718, 9.721149, 1523433971661.9124
8.504479, 6.473833, 9.729702, 1523433971745.9602
8.587362, 6.478455, 9.73454, 1523433971829.5930
8.688592, 6.482414, 9.734278, 1523433971912.9961
8.757232, 6.480953, 9.737535, 1523433971995.9380
8.847476, 6.483296, 9.732375, 1523433972078.5571
8.937974, 6.477983, 9.716768, 1523433972161.1763
9.020937, 6.469957, 9.726767, 1523433972243.7036
9.113677, 6.478004, 9.73386, 1523433972326.0925
9.193812, 6.481352, 9.735602, 1523433972408.8040
9.270401, 6.478907, 9.741046, 1523433972491.6074
9.346151, 6.489326, 9.727985, 1523433972574.7339
9.435925, 6.486025, 9.724036, 1523433972658.2285
9.521376, 6.494069, 9.717264, 1523433972741.9080
9.592033, 6.511075, 9.726373, 1523433972825.8174
9.663048, 6.51991, 9.750888, 1523433972909.8647
9.75667, 6.528723, 9.745426, 1523433972993.7283
9.847943, 6.540581, 9.74581, 1523433973077.2690
9.936769, 6.551031, 9.753502, 1523433973160.3953
10.016254, 6.570844, 9.747539, 1523433973243.1987
10.104139, 6.568442, 9.737657, 1523433973326.0024
10.200686, 6.553428, 9.72094, 1523433973408.9446
10.282264, 6.542184, 9.729624, 1523433973491.8403
10.359531, 6.545442, 9.732913, 1523433973574.5054
10.424639, 6.533466, 9.740857, 1523433973657.5393
10.498734, 6.520951, 9.753042, 1523433973741.0342
10.573589, 6.512999, 9.753172, 1523433973824.8052
10.662003, 6.51594, 9.74107, 1523433973908.6226
10.743073, 6.516955, 9.732495, 1523433973992.3015
10.834609, 6.521544, 9.724833, 1523433974075.7964
10.925155, 6.523576, 9.7427, 1523433974159.5217
11.014898, 6.491973, 9.740762, 1523433974243.4771
11.099878, 6.487157, 9.741281, 1523433974327.1101
11.175551, 6.471828, 9.737572, 1523433974410.5127
11.251209, 6.448297, 9.736822, 1523433974493.5928
11.33569, 6.422924, 9.72572, 1523433974576.4426
11.410512, 6.386737, 9.710862, 1523433974659.3384
11.484877, 6.344529, 9.719774, 1523433974742.1880
11.559034, 6.316692, 9.73452, 1523433974824.8994
11.618933, 6.284341, 9.738483, 1523433974907.8416
11.677887, 6.251029, 9.751016, 1523433974990.9678
11.735559, 6.214629, 9.739465, 1523433975074.2778
11.808678, 6.163326, 9.722508, 1523433975157.7263
11.881308, 6.118141, 9.717316, 1523433975241.1289
11.948424, 6.077786, 9.717149, 1523433975324.3469
12.01516, 6.029244, 9.73057, 1523433975407.7954
12.052154, 5.95505, 9.727362, 1523433975491.7512
12.088823, 5.87977, 9.734822, 1523433975575.5220
12.141028, 5.804637, 9.72565, 1523433975659.0168
12.182007, 5.733681, 9.722612, 1523433975742.0967
12.228048, 5.67033, 9.715282, 1523433975824.7620
12.245521, 5.587116, 9.715156, 1523433975907.3813
12.270575, 5.507587, 9.722692, 1523433975989.8162
12.301548, 5.434397, 9.730017, 1523433976072.1589
12.315251, 5.360915, 9.739243, 1523433976154.7781
12.340525, 5.297943, 9.748829, 1523433976237.6738
12.351663, 5.226947, 9.716939, 1523433976320.8457
12.371082, 5.139212, 9.715176, 1523433976404.2942
12.39365, 5.056782, 9.701677, 1523433976487.7886
12.423714, 4.979235, 9.71425, 1523433976571.3291
12.435162, 4.900938, 9.721315, 1523433976655.0542
12.438274, 4.814004, 9.741939, 1523433976738.8257
12.459426, 4.718608, 9.74337, 1523433976822.1819
12.466411, 4.632548, 9.751321, 1523433976905.3540
12.4592, 4.563401, 9.729367, 1523433976988.1113
12.455394, 4.486992, 9.702768, 1523433977070.8225
12.435401, 4.403064, 9.70264, 1523433977153.7644
12.412251, 4.317393, 9.702483, 1523433977236.7524
12.387338, 4.237136, 9.714648, 1523433977319.6479
12.36996, 4.155401, 9.718278, 1523433977402.8657
12.340718, 4.079867, 9.730453, 1523433977486.3606
12.329103, 4.007996, 9.730865, 1523433977569.9475
12.306448, 3.92996, 9.716983, 1523433977653.7646
12.288803, 3.83673, 9.697552, 1523433977737.4438
12.279336, 3.751641, 9.701803, 1523433977821.2148
12.254114, 3.665717, 9.701358, 1523433977905.0781
12.219745, 3.590797, 9.712365, 1523433977989.0337
12.174926, 3.509202, 9.711872, 1523433978072.7588
12.135258, 3.430213, 9.709625, 1523433978156.2075
12.088454, 3.350576, 9.704428, 1523433978239.1953
12.036946, 3.281936, 9.696407, 1523433978321.9065
11.979358, 3.22403, 9.697564, 1523433978404.4795
11.915194, 3.160498, 9.700931, 1523433978487.0066
11.871073, 3.115662, 9.704006, 1523433978569.3035
11.822298, 3.067746, 9.705391, 1523433978651.6919
11.75811, 3.024818, 9.710073, 1523433978734.6338
11.695711, 2.975191, 9.709698, 1523433978817.7600
11.618561, 2.923701, 9.704326, 1523433978901.3008
11.559731, 2.852506, 9.684475, 1523433978984.8872
11.490446, 2.783579, 9.670671, 1523433979068.4741
11.427576, 2.720293, 9.68609, 1523433979152.2915
11.34838, 2.672714, 9.709017, 1523433979236.2471
11.27739, 2.610709, 9.695634, 1523433979319.8799
11.203053, 2.568516, 9.70529, 1523433979403.3284
11.12402, 2.523441, 9.685397, 1523433979486.2700
11.04467, 2.472085, 9.67832, 1523433979568.9814
10.963857, 2.437447, 9.667993, 1523433979651.6470
10.878934, 2.403644, 9.667248, 1523433979734.1277
10.803006, 2.359422, 9.688381, 1523433979816.2397
10.730658, 2.31828, 9.700403, 1523433979898.7207
10.667658, 2.303648, 9.693297, 1523433979981.8005
10.593642, 2.258835, 9.710219, 1523433980065.1111
10.525763, 2.232944, 9.689085, 1523433980148.7900
10.437238, 2.194178, 9.663548, 1523433980232.5610
10.356513, 2.149423, 9.676768, 1523433980316.4243
10.276179, 2.124911, 9.685921, 1523433980400.6099
10.186523, 2.107597, 9.690751, 1523433980484.7954
10.108425, 2.076227, 9.693046, 1523433980568.4282
10.028929, 2.053685, 9.690888, 1523433980651.8770
9.956511, 2.035739, 9.686638, 1523433980734.9104
9.883949, 2.01061, 9.676728, 1523433980817.7141
9.799916, 1.992251, 9.673018, 1523433980900.5173
9.720282, 1.984328, 9.679142, 1523433980983.1362
9.650382, 1.964079, 9.701828, 1523433981065.7092
9.564476, 1.948271, 9.706773, 1523433981148.5588
9.482764, 1.938902, 9.707202, 1523433981231.8230
9.411407, 1.912833, 9.701653, 1523433981315.3176
9.330375, 1.881601, 9.67731, 1523433981399.0425
9.238945, 1.850035, 9.663566, 1523433981482.6289
9.152873, 1.820069, 9.652709, 1523433981566.3079
9.064838, 1.788834, 9.672049, 1523433981650.1711
8.978444, 1.770702, 9.688631, 1523433981734.0801
8.883232, 1.758252, 9.673323, 1523433981817.7588
8.794811, 1.74765, 9.680955, 1523433981901.3452
8.712337, 1.735907, 9.676464, 1523433981984.4714
8.62643, 1.723618, 9.675123, 1523433982067.3667
8.539043, 1.717191, 9.672675, 1523433982150.2161
8.472191, 1.708511, 9.67813, 1523433982232.8811
8.414374, 1.695753, 9.684071, 1523433982315.3618
8.330078, 1.691582, 9.681746, 1523433982398.3950
8.237996, 1.689439, 9.680848, 1523433982481.6589
8.154174, 1.667205, 9.69014, 1523433982565.0151
8.067746, 1.642438, 9.676791, 1523433982648.3254
7.980142, 1.615707, 9.666022, 1523433982731.5432
7.903754, 1.591802, 9.671446, 1523433982815.0376
7.808923, 1.567228, 9.679494, 1523433982898.7622
7.709158, 1.54927, 9.668756, 1523433982982.4868
7.632255, 1.531627, 9.68911, 1523433983065.8430
7.561063, 1.50548, 9.67928, 1523433983149.1069
7.476991, 1.497885, 9.670422, 1523433983232.3711
7.387385, 1.480209, 9.659691, 1523433983315.6350
7.302896, 1.473578, 9.655752, 1523433983398.8528
7.223751, 1.460135, 9.670286, 1523433983481.6558
7.140969, 1.440788, 9.665944, 1523433983564.6433
7.059753, 1.440995, 9.680572, 1523433983648.0913
6.97603, 1.42594, 9.681551, 1523433983731.6775
6.885673, 1.406191, 9.669086, 1523433983815.3562
6.800887, 1.391351, 9.668051, 1523433983898.9888
6.710752, 1.367, 9.663029, 1523433983982.5291
6.623108, 1.351565, 9.667105, 1523433984066.2075
6.525231, 1.34475, 9.669374, 1523433984149.7939
6.429385, 1.330275, 9.672839, 1523433984233.1040
6.342963, 1.343505, 9.680981, 1523433984316.3677
6.267334, 1.349298, 9.674978, 1523433984399.3552
6.181833, 1.364417, 9.657117, 1523433984482.2964
6.103285, 1.392049, 9.650726, 1523433984565.0994
6.028897, 1.4169, 9.662677, 1523433984647.7183
5.966863, 1.444371, 9.680141, 1523433984730.3369
5.901856, 1.475563, 9.687841, 1523433984813.3701
5.833055, 1.507986, 9.696643, 1523433984896.8643
5.760716, 1.531906, 9.69017, 1523433984980.5891
5.688176, 1.568094, 9.678341, 1523433985064.2214
5.59532, 1.591672, 9.661483, 1523433985147.6233
5.508334, 1.618327, 9.663326, 1523433985231.0254
5.428345, 1.661326, 9.687796, 1523433985314.7039
5.353023, 1.70889, 9.688831, 1523433985398.4744
5.276506, 1.756735, 9.692097, 1523433985481.9685
5.216421, 1.810309, 9.700459, 1523433985565.1863
5.139862, 1.857517, 9.68265, 1523433985647.8975
5.071113, 1.911028, 9.666677, 1523433985730.5161
5.005758, 1.96944, 9.661526, 1523433985813.0886
4.937276, 2.026273, 9.664737, 1523433985895.5691
4.87677, 2.081571, 9.6831, 1523433985977.9575
4.839104, 2.139673, 9.685877, 1523433986060.8989
4.788997, 2.211966, 9.688005, 1523433986144.2087
4.724622, 2.280311, 9.6834, 1523433986227.7490
4.665184, 2.343724, 9.688854, 1523433986311.4734
4.601657, 2.419039, 9.663976, 1523433986394.9675
4.548023, 2.477564, 9.661334, 1523433986478.5999
4.501623, 2.557664, 9.680707, 1523433986562.5549
4.480622, 2.627191, 9.680999, 1523433986646.5559
4.431268, 2.687656, 9.695602, 1523433986730.1423
4.413149, 2.757786, 9.698237, 1523433986813.5444
4.39615, 2.82203, 9.693523, 1523433986896.5776
4.37721, 2.890776, 9.684859, 1523433986979.3345
4.360961, 2.959221, 9.677997, 1523433987061.9070
4.339767, 3.027718, 9.690371, 1523433987144.2493
4.313498, 3.091575, 9.700551, 1523433987226.4072
4.300942, 3.155453, 9.711648, 1523433987308.9800
4.285973, 3.225363, 9.716178, 1523433987392.0132
4.263967, 3.296361, 9.717013, 1523433987475.3232
4.243878, 3.379056, 9.69804, 1523433987558.8174
4.21985, 3.46912, 9.682996, 1523433987642.3574
4.199563, 3.559152, 9.683022, 1523433987726.0823
4.184613, 3.643952, 9.694182, 1523433987809.8530
4.188105, 3.743968, 9.69979, 1523433987893.7617
4.171838, 3.830802, 9.704031, 1523433987977.3484
4.172766, 3.916369, 9.680623, 1523433988060.7500
4.17032, 3.990097, 9.69968, 1523433988143.9219
4.175782, 4.069921, 9.684917, 1523433988226.9553
4.186323, 4.15912, 9.675918, 1523433988309.9890
4.200965, 4.246345, 9.689043, 1523433988392.7920
4.213556, 4.316002, 9.718109, 1523433988475.3184
4.217726, 4.396641, 9.706314, 1523433988558.1672
4.246578, 4.474781, 9.721829, 1523433988641.3850
4.246556, 4.566661, 9.723442, 1523433988724.6489
4.254038, 4.655315, 9.707174, 1523433988808.2815
4.273593, 4.733459, 9.689509, 1523433988891.9138
4.2935, 4.808197, 9.69286, 1523433988975.8228
4.31703, 4.862102, 9.70754, 1523433989060.1924
4.345218, 4.937204, 9.71911, 1523433989144.4697
4.359825, 5.023966, 9.712989, 1523433989228.2405
4.397578, 5.098752, 9.712818, 1523433989311.7346
4.426983, 5.168514, 9.708181, 1523433989394.7681
4.467825, 5.238991, 9.706556, 1523433989477.6169
4.510567, 5.300601, 9.704368, 1523433989560.3740
4.55403, 5.36228, 9.719403, 1523433989642.7620
4.594649, 5.427937, 9.71999, 1523433989725.1965
4.641602, 5.484567, 9.7198, 1523433989808.0911
4.684565, 5.536012, 9.731855, 1523433989891.2629
4.717772, 5.601025, 9.719361, 1523433989974.7109
4.756135, 5.659268, 9.722254, 1523433990058.3899
4.798464, 5.727647, 9.719714, 1523433990142.0220
4.848194, 5.790466, 9.710981, 1523433990225.7927
4.895858, 5.844845, 9.719425, 1523433990309.6553
4.944907, 5.898833, 9.72457, 1523433990393.5178
5.00094, 5.954412, 9.729912, 1523433990477.1042
5.057238, 5.996014, 9.730594, 1523433990560.4141
5.117909, 6.022023, 9.727674, 1523433990643.4478
5.172739, 6.057713, 9.722884, 1523433990726.3425
5.241492, 6.086501, 9.709543, 1523433990809.0076
5.296739, 6.111032, 9.710783, 1523433990891.5339
5.34918, 6.142606, 9.733572, 1523433990973.9680
5.411876, 6.1648, 9.726521, 1523433991056.6792
5.476676, 6.168741, 9.739257, 1523433991139.8044
5.537091, 6.199321, 9.747421, 1523433991223.1143
5.602706, 6.217286, 9.728037, 1523433991306.6545
5.675832, 6.241722, 9.720381, 1523433991390.1487
5.74506, 6.269231, 9.722957, 1523433991473.5967
5.813866, 6.29191, 9.718548, 1523433991556.9529
5.886896, 6.332179, 9.73004, 1523433991640.1704
5.959875, 6.344674, 9.729932, 1523433991723.6646
6.027816, 6.362442, 9.734829, 1523433991806.9282
6.092109, 6.376842, 9.733218, 1523433991890.0078
6.158838, 6.372569, 9.736735, 1523433991973.0872
6.232041, 6.375511, 9.729347, 1523433992055.8899
6.302296, 6.381227, 9.719627, 1523433992138.5547
6.386862, 6.379843, 9.718746, 1523433992221.1733
6.46414, 6.375347, 9.726265, 1523433992303.7920
6.545057, 6.370951, 9.733859, 1523433992386.3184
6.622203, 6.372079, 9.739824, 1523433992469.1670
6.702229, 6.368681, 9.741219, 1523433992552.2004
6.781885, 6.382648, 9.738013, 1523433992635.4641
6.867064, 6.384323, 9.73637, 1523433992719.0503
6.953296, 6.397625, 9.72357, 1523433992802.6365
7.034091, 6.413471, 9.716924, 1523433992886.2688
7.120324, 6.418586, 9.71971, 1523433992970.1780
7.209631, 6.413153, 9.734838, 1523433993054.2710
7.291399, 6.414307, 9.743245, 1523433993138.1799
7.352057, 6.406816, 9.750786, 1523433993221.9043
7.431694, 6.400195, 9.737512, 1523433993305.3984
7.524212, 6.391453, 9.732461, 1523433993388.5698
7.609984, 6.380533, 9.727592, 1523433993471.5110
7.682069, 6.373349, 9.733439, 1523433993554.1760
7.762239, 6.369021, 9.745852, 1523433993636.8406
7.847073, 6.355392, 9.745284, 1523433993719.9199
7.940481, 6.351149, 9.752, 1523433993803.1375
8.023031, 6.357743, 9.741107, 1523433993886.5396
8.112879, 6.356629, 9.729735, 1523433993970.1257
8.203223, 6.370522, 9.720874, 1523433994053.7119
8.304025, 6.382979, 9.708231, 1523433994137.4365
8.389013, 6.394658, 9.729626, 1523433994221.3452
8.477638, 6.391128, 9.737823, 1523433994305.1619
8.576587, 6.400694, 9.735395, 1523433994388.5635
8.661964, 6.397639, 9.737709, 1523433994471.8274
8.744256, 6.400285, 9.734854, 1523433994554.6760
8.830791, 6.402984, 9.71384, 1523433994637.4329
8.9254, 6.389163, 9.710526, 1523433994720.2817
9.011173, 6.385477, 9.726592, 1523433994802.9927
9.094683, 6.390609, 9.728226, 1523433994885.5652
9.17873, 6.384295, 9.734883, 1523433994968.4600
9.267778, 6.388887, 9.736299, 1523433995051.4470
9.355486, 6.403055, 9.731411, 1523433995134.5720
9.441589, 6.407109, 9.717928, 1523433995217.9741
9.520691, 6.432136, 9.719633, 1523433995301.2837
9.612019, 6.452012, 9.717819, 1523433995384.7776
9.687931, 6.46579, 9.739786, 1523433995468.5017
9.772652, 6.467315, 9.74112, 1523433995552.3184
9.863871, 6.471035, 9.747366, 1523433995636.0430
9.94885, 6.469447, 9.734847, 1523433995719.5369
10.032357, 6.476703, 9.734868, 1523433995802.8005
10.122537, 6.48098, 9.72497, 1523433995885.7878
10.207642, 6.476593, 9.727028, 1523433995968.6824
10.287431, 6.476418, 9.736226, 1523433996051.3472
10.367024, 6.484892, 9.747365, 1523433996133.9656
10.447476, 6.476097, 9.750371, 1523433996216.9985
10.52976, 6.485792, 9.755714, 1523433996300.1240
10.608129, 6.498972, 9.749639, 1523433996383.5718
10.69635, 6.508148, 9.743641, 1523433996467.1580
10.78685, 6.535735, 9.731894, 1523433996550.8364
10.867729, 6.557828, 9.714593, 1523433996634.7913
10.945909, 6.571351, 9.735392, 1523433996718.9768
11.03155, 6.575621, 9.740329, 1523433996803.1155
11.121926, 6.603948, 9.729233, 1523433996886.6553
11.20226, 6.618648, 9.738169, 1523433996969.8730
11.292482, 6.637491, 9.732198, 1523433997052.6758
11.378373, 6.65661, 9.724067, 1523433997135.2942
11.468279, 6.668272, 9.722238, 1523433997217.9124
11.550914, 6.682467, 9.733621, 1523433997300.3005
11.633085, 6.706717, 9.741839, 1523433997382.5503
11.713247, 6.723422, 9.742391, 1523433997465.2144
11.786314, 6.738845, 9.7463, 1523433997548.2476
11.865924, 6.759604, 9.740694, 1523433997631.6956
11.949645, 6.779054, 9.730348, 1523433997715.5120
12.032932, 6.812519, 9.72336, 1523433997799.2825
12.11484, 6.842108, 9.728803, 1523433997883.3291
12.195444, 6.865765, 9.733829, 1523433997967.5601
12.288481, 6.893474, 9.73529, 1523433998051.6528
12.362434, 6.921273, 9.745715, 1523433998135.4231
12.435942, 6.936599, 9.743814, 1523433998218.9629
12.512769, 6.967006, 9.736692, 1523433998302.0420
12.586378, 6.9901, 9.73932, 1523433998384.9829
12.655269, 7.01297, 9.742894, 1523433998467.6934
12.715656, 7.049594, 9.749506, 1523433998550.0354
12.782029, 7.075838, 9.75847, 1523433998632.5615
12.86526, 7.097957, 9.753874, 1523433998715.5945
12.93718, 7.145078, 9.759241, 1523433998798.8118
13.016402, 7.191943, 9.760441, 1523433998882.3977
13.095567, 7.243094, 9.733908, 1523433998965.9836
13.169147, 7.297033, 9.726583, 1523433999049.6621
13.247973, 7.358549, 9.721423, 1523433999133.4785
13.323674, 7.41762, 9.744662, 1523433999217.4792
13.398053, 7.466408, 9.741435, 1523433999301.3418
13.466153, 7.517951, 9.750267, 1523433999384.7437
13.531836, 7.563042, 9.76125, 1523433999467.8228
13.602105, 7.609921, 9.759879, 1523433999550.6711
13.667351, 7.655727, 9.750834, 1523433999633.4739
13.732385, 7.690851, 9.740133, 1523433999716.1843
13.794096, 7.727539, 9.74267, 1523433999798.7563
13.865484, 7.761097, 9.745111, 1523433999881.3748
13.939013, 7.799585, 9.728363, 1523433999964.4077
13.978443, 7.833426, 9.749478, 1523434000047.7170
14.02599, 7.855299, 9.748282, 1523434000131.3027
14.070297, 7.897778, 9.735304, 1523434000215.2573
14.092361, 7.931816, 9.706462, 1523434000299.3037
14.113564, 7.96187, 9.671736, 1523434000383.3506
14.141378, 8.017316, 9.623059, 1523434000467.1667
14.16718, 8.075771, 9.589315, 1523434000550.6140
14.196808, 8.144221, 9.563815, 1523434000633.7854
14.234015, 8.188269, 9.562247, 1523434000716.7722
14.265921, 8.224284, 9.536257, 1523434000799.5750
14.303648, 8.255938, 9.502352, 1523434000882.3779
14.334948, 8.285792, 9.449719, 1523434000965.0420
14.377224, 8.309397, 9.404765, 1523434001047.8904
14.431192, 8.333077, 9.374171, 1523434001131.1079
14.472706, 8.381184, 9.354574, 1523434001214.4634
14.50129, 8.428368, 9.348977, 1523434001297.9114
14.527704, 8.48533, 9.327546, 1523434001381.2209
14.561782, 8.536141, 9.286318, 1523434001464.5762
14.59717, 8.591016, 9.240222, 1523434001547.9778
14.626891, 8.659831, 9.196754, 1523434001631.2410
14.644144, 8.737361, 9.171221, 1523434001714.0435
14.671573, 8.795715, 9.168992, 1523434001796.7542
14.692536, 8.843958, 9.155671, 1523434001879.3262
14.722111, 8.883879, 9.129812, 1523434001962.0361
14.759893, 8.925612, 9.097551, 1523434002044.8850
14.791561, 8.955568, 9.068367, 1523434002127.8259
14.824903, 9.004599, 9.049077, 1523434002210.8127
14.865759, 9.06678, 9.047024, 1523434002293.9380
14.885088, 9.139489, 9.052919, 1523434002377.0635
14.911459, 9.216954, 9.047437, 1523434002460.2803
14.936652, 9.296313, 9.0398, 1523434002543.5896
14.9527, 9.368197, 9.038716, 1523434002626.9912
14.972275, 9.437267, 9.04471, 1523434002710.7151
14.995112, 9.51196, 9.038485, 1523434002794.4854
14.998883, 9.587698, 9.043539, 1523434002877.6565
15.00723, 9.649346, 9.039106, 1523434002960.5972
15.016742, 9.703719, 9.029188, 1523434003043.3076
15.02797, 9.750129, 8.999914, 1523434003126.1101
15.049882, 9.78488, 8.964754, 1523434003209.0969
15.065104, 9.806924, 8.928326, 1523434003292.2678
15.091546, 9.845332, 8.889218, 1523434003375.6233
15.134757, 9.892789, 8.862057, 1523434003459.4392
15.156981, 9.944995, 8.857155, 1523434003543.5322
15.166512, 9.990027, 8.856226, 1523434003627.9475
15.179236, 10.035745, 8.827778, 1523434003712.5007
15.192194, 10.086347, 8.785158, 1523434003796.9619
15.202807, 10.143749, 8.729856, 1523434003881.1006
15.204203, 10.199826, 8.697851, 1523434003965.0088
15.198638, 10.258044, 8.676088, 1523434004048.5024
15.192563, 10.322003, 8.664078, 1523434004131.5815
15.199663, 10.381805, 8.658012, 1523434004214.5222
15.203384, 10.428964, 8.634604, 1523434004297.1401
15.21417, 10.480408, 8.592061, 1523434004379.6201
15.23101, 10.530811, 8.552228, 1523434004462.1460
15.258662, 10.582209, 8.511518, 1523434004544.8562
15.283713, 10.643767, 8.487416, 1523434004627.8430
15.300601, 10.706044, 8.484942, 1523434004711.1521
15.305138, 10.771283, 8.477859, 1523434004794.6455
15.313388, 10.827758, 8.455953, 1523434004878.2773
15.318835, 10.883252, 8.416945, 1523434004961.9092
15.32146, 10.935537, 8.365273, 1523434005045.4028
15.306456, 10.994164, 8.326562, 1523434005128.6199
15.299294, 11.052838, 8.301447, 1523434005211.7451
15.28288, 11.119046, 8.295712, 1523434005294.5935
15.274782, 11.17315, 8.294676, 1523434005377.2576
15.276587, 11.223305, 8.265609, 1523434005459.8296
15.282172, 11.272093, 8.231966, 1523434005542.5398
15.300066, 11.31791, 8.183373, 1523434005625.5725
15.323508, 11.370732, 8.143538, 1523434005708.7434
15.351555, 11.431547, 8.113658, 1523434005792.2371
15.368262, 11.491843, 8.113183, 1523434005875.9146
15.367734, 11.541966, 8.113538, 1523434005959.7307
15.365296, 11.593217, 8.081959, 1523434006043.4543
15.361843, 11.655313, 8.028125, 1523434006126.9480
15.347604, 11.718157, 7.972339, 1523434006210.1653
15.332075, 11.784782, 7.921044, 1523434006293.1055
15.3152, 11.856248, 7.898291, 1523434006375.8616
15.309535, 11.911889, 7.898622, 1523434006458.5256
15.304747, 11.960528, 7.895236, 1523434006541.0054
15.308441, 12.022338, 7.871211, 1523434006623.7153
15.321254, 12.083275, 7.839138, 1523434006706.7019
15.332865, 12.138103, 7.807378, 1523434006789.9192
15.342426, 12.190391, 7.784891, 1523434006873.2283
15.344931, 12.259264, 7.780507, 1523434006956.6758
15.336178, 12.320436, 7.794596, 1523434007040.2148
15.327835, 12.389903, 7.786368, 1523434007123.8467
15.321665, 12.458923, 7.778005, 1523434007207.3862
15.313684, 12.533578, 7.77117, 1523434007291.1104
15.303769, 12.595002, 7.782929, 1523434007374.9724
15.297194, 12.646155, 7.782805, 1523434007458.9731
15.295321, 12.695313, 7.775994, 1523434007542.7891
15.280757, 12.736907, 7.780742, 1523434007625.9600
15.27189, 12.764076, 7.790991, 1523434007708.6704
15.277563, 12.798899, 7.790987, 1523434007791.2419
15.283769, 12.824022, 7.789942, 1523434007873.6760
15.303586, 12.837373, 7.800838, 1523434007956.1099
15.321067, 12.846787, 7.798728, 1523434008038.4973
15.338116, 12.875592, 7.792671, 1523434008121.1614
15.35108, 12.897368, 7.798099, 1523434008204.2402
15.359282, 12.911516, 7.805588, 1523434008287.7798
15.371717, 12.916547, 7.805557, 1523434008371.7800
15.367203, 12.918212, 7.80993, 1523434008455.7805
15.357768, 12.919955, 7.806853, 1523434008539.7810
15.358522, 12.936611, 7.796388, 1523434008623.8274
15.354287, 12.944407, 7.799096, 1523434008707.5977
15.352233, 12.953559, 7.791678, 1523434008791.4597
15.350662, 12.956919, 7.788305, 1523434008875.0916
15.34223, 12.952945, 7.787152, 1523434008958.3545
15.323274, 12.953762, 7.781172, 1523434009041.3872
15.303235, 12.945688, 7.780804, 1523434009124.1436
15.282815, 12.939285, 7.777844, 1523434009206.8540
15.256466, 12.924958, 7.774905, 1523434009289.4714
15.225432, 12.907765, 7.77387, 1523434009372.0894
15.193852, 12.882458, 7.779161, 1523434009454.6150
15.159848, 12.845881, 7.78701, 1523434009537.1409
15.124634, 12.812777, 7.782269, 1523434009619.6663
15.099883, 12.773025, 7.775407, 1523434009702.1919
15.077112, 12.740857, 7.770638, 1523434009784.6714
15.059344, 12.712241, 7.767025, 1523434009867.1511
15.046194, 12.688324, 7.766, 1523434009949.8147
15.044249, 12.662707, 7.768059, 1523434010032.7554
15.036901, 12.65544, 7.771659, 1523434010115.9724
15.032981, 12.641795, 7.775239, 1523434010199.2812
15.038487, 12.633632, 7.779901, 1523434010282.6365
15.044591, 12.639644, 7.787144, 1523434010366.0833
15.039854, 12.638079, 7.777428, 1523434010449.7148
15.018617, 12.631347, 7.77165, 1523434010533.5767
15.015056, 12.611066, 7.762826, 1523434010617.4385
15.008991, 12.604439, 7.75756, 1523434010701.3464
15.012456, 12.59458, 7.7576, 1523434010785.3003
15.035915, 12.575387, 7.763237, 1523434010869.2085
15.063796, 12.561054, 7.765399, 1523434010953.2549
15.105146, 12.54583, 7.770727, 1523434011037.3013
15.128707, 12.531474, 7.765635, 1523434011121.6240
15.150031, 12.526559, 7.770088, 1523434011205.9468
15.171082, 12.525273, 7.778558, 1523434011290.2693
15.19522, 12.516761, 7.774392, 1523434011374.3159
15.225144, 12.502572, 7.764855, 1523434011457.9934
15.255043, 12.492621, 7.768585, 1523434011541.1641
15.280515, 12.508529, 7.775607, 1523434011623.9663
15.297971, 12.502862, 7.771016, 1523434011706.5845
15.319137, 12.494752, 7.770944, 1523434011788.9717
15.321424, 12.499428, 7.765525, 1523434011871.4053
15.319251, 12.498153, 7.76684, 1523434011953.7925
15.321365, 12.490023, 7.777246, 1523434012036.3645
15.321224, 12.488199, 7.774489, 1523434012118.9824
15.321392, 12.486994, 7.768392, 1523434012201.6465
15.32777, 12.476603, 7.765172, 1523434012284.3562
15.335933, 12.479444, 7.762649, 1523434012367.1582
15.343313, 12.487158, 7.765744, 1523434012450.2368
15.342869, 12.509356, 7.766485, 1523434012533.6843
15.344049, 12.538028, 7.77925, 1523434012617.4077
15.344394, 12.566053, 7.779511, 1523434012701.2239
15.331943, 12.617568, 7.778338, 1523434012785.0859
15.321831, 12.664005, 7.777324, 1523434012868.9939
15.3152, 12.700034, 7.777928, 1523434012952.8560
15.306399, 12.741611, 7.773327, 1523434013036.5796
15.296323, 12.782346, 7.770897, 1523434013120.0269
15.283037, 12.814657, 7.768831, 1523434013203.1514
15.270378, 12.848959, 7.763993, 1523434013286.0457
15.239376, 12.873055, 7.772943, 1523434013368.8477
15.224851, 12.88082, 7.770317, 1523434013451.5579
15.212931, 12.869132, 7.781815, 1523434013534.3140
15.199721, 12.851772, 7.790483, 1523434013616.9316
15.199583, 12.835251, 7.789596, 1523434013699.5034
15.206644, 12.823422, 7.77901, 1523434013782.2595
15.205024, 12.819942, 7.77997, 1523434013865.1536
15.196235, 12.817229, 7.776336, 1523434013948.2324
15.184196, 12.80733, 7.77335, 1523434014031.5874
15.174034, 12.795449, 7.769376, 1523434014115.2646
15.150929, 12.786541, 7.771302, 1523434014199.3110
15.132617, 12.771167, 7.773133, 1523434014283.6340
15.108023, 12.753351, 7.776731, 1523434014368.0488
15.084074, 12.732104, 7.776639, 1523434014452.6479
15.050679, 12.716356, 7.763779, 1523434014537.2007
15.025576, 12.699521, 7.763294, 1523434014621.6616
15.002701, 12.691495, 7.758609, 1523434014705.8918
14.992203, 12.680581, 7.76051, 1523434014789.8923
14.986036, 12.678196, 7.764419, 1523434014873.6619
14.991336, 12.675959, 7.776158, 1523434014957.2012
14.99199, 12.682177, 7.77577, 1523434015040.6946
14.991195, 12.697504, 7.772574, 1523434015124.2800
14.992332, 12.704215, 7.773938, 1523434015207.7732
14.98511, 12.710228, 7.77361, 1523434015291.1746
14.981659, 12.712953, 7.770879, 1523434015374.4373
14.970861, 12.71747, 7.768393, 1523434015457.5618
14.96202, 12.719564, 7.764928, 1523434015540.6404
14.954672, 12.720735, 7.771022, 1523434015623.6729
14.946921, 12.717216, 7.768561, 1523434015706.6130
14.940528, 12.710582, 7.765719, 1523434015789.4612
14.930333, 12.710134, 7.766201, 1523434015872.3096
14.920553, 12.710676, 7.764974, 1523434015955.1118
14.908568, 12.70999, 7.760394, 1523434016038.0518
14.896441, 12.716066, 7.750316, 1523434016121.0383
14.885852, 12.724394, 7.747223, 1523434016204.1631
14.872249, 12.740525, 7.747649, 1523434016287.3333
14.856002, 12.765686, 7.744361, 1523434016370.4580
14.841126, 12.801098, 7.735083, 1523434016453.5364
14.825156, 12.841106, 7.73227, 1523434016536.5686
14.815413, 12.87942, 7.728738, 1523434016619.5549
14.804736, 12.923551, 7.739165, 1523434016702.4492
14.795445, 12.965814, 7.743115, 1523434016785.1589
14.779648, 13.008584, 7.744483, 1523434016867.8691
14.772202, 13.037145, 7.748668, 1523434016950.6250
14.760638, 13.068138, 7.757163, 1523434017033.5190
14.748895, 13.095466, 7.757027, 1523434017116.6436
14.733624, 13.109862, 7.757555, 1523434017199.8140
14.716006, 13.133344, 7.760004, 1523434017282.9844
14.699625, 13.145787, 7.745744, 1523434017366.2473
14.682082, 13.162714, 7.724792, 1523434017449.5564
14.665536, 13.176511, 7.693793, 1523434017532.8650
14.636528, 13.189398, 7.659418, 1523434017616.0815
14.609385, 13.195491, 7.626914, 1523434017699.2986
14.569778, 13.199369, 7.606968, 1523434017782.4688
14.527747, 13.211047, 7.594904, 1523434017865.4092
14.488708, 13.224167, 7.593189, 1523434017948.3032
14.466366, 13.243876, 7.597414, 1523434018031.1968
14.44119, 13.262052, 7.581554, 1523434018114.0908
14.42868, 13.289454, 7.567356, 1523434018197.0771
14.410083, 13.325012, 7.542354, 1523434018280.0632
14.39976, 13.359868, 7.505278, 1523434018363.0952
14.376498, 13.40915, 7.460394, 1523434018446.1733
14.367267, 13.457151, 7.43264, 1523434018529.3899
14.349175, 13.516627, 7.4172, 1523434018612.9749
14.308338, 13.566275, 7.406753, 1523434018696.6060
14.273983, 13.599624, 7.412121, 1523434018780.1448
14.24101, 13.62368, 7.391937, 1523434018863.5457
14.20579, 13.645926, 7.365547, 1523434018946.9463
14.173067, 13.665869, 7.313052, 1523434019030.1624
14.113129, 13.680614, 7.263476, 1523434019113.0105
14.048512, 13.696794, 7.223775, 1523434019196.0889
14.004951, 13.700074, 7.214789, 1523434019278.8906
13.970868, 13.692402, 7.227108, 1523434019361.4617
13.95294, 13.683833, 7.216561, 1523434019443.9412
13.91694, 13.701182, 7.19645, 1523434019526.6506
13.883804, 13.720344, 7.172301, 1523434019609.4985
13.846516, 13.738513, 7.147212, 1523434019692.5771
13.815059, 13.768145, 7.101811, 1523434019775.8394
13.766065, 13.804683, 7.08231, 1523434019859.2402
13.711391, 13.854902, 7.074466, 1523434019943.0557
13.661418, 13.884027, 7.075216, 1523434020027.0093
13.61377, 13.904848, 7.089303, 1523434020111.1470
13.55857, 13.916009, 7.075222, 1523434020195.0544
13.4919, 13.924355, 7.062102, 1523434020278.8237
13.429336, 13.929482, 7.05783, 1523434020362.5010
13.361308, 13.936543, 7.070105, 1523434020446.2241
13.298468, 13.953839, 7.052697, 1523434020530.0398
13.244167, 13.955104, 7.067247, 1523434020613.7168
13.197449, 13.955351, 7.0734, 1523434020696.8872
13.154839, 13.964773, 7.070583, 1523434020779.8733
13.115205, 13.982182, 7.069846, 1523434020862.7671
13.072078, 14.006869, 7.0645, 1523434020945.7529
13.038489, 14.032557, 7.069448, 1523434021028.6929
13.006917, 14.046265, 7.074497, 1523434021111.3564
12.962313, 14.073726, 7.065851, 1523434021194.1121
12.926824, 14.101028, 7.06859, 1523434021277.0520
12.89779, 14.117915, 7.076138, 1523434021360.2224
12.863808, 14.126588, 7.070474, 1523434021443.6230
12.824389, 14.127278, 7.061862, 1523434021527.1160
12.779529, 14.126987, 7.041242, 1523434021610.6089
12.733269, 14.122491, 7.00052, 1523434021694.1018
12.676674, 14.106985, 6.948829, 1523434021777.4565
12.623433, 14.082026, 6.904848, 1523434021860.7190
12.579952, 14.04815, 6.880852, 1523434021943.8430
12.516394, 14.022146, 6.87481, 1523434022026.8291
12.47475, 14.004974, 6.881646, 1523434022109.8613
12.429901, 13.99235, 6.872448, 1523434022192.7092
12.395973, 14.000526, 6.839912, 1523434022275.7874
12.361699, 14.010544, 6.797136, 1523434022358.8196
12.321092, 14.024966, 6.750522, 1523434022442.0356
12.285473, 14.045455, 6.720516, 1523434022525.2981
12.241601, 14.076076, 6.703151, 1523434022608.6985
12.191012, 14.087965, 6.701751, 1523434022692.2375
12.143473, 14.099292, 6.702245, 1523434022775.9148
12.104834, 14.096434, 6.691422, 1523434022859.4077
12.05761, 14.087906, 6.660189, 1523434022942.8545
12.011062, 14.081984, 6.617638, 1523434023026.3013
11.949185, 14.05842, 6.56361, 1523434023109.5635
11.894128, 14.02782, 6.526049, 1523434023192.8262
11.848242, 13.996185, 6.513875, 1523434023275.9963
11.797456, 13.971226, 6.511538, 1523434023359.0747
11.758604, 13.956096, 6.513142, 1523434023442.0144
11.717327, 13.952491, 6.501818, 1523434023525.0002
11.674581, 13.959558, 6.470932, 1523434023607.9863
11.63168, 13.976798, 6.433962, 1523434023691.0183
11.590457, 13.995225, 6.393719, 1523434023774.0503
11.544744, 14.023182, 6.357296, 1523434023857.3591
11.49271, 14.055284, 6.329379, 1523434023940.8979
11.42655, 14.086626, 6.326857, 1523434024024.6672
11.370457, 14.098063, 6.33456, 1523434024108.6208
11.32644, 14.115513, 6.324429, 1523434024192.8049
11.280877, 14.115214, 6.290194, 1523434024276.6660
11.227341, 14.108365, 6.244354, 1523434024360.2051
11.185459, 14.087697, 6.20134, 1523434024443.4673
11.137201, 14.056542, 6.166851, 1523434024526.5918
11.087359, 14.025621, 6.147072, 1523434024609.3933
11.033153, 14.012988, 6.144001, 1523434024692.1489
10.989645, 14.009636, 6.148187, 1523434024774.6738
10.944105, 14.007351, 6.13322, 1523434024857.1531
10.915188, 14.016938, 6.104465, 1523434024939.8628
10.87242, 14.03124, 6.059212, 1523434025022.6184
10.829416, 14.057212, 6.00905, 1523434025105.6965
10.786572, 14.072843, 5.986934, 1523434025188.8208
10.73517, 14.113208, 5.968663, 1523434025272.5901
10.68899, 14.130445, 5.976704, 1523434025356.4514
10.649593, 14.130368, 5.982964, 1523434025440.5432
10.60943, 14.127875, 5.955686, 1523434025524.6812
10.568024, 14.114104, 5.907182, 1523434025608.4041
10.517648, 14.0893, 5.852111, 1523434025691.8049
10.468313, 14.055866, 5.807413, 1523434025774.8831
10.430015, 14.016787, 5.782394, 1523434025857.7769
10.393614, 13.984995, 5.775921, 1523434025940.5786
10.363197, 13.968554, 5.779218, 1523434026023.4263
10.337856, 13.960932, 5.77487, 1523434026106.4126
10.298068, 13.957865, 5.751011, 1523434026189.5830
10.246401, 13.956625, 5.706372, 1523434026272.9377
10.21528, 13.947982, 5.691693, 1523434026356.4304
10.169356, 13.945705, 5.653459, 1523434026440.1538
10.133784, 13.944366, 5.625442, 1523434026523.9692
10.081401, 13.925402, 5.621581, 1523434026607.5081
10.035268, 13.906151, 5.613231, 1523434026691.0010
9.979433, 13.873466, 5.611285, 1523434026774.3557
9.909752, 13.856976, 5.598584, 1523434026857.8027
9.843865, 13.846466, 5.568272, 1523434026941.2034
9.785352, 13.832942, 5.534986, 1523434027024.5581
9.731095, 13.807616, 5.492712, 1523434027107.6821
9.672334, 13.780002, 5.462535, 1523434027190.6221
9.613462, 13.752162, 5.446105, 1523434027273.5156
9.544143, 13.723716, 5.427972, 1523434027356.2715
9.466178, 13.710535, 5.44718, 1523434027439.1658
9.403012, 13.702821, 5.448008, 1523434027522.0132
9.337167, 13.685213, 5.439298, 1523434027604.7688
9.259062, 13.682269, 5.423409, 1523434027687.3865
9.190933, 13.675368, 5.426312, 1523434027769.9116
9.127748, 13.658228, 5.438155, 1523434027852.3450
9.052019, 13.6292, 5.433774, 1523434027935.0544
8.987596, 13.599745, 5.43839, 1523434028017.9482
8.945119, 13.548013, 5.441953, 1523434028100.7500
8.905902, 13.501729, 5.434505, 1523434028183.7820
8.874289, 13.441039, 5.417516, 1523434028266.9526
8.837429, 13.379993, 5.414771, 1523434028350.4453
8.805636, 13.320011, 5.428208, 1523434028434.1689
8.777658, 13.256748, 5.439579, 1523434028517.9844
8.73803, 13.20675, 5.446128, 1523434028601.7075
8.707101, 13.153693, 5.451257, 1523434028685.2004
8.674273, 13.111166, 5.449002, 1523434028768.6472
8.633377, 13.066974, 5.440717, 1523434028851.9558
8.595105, 13.021548, 5.428018, 1523434028935.2183
8.554795, 12.974163, 5.422279, 1523434029018.3428
8.512797, 12.928241, 5.420702, 1523434029101.4670
8.458913, 12.869442, 5.417377, 1523434029184.7295
8.419059, 12.80556, 5.410787, 1523434029267.9458
8.384822, 12.742294, 5.422166, 1523434029351.4849
8.360711, 12.688242, 5.426344, 1523434029435.0237
8.342661, 12.633411, 5.428253, 1523434029518.6086
8.316079, 12.584611, 5.420432, 1523434029602.4243
8.301355, 12.538674, 5.411323, 1523434029686.1936
8.307409, 12.50282, 5.379922, 1523434029770.0552
8.311752, 12.448751, 5.338417, 1523434029853.7322
8.316525, 12.404191, 5.290214, 1523434029937.3635
8.334352, 12.345484, 5.258021, 1523434030020.8567
8.367564, 12.287327, 5.233771, 1523434030103.9348
8.379883, 12.223927, 5.220629, 1523434030186.9209
8.387682, 12.172906, 5.210995, 1523434030269.6770
8.389059, 12.131265, 5.183618, 1523434030352.4326
8.385485, 12.082984, 5.14373, 1523434030435.3728
8.37707, 12.038301, 5.096156, 1523434030518.4504
