1523434501231.0000
9.296279, 2.648684, 2.044767, 1523434501231.0000
9.304735, 2.661659, 2.047898, 1523434501313.5737
9.311993, 2.670569, 2.057755, 1523434501395.8711
9.313619, 2.69825, 2.064078, 1523434501478.1221
9.317235, 2.720922, 2.051374, 1523434501560.3271
9.312664, 2.727514, 2.044667, 1523434501642.6709
9.311014, 2.725329, 2.050826, 1523434501725.2451
9.303141, 2.712674, 2.040107, 1523434501808.1411
9.294386, 2.699597, 2.042386, 1523434501891.5906
9.277104, 2.681206, 2.046633, 1523434501975.4084
9.255747, 2.657362, 2.035838, 1523434502059.5957
9.231429, 2.632853, 2.045168, 1523434502144.0588
9.204691, 2.612505, 2.039467, 1523434502228.7517
9.178217, 2.592431, 2.033007, 1523434502313.6296
9.141644, 2.58832, 2.025769, 1523434502398.3232
9.12199, 2.575092, 2.032909, 1523434502482.5557
9.062988, 2.599203, 2.010568, 1523434502566.5579
8.997992, 2.637613, 2.007699, 1523434502650.4216
8.938315, 2.669686, 2.009827, 1523434502733.8706
8.892275, 2.711001, 2.030102, 1523434502817.0896
8.847279, 2.752671, 2.050851, 1523434502899.8933
8.796044, 2.778106, 2.064023, 1523434502982.5132
8.755131, 2.804136, 2.0856, 1523434503065.3171
8.70835, 2.828441, 2.087913, 1523434503148.4438
8.65276, 2.859946, 2.063148, 1523434503231.9387
8.596896, 2.887263, 2.059987, 1523434503315.7563
8.532603, 2.910728, 2.070347, 1523434503399.8047
8.481106, 2.946375, 2.070751, 1523434503483.9910
8.412805, 2.981086, 2.071614, 1523434503568.2234
8.346745, 3.0325, 2.073515, 1523434503652.4558
8.288267, 3.08896, 2.062886, 1523434503736.2280
8.249057, 3.14323, 2.055859, 1523434503819.7231
8.226892, 3.22398, 2.045508, 1523434503902.8499
8.202123, 3.307793, 2.039148, 1523434503985.4233
8.193765, 3.388613, 2.033665, 1523434504067.8125
8.2041, 3.475726, 2.040313, 1523434504149.8328
8.207884, 3.554193, 2.056454, 1523434504231.5310
8.208532, 3.63766, 2.070448, 1523434504313.3672
8.201672, 3.715014, 2.074059, 1523434504395.5725
8.189828, 3.793805, 2.072665, 1523434504478.0078
8.169482, 3.886382, 2.058905, 1523434504560.4434
8.144519, 3.986979, 2.045718, 1523434504642.9253
8.116144, 4.076702, 2.036418, 1523434504725.4531
8.092793, 4.17862, 2.044228, 1523434504808.4417
8.08646, 4.284298, 2.051002, 1523434504892.1211
8.079661, 4.3846, 2.064967, 1523434504975.5698
8.066525, 4.478846, 2.068551, 1523434505058.7424
8.077864, 4.565746, 2.062644, 1523434505141.7769
8.081131, 4.669487, 2.04197, 1523434505224.6267
8.104464, 4.781012, 2.026699, 1523434505307.5686
8.123813, 4.897536, 2.033983, 1523434505390.1890
8.131229, 4.992891, 2.052106, 1523434505472.6704
8.152961, 5.082412, 2.075832, 1523434505555.7510
8.162421, 5.185977, 2.078666, 1523434505639.1079
8.164627, 5.293625, 2.086249, 1523434505722.7874
8.163881, 5.424051, 2.055738, 1523434505806.6511
8.153721, 5.549135, 2.049044, 1523434505890.6072
8.132167, 5.694149, 2.054413, 1523434505974.5635
8.125419, 5.828585, 2.074451, 1523434506058.7039
8.12685, 5.942086, 2.112671, 1523434506142.8440
8.133108, 6.026019, 2.15471, 1523434506226.7998
8.149131, 6.084016, 2.189149, 1523434506310.4797
8.153431, 6.131512, 2.222428, 1523434506393.7903
8.155914, 6.176262, 2.238643, 1523434506476.7791
8.172492, 6.225893, 2.235327, 1523434506559.6755
8.19145, 6.277167, 2.241303, 1523434506642.5256
8.193548, 6.332662, 2.256195, 1523434506724.8225
8.202651, 6.397335, 2.252633, 1523434506807.1196
8.21407, 6.473587, 2.253517, 1523434506889.6936
8.211625, 6.546836, 2.244685, 1523434506972.4053
8.20575, 6.617228, 2.251496, 1523434507055.5320
8.196709, 6.695567, 2.255524, 1523434507138.7966
8.178826, 6.776805, 2.274859, 1523434507222.3379
8.176641, 6.859732, 2.30041, 1523434507306.5703
8.177896, 6.937339, 2.326993, 1523434507391.1716
8.176774, 7.002873, 2.356847, 1523434507475.8188
8.173504, 7.048306, 2.382857, 1523434507560.1895
8.172381, 7.089563, 2.406626, 1523434507644.0532
8.185903, 7.129679, 2.397916, 1523434507727.6406
8.207367, 7.174517, 2.410026, 1523434507810.9978
8.231478, 7.224001, 2.417454, 1523434507894.2168
8.259539, 7.266059, 2.445692, 1523434507976.9744
8.269849, 7.30794, 2.495711, 1523434508059.2715
8.286077, 7.342245, 2.541597, 1523434508141.4761
8.288421, 7.371546, 2.573659, 1523434508223.5891
8.280837, 7.401357, 2.59204, 1523434508305.7478
8.268895, 7.438282, 2.589926, 1523434508388.1377
8.256068, 7.486721, 2.584009, 1523434508470.7578
8.235686, 7.536066, 2.60611, 1523434508553.7463
8.213911, 7.597088, 2.631394, 1523434508637.2876
8.207623, 7.656719, 2.653998, 1523434508721.6582
8.202545, 7.720366, 2.695231, 1523434508806.4897
8.204042, 7.754717, 2.738577, 1523434508891.5061
8.210128, 7.782273, 2.761256, 1523434508976.3374
8.225217, 7.814291, 2.775595, 1523434509060.6619
8.242312, 7.852736, 2.777806, 1523434509144.5256
8.259807, 7.89755, 2.78122, 1523434509227.9751
8.289589, 7.953831, 2.792016, 1523434509311.2400
8.308026, 8.008549, 2.830743, 1523434509393.7676
8.316304, 8.056207, 2.87319, 1523434509475.7419
8.334649, 8.093555, 2.92547, 1523434509557.8552
8.344029, 8.127336, 2.959709, 1523434509639.9683
8.341076, 8.167727, 2.971992, 1523434509722.2651
8.339937, 8.216441, 2.97248, 1523434509804.9314
8.320513, 8.276096, 2.980175, 1523434509887.7354
8.30114, 8.342618, 2.99184, 1523434509970.8154
8.284568, 8.412835, 3.012871, 1523434510054.6335
8.290398, 8.476608, 3.057517, 1523434510139.1426
8.298921, 8.520313, 3.108215, 1523434510223.9277
8.306762, 8.557043, 3.161205, 1523434510308.6670
8.322376, 8.584653, 3.180026, 1523434510393.1299
8.355891, 8.618793, 3.175003, 1523434510477.3167
8.375808, 8.669861, 3.177943, 1523434510561.0884
8.392109, 8.725093, 3.18373, 1523434510644.3533
8.408225, 8.79044, 3.214479, 1523434510726.7883
8.407158, 8.842243, 3.252106, 1523434510808.7170
8.413431, 8.887572, 3.302527, 1523434510890.6921
8.397403, 8.920401, 3.327942, 1523434510972.4365
8.372483, 8.957888, 3.332849, 1523434511054.3650
8.3569, 9.006597, 3.323547, 1523434511136.6162
8.328206, 9.057458, 3.338836, 1523434511219.0974
8.301496, 9.125886, 3.360349, 1523434511302.3164
8.296607, 9.200475, 3.39415, 1523434511386.7334
8.289407, 9.254539, 3.430496, 1523434511471.7031
8.289159, 9.308808, 3.486765, 1523434511556.8113
8.288404, 9.343728, 3.528208, 1523434511641.3662
8.294184, 9.389962, 3.535277, 1523434511725.3684
8.311915, 9.447376, 3.542723, 1523434511808.9102
8.334391, 9.502481, 3.560243, 1523434511892.1750
8.345268, 9.554036, 3.589532, 1523434511974.7949
8.352133, 9.599159, 3.634209, 1523434512057.1382
8.363726, 9.627527, 3.686145, 1523434512139.4355
8.357671, 9.66117, 3.717192, 1523434512221.5947
8.349958, 9.710719, 3.719074, 1523434512303.8000
8.329442, 9.763537, 3.716398, 1523434512386.1438
8.309572, 9.824364, 3.717238, 1523434512468.7634
8.283174, 9.889957, 3.729636, 1523434512551.8901
8.26558, 9.952431, 3.76401, 1523434512635.8003
8.255899, 9.999903, 3.81653, 1523434512720.2637
8.248169, 10.032238, 3.867009, 1523434512804.7725
8.247883, 10.063576, 3.899129, 1523434512889.0974
8.261309, 10.108, 3.905361, 1523434512973.1919
8.275768, 10.152135, 3.91014, 1523434513056.7334
8.293425, 10.210471, 3.919076, 1523434513140.0444
8.317245, 10.271688, 3.950135, 1523434513222.9866
8.325669, 10.322517, 3.99292, 1523434513305.3298
8.323564, 10.364977, 4.038128, 1523434513387.4888
8.324643, 10.394806, 4.071661, 1523434513469.5557
8.30221, 10.4334, 4.095207, 1523434513551.5767
8.278843, 10.481756, 4.098074, 1523434513633.7820
8.263666, 10.529562, 4.087802, 1523434513716.3562
8.252445, 10.597004, 4.093686, 1523434513799.3906
8.235318, 10.659925, 4.129485, 1523434513883.1165
8.230043, 10.722633, 4.162385, 1523434513967.5793
8.234834, 10.768866, 4.20659, 1523434514052.4568
8.239188, 10.796656, 4.253849, 1523434514137.2888
8.258412, 10.8261, 4.283091, 1523434514221.8901
8.284708, 10.862489, 4.286244, 1523434514306.1226
8.304804, 10.915201, 4.283464, 1523434514389.8943
8.326416, 10.971649, 4.28343, 1523434514473.2053
8.350029, 11.035739, 4.297678, 1523434514555.9631
8.361475, 11.09577, 4.339561, 1523434514638.0303
8.376769, 11.14497, 4.392597, 1523434514720.0974
8.388464, 11.182695, 4.431954, 1523434514802.1643
8.372641, 11.21732, 4.459743, 1523434514884.1389
8.358496, 11.261353, 4.462004, 1523434514966.3440
8.34682, 11.314986, 4.462173, 1523434515048.7795
8.323874, 11.367242, 4.476917, 1523434515131.6294
8.306577, 11.424157, 4.506119, 1523434515215.3091
8.299913, 11.478375, 4.547741, 1523434515299.8179
8.282001, 11.524172, 4.601386, 1523434515384.3730
8.280643, 11.553367, 4.64536, 1523434515468.7903
8.287088, 11.586824, 4.667303, 1523434515552.7466
8.297616, 11.62993, 4.666845, 1523434515636.3804
8.304249, 11.689402, 4.663373, 1523434515719.7373
8.318648, 11.752147, 4.672352, 1523434515802.9099
8.340708, 11.806474, 4.699071, 1523434515885.7139
8.343317, 11.853335, 4.746244, 1523434515967.9651
8.358767, 11.883616, 4.793067, 1523434516050.3081
8.359939, 11.913268, 4.835024, 1523434516132.6052
8.34783, 11.949455, 4.840783, 1523434516215.1326
8.348549, 11.9967, 4.834206, 1523434516297.9827
8.331163, 12.047688, 4.839911, 1523434516380.8784
8.30509, 12.098363, 4.852847, 1523434516464.0049
8.287797, 12.16244, 4.881134, 1523434516547.7769
8.273387, 12.226002, 4.903325, 1523434516632.0554
8.254301, 12.271077, 4.961601, 1523434516716.3337
8.233824, 12.305411, 5.003664, 1523434516800.3357
8.239057, 12.338506, 5.022923, 1523434516884.1074
8.243715, 12.380783, 5.026961, 1523434516967.6030
8.244751, 12.434403, 5.022579, 1523434517050.8682
8.257133, 12.497475, 5.037303, 1523434517133.9487
8.258361, 12.551355, 5.074393, 1523434517216.6147
8.254663, 12.594032, 5.112573, 1523434517298.9580
8.259619, 12.631304, 5.158752, 1523434517381.4395
8.248272, 12.660074, 5.195513, 1523434517463.9673
8.236087, 12.693122, 5.21013, 1523434517546.6335
8.223461, 12.738172, 5.211214, 1523434517629.5757
8.207696, 12.788959, 5.216577, 1523434517712.7026
8.183733, 12.842463, 5.229644, 1523434517796.1055
8.155322, 12.897397, 5.266265, 1523434517880.0620
8.128049, 12.942463, 5.306374, 1523434517964.3867
8.102955, 12.978557, 5.358062, 1523434518048.5730
8.077796, 12.998207, 5.394818, 1523434518132.3911
8.061491, 13.016564, 5.42418, 1523434518215.8406
8.053316, 13.044384, 5.424214, 1523434518299.0134
8.046122, 13.085161, 5.419432, 1523434518382.0020
8.024671, 13.132381, 5.414146, 1523434518464.6680
7.998057, 13.188088, 5.403758, 1523434518547.1038
7.974962, 13.239555, 5.401997, 1523434518629.4009
7.948135, 13.293914, 5.410744, 1523434518711.6519
7.907616, 13.340278, 5.416139, 1523434518793.9492
7.866961, 13.388037, 5.416727, 1523434518876.5691
7.814874, 13.425878, 5.421027, 1523434518959.4653
7.759957, 13.448371, 5.420498, 1523434519042.6382
7.694936, 13.472281, 5.409897, 1523434519126.1338
7.620761, 13.489197, 5.401758, 1523434519209.9976
7.531793, 13.506202, 5.384653, 1523434519294.0920
7.436329, 13.513173, 5.393467, 1523434519378.2781
7.342188, 13.532724, 5.399684, 1523434519462.8335
7.249703, 13.563721, 5.409031, 1523434519547.5269
7.15439, 13.587664, 5.413228, 1523434519632.0359
7.060484, 13.621803, 5.395815, 1523434519716.4529
6.954065, 13.663587, 5.387763, 1523434519800.5933
6.863188, 13.689593, 5.376299, 1523434519884.3193
6.760042, 13.735758, 5.396004, 1523434519967.9526
6.657586, 13.768158, 5.431974, 1523434520050.9873
6.588415, 13.78607, 5.474867, 1523434520133.6995
6.529175, 13.812747, 5.521899, 1523434520216.5496
6.47907, 13.831981, 5.5603, 1523434520299.4456
6.421759, 13.834509, 5.576469, 1523434520382.5723
6.362252, 13.84605, 5.584342, 1523434520465.8831
6.294783, 13.854184, 5.574965, 1523434520549.1482
6.222668, 13.868493, 5.585777, 1523434520632.4128
6.158485, 13.880463, 5.603344, 1523434520716.0923
6.092942, 13.910567, 5.650651, 1523434520800.2788
6.044305, 13.93136, 5.699886, 1523434520884.2810
6.011712, 13.942835, 5.748728, 1523434520968.0068
5.971804, 13.971745, 5.762874, 1523434521051.4561
5.9198, 13.999984, 5.766544, 1523434521134.4902
5.866522, 14.034446, 5.759963, 1523434521217.2019
5.801258, 14.057963, 5.776794, 1523434521299.6833
5.739441, 14.076213, 5.820615, 1523434521381.6118
5.714653, 14.100785, 5.868321, 1523434521463.4482
5.67819, 14.111944, 5.915809, 1523434521545.4226
5.635159, 14.112418, 5.938348, 1523434521627.5356
5.583307, 14.119658, 5.939321, 1523434521709.9709
5.530551, 14.112529, 5.94062, 1523434521792.5906
5.474571, 14.103557, 5.947652, 1523434521875.4863
5.415851, 14.093043, 5.969861, 1523434521958.9817
5.353574, 14.10326, 5.995016, 1523434522043.5366
5.304214, 14.110037, 6.052355, 1523434522128.5063
5.27851, 14.125937, 6.104155, 1523434522213.6145
5.23754, 14.147327, 6.120959, 1523434522298.5840
5.189877, 14.172337, 6.11666, 1523434522383.1851
5.129431, 14.194162, 6.109587, 1523434522467.1409
5.071446, 14.218077, 6.116914, 1523434522550.5439
5.006529, 14.250813, 6.149448, 1523434522633.3938
4.954559, 14.26332, 6.203204, 1523434522715.5061
4.919766, 14.285912, 6.258565, 1523434522797.6650
4.875762, 14.294176, 6.292724, 1523434522879.7319
4.830577, 14.294718, 6.29725, 1523434522961.8906
4.767527, 14.306373, 6.292099, 1523434523044.4641
4.701248, 14.307478, 6.293167, 1523434523127.1763
4.654286, 14.306808, 6.324714, 1523434523210.4868
4.597634, 14.311133, 6.359989, 1523434523294.6274
4.546703, 14.307684, 6.4152, 1523434523378.7217
4.52579, 14.309049, 6.459912, 1523434523462.7236
4.501694, 14.318314, 6.490615, 1523434523546.5417
4.461637, 14.336074, 6.485222, 1523434523630.0830
4.406919, 14.352429, 6.470072, 1523434523713.2556
4.342839, 14.363592, 6.478571, 1523434523795.9675
4.283744, 14.377115, 6.518364, 1523434523878.2649
4.237691, 14.379714, 6.567347, 1523434523960.3315
4.19368, 14.391158, 6.613527, 1523434524042.5366
4.150918, 14.384127, 6.637311, 1523434524124.7876
4.10495, 14.373593, 6.642607, 1523434524207.3152
4.042061, 14.364451, 6.642429, 1523434524290.2576
3.98178, 14.355115, 6.639167, 1523434524373.4766
3.927445, 14.33606, 6.675089, 1523434524457.1101
3.86125, 14.337801, 6.694496, 1523434524541.4807
3.807422, 14.337261, 6.736519, 1523434524625.9895
3.765773, 14.337369, 6.78933, 1523434524710.3604
3.731344, 14.353596, 6.824434, 1523434524794.6846
3.686242, 14.386215, 6.828928, 1523434524878.8247
3.638687, 14.390856, 6.832587, 1523434524962.3660
3.586419, 14.400596, 6.837914, 1523434525045.5847
3.539385, 14.405551, 6.865532, 1523434525128.1580
3.499339, 14.410981, 6.919882, 1523434525210.5012
3.469819, 14.427295, 6.964299, 1523434525293.1206
3.439855, 14.429095, 6.996995, 1523434525376.0166
3.411474, 14.415435, 7.01596, 1523434525459.2354
3.384489, 14.41226, 7.011604, 1523434525542.6384
3.358317, 14.404417, 7.014968, 1523434525626.2258
3.329071, 14.385575, 7.010822, 1523434525709.8130
3.320787, 14.358459, 7.022843, 1523434525793.3540
3.285115, 14.320893, 7.022261, 1523434525876.9414
3.25701, 14.294279, 7.010174, 1523434525960.2058
3.236862, 14.263693, 7.014541, 1523434526043.1479
3.224257, 14.248744, 7.024108, 1523434526125.9058
3.20917, 14.241947, 7.030565, 1523434526208.5713
3.196622, 14.253288, 7.030667, 1523434526291.3752
3.206594, 14.273405, 7.045596, 1523434526374.2253
3.202802, 14.286799, 7.045797, 1523434526456.9834
3.178757, 14.304133, 7.050115, 1523434526540.0176
3.160743, 14.312128, 7.045897, 1523434526623.0979
3.147237, 14.310672, 7.047705, 1523434526706.2705
3.128904, 14.308089, 7.051085, 1523434526789.4426
3.101682, 14.301738, 7.03305, 1523434526872.5693
3.085132, 14.292978, 7.023521, 1523434526955.5576
3.088895, 14.285051, 7.026736, 1523434527038.3613
3.079005, 14.264582, 7.027927, 1523434527120.9351
3.064885, 14.249296, 7.015889, 1523434527203.3701
3.068262, 14.235509, 7.018172, 1523434527285.7593
3.068503, 14.211962, 7.012882, 1523434527368.2866
3.079489, 14.203788, 7.020744, 1523434527451.0908
3.094832, 14.20401, 7.022862, 1523434527534.3093
3.124084, 14.205428, 7.026808, 1523434527617.8970
3.162076, 14.206945, 7.028234, 1523434527701.8525
3.1912, 14.204372, 7.029366, 1523434527786.0386
3.233111, 14.208354, 7.020721, 1523434527870.3169
3.265205, 14.203981, 7.027914, 1523434527954.5496
3.297792, 14.20163, 7.022691, 1523434528038.5974
3.327702, 14.195912, 7.018433, 1523434528122.3230
3.355583, 14.19541, 7.020224, 1523434528205.7263
3.38402, 14.203892, 7.015938, 1523434528288.7605
3.39776, 14.211024, 7.012892, 1523434528371.4724
3.388186, 14.218296, 7.022731, 1523434528454.1379
3.367022, 14.228942, 7.044222, 1523434528536.6655
3.357924, 14.237911, 7.037013, 1523434528619.1472
3.357037, 14.232977, 7.026751, 1523434528701.5823
3.360482, 14.229887, 7.02697, 1523434528784.1096
3.353946, 14.216745, 7.023709, 1523434528867.1897
3.349905, 14.203492, 7.023754, 1523434528950.8691
3.354562, 14.20343, 7.02346, 1523434529035.0090
3.358263, 14.203059, 7.026784, 1523434529119.5176
3.365001, 14.206506, 7.027554, 1523434529204.3030
3.375998, 14.21037, 7.025874, 1523434529289.0422
3.377473, 14.20781, 7.030949, 1523434529373.7812
3.38118, 14.208366, 7.031475, 1523434529458.1982
3.389007, 14.208061, 7.027905, 1523434529542.2463
3.387434, 14.21201, 7.028562, 1523434529626.0181
3.392375, 14.217436, 7.03024, 1523434529709.5591
3.399786, 14.221601, 7.02836, 1523434529792.9619
3.400148, 14.22436, 7.027453, 1523434529876.1804
3.405089, 14.232702, 7.02855, 1523434529959.2605
3.409999, 14.231426, 7.031643, 1523434530042.1565
3.417393, 14.238511, 7.02057, 1523434530125.0066
3.425595, 14.238856, 7.025568, 1523434530207.9028
3.42912, 14.237118, 7.023759, 1523434530290.8909
3.429767, 14.233464, 7.024105, 1523434530373.9712
3.440576, 14.23056, 7.016274, 1523434530457.0977
3.444316, 14.210762, 7.014387, 1523434530540.3162
3.472411, 14.205811, 7.015521, 1523434530623.6729
3.456942, 14.177392, 7.000896, 1523434530707.3064
3.443707, 14.149461, 6.99315, 1523434530791.0779
3.426269, 14.123946, 6.990656, 1523434530874.6650
3.393948, 14.095525, 6.992263, 1523434530958.1138
3.346914, 14.061613, 6.996889, 1523434531041.5168
3.306801, 14.035637, 6.997383, 1523434531124.9197
3.269162, 14.011677, 7.005881, 1523434531208.0461
3.23509, 13.998036, 7.010649, 1523434531290.9421
3.19881, 13.973188, 7.003214, 1523434531373.6538
3.16062, 13.945741, 6.997658, 1523434531456.4116
3.126666, 13.906638, 6.995918, 1523434531539.1692
3.086755, 13.866727, 6.985528, 1523434531621.9731
3.050082, 13.817816, 6.983076, 1523434531704.8230
3.012997, 13.776934, 6.969462, 1523434531787.7190
2.997045, 13.740643, 6.979206, 1523434531870.7993
2.964789, 13.701532, 6.981165, 1523434531953.9258
2.92846, 13.655753, 6.984231, 1523434532036.9143
2.884817, 13.61959, 6.988392, 1523434532119.7180
2.848363, 13.591489, 6.991111, 1523434532202.1992
2.795857, 13.559451, 6.990899, 1523434532284.5422
2.732162, 13.517445, 6.978802, 1523434532366.7012
2.668987, 13.485258, 6.970395, 1523434532448.7676
2.589546, 13.461432, 6.99217, 1523434532530.8342
2.542173, 13.439964, 7.034898, 1523434532612.8547
2.50924, 13.425564, 7.091817, 1523434532695.1980
2.484044, 13.410466, 7.133055, 1523434532777.9553
2.467049, 13.394543, 7.146842, 1523434532860.8054
2.438952, 13.357762, 7.157689, 1523434532943.8398
2.402971, 13.323406, 7.152619, 1523434533026.9663
2.374722, 13.298663, 7.157102, 1523434533110.3230
2.326862, 13.246209, 7.173791, 1523434533194.0024
2.290446, 13.214301, 7.216464, 1523434533278.4192
2.238188, 13.198694, 7.263364, 1523434533363.3428
2.213879, 13.176997, 7.31021, 1523434533447.9897
2.186816, 13.162431, 7.338632, 1523434533532.2224
2.139731, 13.137166, 7.339705, 1523434533615.9939
2.091419, 13.098555, 7.333175, 1523434533699.2583
2.025291, 13.044557, 7.345606, 1523434533782.2927
1.985902, 13.007389, 7.386329, 1523434533864.7283
1.963183, 12.975662, 7.435931, 1523434533946.8408
1.929333, 12.948077, 7.485135, 1523434534029.0457
1.909625, 12.914756, 7.500368, 1523434534111.4351
1.888268, 12.870721, 7.49325, 1523434534194.2849
1.861796, 12.82283, 7.493861, 1523434534277.5496
1.853951, 12.782809, 7.504859, 1523434534360.9985
1.844001, 12.720777, 7.530632, 1523434534445.0005
1.809856, 12.661764, 7.575592, 1523434534529.7395
1.794006, 12.621202, 7.629645, 1523434534614.3403
1.795141, 12.584324, 7.672247, 1523434534698.4805
1.788847, 12.548865, 7.685054, 1523434534782.3442
1.766099, 12.495096, 7.669741, 1523434534866.0237
1.74519, 12.430218, 7.661984, 1523434534949.5186
1.725331, 12.372105, 7.653306, 1523434535032.8293
1.688227, 12.316552, 7.665704, 1523434535116.0020
1.658964, 12.248446, 7.679244, 1523434535198.5754
1.626717, 12.176672, 7.67408, 1523434535281.1489
1.598936, 12.109306, 7.676005, 1523434535364.0452
1.574765, 12.027099, 7.673504, 1523434535447.4021
1.56734, 11.944723, 7.673044, 1523434535530.9431
1.559246, 11.860929, 7.684893, 1523434535614.6223
1.565409, 11.785017, 7.713656, 1523434535698.4399
1.556994, 11.700289, 7.753218, 1523434535782.8562
1.552485, 11.631333, 7.788048, 1523434535867.0884
1.562272, 11.588887, 7.831909, 1523434535951.1360
1.544445, 11.542594, 7.843732, 1523434536034.9998
1.517583, 11.471408, 7.845613, 1523434536118.5408
1.495865, 11.40968, 7.830243, 1523434536201.8052
1.470513, 11.338695, 7.83106, 1523434536284.8394
1.449596, 11.269206, 7.859861, 1523434536367.4126
1.443873, 11.213973, 7.90459, 1523434536449.5254
1.437843, 11.173774, 7.947846, 1523434536531.6838
1.436616, 11.130527, 7.986302, 1523434536613.8425
1.462256, 11.0939, 8.002341, 1523434536695.9551
1.474292, 11.049343, 8.000522, 1523434536778.6204
1.48353, 10.993996, 8.008951, 1523434536861.5627
1.502323, 10.939034, 8.023577, 1523434536944.9197
1.514076, 10.881664, 8.059046, 1523434537029.1057
1.514247, 10.817697, 8.113693, 1523434537113.8447
1.522802, 10.778864, 8.156739, 1523434537198.5381
1.524299, 10.757489, 8.188175, 1523434537283.0928
1.509872, 10.722676, 8.192549, 1523434537367.3716
1.502314, 10.668894, 8.187506, 1523434537451.0967
1.492388, 10.601772, 8.185552, 1523434537534.5457
1.482946, 10.533559, 8.204439, 1523434537617.6719
1.487034, 10.463388, 8.24381, 1523434537700.1528
1.4967, 10.40775, 8.289308, 1523434537782.1272
1.499558, 10.37136, 8.342791, 1523434537864.2397
1.516388, 10.336022, 8.373736, 1523434537946.1680
1.534557, 10.299351, 8.375534, 1523434538028.4187
1.552487, 10.243893, 8.364282, 1523434538111.0840
1.573027, 10.182613, 8.380378, 1523434538194.1182
1.596269, 10.133053, 8.411093, 1523434538277.8433
1.614225, 10.069583, 8.447576, 1523434538362.3062
1.626104, 10.010868, 8.488974, 1523434538446.8608
1.633312, 9.972684, 8.531616, 1523434538531.1392
1.636308, 9.942816, 8.565631, 1523434538615.0486
1.630017, 9.903931, 8.56806, 1523434538698.5896
1.631237, 9.853317, 8.563879, 1523434538781.7158
1.626303, 9.798308, 8.580116, 1523434538864.7502
1.622115, 9.74219, 8.611039, 1523434538947.5078
1.637927, 9.687417, 8.654263, 1523434539029.6665
1.639218, 9.638694, 8.710259, 1523434539111.9170
1.636413, 9.603603, 8.744686, 1523434539194.3518
1.6645, 9.559779, 8.762341, 1523434539276.8792
1.685732, 9.514685, 8.75807, 1523434539359.7288
1.70897, 9.456811, 8.756308, 1523434539442.6707
1.732682, 9.407141, 8.765114, 1523434539525.9353
1.763289, 9.34794, 8.789555, 1523434539609.6143
1.787495, 9.278681, 8.836862, 1523434539694.0769
1.800866, 9.222072, 8.884043, 1523434539778.8159
1.821987, 9.187016, 8.930223, 1523434539863.1401
1.839863, 9.16738, 8.962119, 1523434539946.8652
1.850684, 9.127417, 8.969407, 1523434540030.1758
1.862146, 9.086022, 8.967971, 1523434540113.2097
1.877113, 9.037262, 8.961193, 1523434540196.1055
1.887675, 8.980376, 8.955314, 1523434540278.8169
1.903349, 8.92073, 8.969115, 1523434540361.2517
1.92024, 8.856918, 8.980974, 1523434540443.5027
1.932013, 8.796381, 8.979677, 1523434540525.8916
1.955683, 8.73791, 8.978602, 1523434540608.5110
1.982421, 8.67902, 8.978546, 1523434540691.4065
2.016244, 8.621351, 8.967127, 1523434540774.6250
2.060084, 8.552096, 8.961058, 1523434540857.9353
2.108308, 8.488783, 8.970525, 1523434540941.2456
2.154528, 8.43622, 9.001575, 1523434541024.7405
2.196381, 8.37043, 9.02529, 1523434541108.8340
2.226863, 8.333261, 9.07383, 1523434541192.9739
2.252378, 8.310861, 9.110708, 1523434541276.6987
2.265592, 8.280622, 9.128294, 1523434541360.1934
2.280338, 8.232474, 9.132943, 1523434541443.4114
2.299928, 8.177413, 9.134393, 1523434541526.4456
2.326202, 8.109826, 9.145467, 1523434541609.5256
2.342174, 8.058134, 9.178251, 1523434541692.3752
2.362968, 8.027083, 9.239011, 1523434541774.7180
2.370826, 7.997535, 9.288082, 1523434541857.3376
2.381547, 7.978394, 9.330747, 1523434541940.0027
2.419444, 7.948793, 9.340685, 1523434542022.9448
2.458523, 7.907253, 9.33441, 1523434542106.3015
2.499982, 7.873667, 9.3338, 1523434542189.7959
2.546654, 7.842918, 9.34739, 1523434542273.6133
2.603278, 7.826138, 9.37991, 1523434542357.6147
2.651552, 7.787384, 9.417365, 1523434542442.1235
2.689737, 7.758465, 9.464323, 1523434542526.4937
2.717145, 7.73726, 9.505997, 1523434542610.5874
2.741853, 7.706123, 9.515011, 1523434542694.3125
2.77159, 7.668421, 9.511035, 1523434542777.6228
2.807778, 7.629406, 9.511805, 1523434542860.5647
2.836954, 7.583155, 9.52656, 1523434542943.3225
2.860238, 7.543221, 9.575891, 1523434543025.5730
2.884203, 7.513983, 9.622272, 1523434543107.7776
2.89993, 7.483369, 9.670885, 1523434543190.3044
2.919106, 7.468181, 9.694047, 1523434543273.0159
2.956779, 7.447196, 9.699442, 1523434543356.0500
2.996037, 7.423612, 9.707149, 1523434543439.2681
3.035639, 7.395967, 9.704186, 1523434543522.7170
3.09225, 7.358928, 9.688099, 1523434543606.4421
3.145973, 7.323408, 9.680971, 1523434543690.2593
3.202498, 7.287915, 9.701709, 1523434543774.2607
3.260442, 7.242471, 9.714093, 1523434543858.5388
3.298816, 7.196043, 9.725863, 1523434543942.5867
3.353078, 7.154282, 9.716326, 1523434544026.0352
3.396143, 7.105347, 9.719886, 1523434544109.2073
3.445924, 7.06364, 9.716187, 1523434544191.8267
3.505142, 7.012547, 9.701847, 1523434544274.2617
3.557165, 6.964347, 9.706556, 1523434544356.5581
3.607538, 6.9178, 9.710761, 1523434544438.7629
3.668649, 6.87645, 9.717893, 1523434544520.7371
3.730133, 6.825793, 9.724003, 1523434544602.9873
3.791959, 6.785825, 9.725436, 1523434544685.4688
3.857596, 6.756528, 9.733631, 1523434544768.3181
3.926488, 6.726293, 9.713645, 1523434544851.5364
4.006909, 6.702388, 9.699377, 1523434544934.9392
4.094692, 6.680729, 9.710443, 1523434545018.6179
4.169502, 6.654747, 9.719265, 1523434545102.8037
4.252959, 6.614068, 9.730373, 1523434545187.2202
4.337928, 6.585354, 9.744334, 1523434545271.1755
4.41385, 6.559277, 9.720545, 1523434545354.7625
4.494399, 6.537022, 9.714192, 1523434545438.0266
4.587015, 6.510509, 9.705579, 1523434545521.1531
4.669311, 6.481269, 9.707305, 1523434545604.1868
4.749449, 6.457186, 9.714647, 1523434545686.8057
4.829255, 6.442962, 9.723684, 1523434545769.6094
4.908537, 6.429923, 9.727375, 1523434545852.8276
4.991165, 6.429218, 9.717258, 1523434545936.2764
5.072178, 6.431477, 9.714354, 1523434546020.0476
5.160151, 6.436862, 9.713418, 1523434546103.9570
5.253078, 6.446311, 9.710926, 1523434546187.8662
5.339256, 6.443611, 9.734647, 1523434546271.9602
5.43711, 6.428773, 9.729275, 1523434546356.1924
5.532832, 6.428566, 9.731548, 1523434546440.0559
5.624445, 6.428955, 9.726612, 1523434546523.5967
5.718103, 6.423735, 9.723056, 1523434546606.8147
5.806948, 6.421727, 9.715773, 1523434546689.7563
5.900712, 6.406229, 9.713162, 1523434546772.6062
5.989538, 6.401266, 9.717672, 1523434546855.1331
6.08193, 6.399936, 9.726167, 1523434546937.6602
6.168207, 6.388498, 9.742496, 1523434547020.4175
6.251856, 6.400899, 9.742297, 1523434547103.3135
6.335662, 6.411705, 9.732199, 1523434547186.5776
6.43048, 6.417053, 9.724959, 1523434547270.0264
6.528056, 6.449406, 9.706488, 1523434547353.5210
6.610136, 6.453012, 9.72421, 1523434547437.5227
6.692912, 6.453135, 9.730919, 1523434547521.6165
6.798035, 6.472697, 9.730339, 1523434547605.2034
6.895298, 6.481095, 9.728181, 1523434547688.4211
6.986784, 6.495083, 9.726611, 1523434547771.2712
7.079475, 6.492956, 9.719871, 1523434547854.0745
7.16868, 6.490745, 9.716555, 1523434547936.6938
7.264429, 6.494725, 9.731317, 1523434548018.8982
7.340512, 6.503562, 9.752188, 1523434548101.2871
7.428513, 6.49855, 9.754645, 1523434548184.3208
7.521016, 6.507263, 9.741643, 1523434548267.5852
7.616495, 6.520514, 9.735174, 1523434548351.0798
7.716069, 6.534143, 9.715419, 1523434548434.5286
7.809688, 6.556126, 9.709563, 1523434548517.8389
7.913874, 6.582468, 9.719945, 1523434548601.5178
8.004378, 6.580334, 9.725734, 1523434548685.5193
8.105405, 6.597896, 9.722229, 1523434548769.1523
8.198972, 6.606492, 9.724264, 1523434548852.6467
8.290722, 6.609501, 9.722907, 1523434548935.6807
8.38728, 6.620269, 9.717458, 1523434549018.4841
8.482786, 6.613504, 9.706134, 1523434549101.2415
8.571938, 6.609158, 9.717752, 1523434549183.7224
8.661047, 6.622632, 9.715014, 1523434549266.1111
8.752758, 6.610688, 9.736632, 1523434549349.0989
8.837279, 6.604315, 9.739188, 1523434549432.3174
8.925667, 6.60694, 9.732496, 1523434549515.9958
9.02551, 6.605196, 9.717628, 1523434549599.8132
9.128905, 6.631057, 9.711439, 1523434549683.4460
9.229269, 6.65126, 9.719523, 1523434549767.2170
9.327221, 6.645992, 9.731354, 1523434549851.1724
9.429528, 6.644177, 9.7344, 1523434549934.8975
9.519414, 6.641067, 9.733448, 1523434550018.3918
9.61696, 6.633299, 9.729666, 1523434550101.5178
9.708295, 6.647897, 9.708589, 1523434550184.2754
9.801296, 6.632772, 9.715764, 1523434550267.1250
9.885451, 6.625465, 9.730129, 1523434550349.6057
9.972709, 6.626548, 9.735056, 1523434550431.9946
10.05953, 6.610264, 9.751405, 1523434550514.9365
10.142106, 6.617898, 9.751648, 1523434550598.1084
10.231104, 6.618528, 9.741258, 1523434550681.6494
10.327289, 6.609983, 9.72639, 1523434550765.4204
10.425571, 6.61902, 9.721466, 1523434550849.1455
10.522637, 6.623185, 9.734536, 1523434550933.1011
10.614357, 6.614362, 9.741044, 1523434551017.3330
10.712065, 6.607753, 9.725923, 1523434551101.3342
10.806641, 6.59555, 9.738796, 1523434551185.1055
10.898394, 6.583222, 9.735148, 1523434551268.5081
10.982079, 6.572781, 9.728063, 1523434551351.5417
11.066031, 6.54365, 9.720678, 1523434551434.4375
11.149446, 6.51042, 9.7183, 1523434551517.1484
11.230078, 6.487719, 9.730866, 1523434551599.6294
11.302872, 6.453992, 9.742616, 1523434551682.6633
11.379526, 6.411828, 9.748415, 1523434551766.1580
11.458417, 6.384165, 9.737115, 1523434551849.8367
11.547404, 6.340934, 9.725931, 1523434551933.6541
11.633769, 6.296067, 9.713295, 1523434552017.3328
11.700339, 6.262414, 9.725753, 1523434552101.0579
11.774796, 6.206885, 9.732012, 1523434552185.1055
11.858252, 6.142029, 9.724462, 1523434552268.8765
11.927506, 6.083887, 9.729387, 1523434552352.3711
11.989128, 6.012862, 9.72493, 1523434552435.4048
12.044004, 5.947515, 9.723601, 1523434552517.8857
12.087528, 5.868607, 9.706536, 1523434552600.2742
12.130301, 5.797369, 9.715342, 1523434552682.5244
12.165818, 5.727617, 9.725134, 1523434552764.6370
12.184343, 5.654078, 9.727635, 1523434552847.1636
12.202431, 5.581572, 9.740685, 1523434552930.0591
12.232963, 5.503371, 9.744909, 1523434553013.2312
12.272557, 5.417969, 9.730349, 1523434553096.6335
12.307191, 5.335654, 9.708267, 1523434553179.8521
12.352723, 5.246012, 9.715105, 1523434553262.8396
12.380734, 5.158885, 9.71882, 1523434553346.0579
12.387698, 5.060025, 9.727218, 1523434553429.4604
12.412155, 4.961354, 9.724644, 1523434553512.7244
12.434379, 4.87284, 9.731316, 1523434553595.7578
12.447945, 4.776695, 9.71209, 1523434553678.5151
12.468531, 4.697154, 9.703893, 1523434553761.0420
12.468417, 4.605767, 9.69583, 1523434553843.5688
12.457065, 4.517356, 9.690607, 1523434553926.1880
12.455479, 4.420555, 9.695381, 1523434554008.6685
12.447283, 4.335408, 9.695984, 1523434554091.5181
12.422918, 4.257397, 9.713233, 1523434554174.9204
12.413661, 4.16427, 9.720513, 1523434554258.6450
12.397482, 4.074005, 9.697882, 1523434554342.7847
12.386566, 3.953497, 9.675966, 1523434554426.7397
12.382889, 3.856449, 9.675541, 1523434554510.7415
12.353864, 3.77073, 9.691728, 1523434554595.1575
12.311435, 3.676126, 9.695269, 1523434554679.6655
12.280501, 3.588773, 9.703652, 1523434554763.8054
12.23417, 3.500583, 9.695179, 1523434554847.6223
12.197429, 3.43129, 9.693547, 1523434554930.8403
12.150407, 3.356469, 9.692278, 1523434555013.7820
12.090451, 3.292093, 9.682423, 1523434555096.5852
12.051078, 3.228808, 9.697967, 1523434555179.0662
12.000923, 3.177058, 9.713743, 1523434555261.8694
11.947517, 3.122213, 9.726029, 1523434555344.9492
11.899789, 3.052163, 9.718718, 1523434555428.0288
11.844549, 2.983388, 9.712902, 1523434555511.2466
11.787525, 2.914594, 9.703131, 1523434555594.3264
11.73201, 2.838372, 9.686582, 1523434555677.3601
11.66976, 2.773864, 9.70558, 1523434555760.6243
11.598971, 2.713916, 9.713876, 1523434555844.0725
11.510132, 2.63828, 9.707298, 1523434555927.2446
11.429528, 2.574761, 9.705364, 1523434556010.1860
11.356059, 2.510978, 9.690845, 1523434556092.8052
11.278424, 2.461865, 9.680309, 1523434556175.2856
11.19371, 2.417844, 9.645117, 1523434556257.8584
11.096192, 2.376621, 9.664636, 1523434556340.4773
11.021928, 2.333174, 9.667113, 1523434556422.9580
10.937405, 2.297705, 9.685285, 1523434556506.0374
10.847898, 2.272101, 9.698611, 1523434556589.4399
10.772318, 2.218228, 9.668839, 1523434556672.9341
10.681427, 2.170584, 9.659679, 1523434556756.6589
10.603837, 2.109611, 9.646184, 1523434556840.2454
10.52528, 2.0683, 9.66209, 1523434556923.8782
10.411511, 2.044266, 9.649881, 1523434557007.8333
10.328122, 2.002336, 9.660532, 1523434557091.7422
10.249538, 1.960317, 9.671878, 1523434557175.1448
10.161393, 1.930212, 9.679827, 1523434557258.2705
10.074964, 1.897076, 9.677135, 1523434557340.9817
9.98675, 1.880538, 9.667735, 1523434557423.7849
9.888788, 1.876282, 9.670923, 1523434557506.5422
9.8075, 1.851999, 9.687403, 1523434557589.0227
9.72356, 1.842109, 9.699849, 1523434557671.9182
9.656793, 1.829375, 9.705136, 1523434557755.1362
9.589473, 1.788778, 9.694345, 1523434557838.5840
9.485985, 1.76222, 9.678533, 1523434557922.2166
9.393105, 1.709984, 9.669234, 1523434558005.8955
9.300794, 1.679494, 9.677802, 1523434558089.7124
9.200156, 1.655753, 9.681023, 1523434558173.9441
9.095054, 1.637183, 9.674739, 1523434558257.9448
8.982163, 1.603905, 9.686304, 1523434558341.5774
8.887305, 1.587742, 9.688034, 1523434558424.8413
8.786905, 1.566169, 9.667298, 1523434558507.6902
8.698998, 1.555473, 9.655156, 1523434558590.5396
8.608488, 1.548141, 9.659904, 1523434558673.2964
8.504995, 1.531105, 9.677132, 1523434558755.8694
8.418224, 1.527733, 9.675292, 1523434558838.7183
8.334279, 1.5229, 9.694302, 1523434558921.8899
8.238018, 1.491557, 9.688569, 1523434559005.2461
8.148662, 1.475719, 9.665249, 1523434559088.9246
8.053708, 1.465956, 9.658898, 1523434559172.5571
7.947707, 1.445493, 9.638971, 1523434559256.1897
7.8466, 1.42652, 9.67469, 1523434559340.2830
7.746949, 1.428828, 9.678528, 1523434559424.5605
7.646894, 1.424565, 9.671158, 1523434559508.5618
7.560709, 1.419596, 9.676068, 1523434559591.9639
7.465422, 1.396112, 9.668305, 1523434559674.8589
7.369769, 1.390097, 9.643087, 1523434559757.5701
7.27648, 1.393718, 9.663652, 1523434559840.0967
7.189063, 1.378538, 9.665059, 1523434559922.2085
7.095384, 1.381709, 9.673662, 1523434560004.8730
6.99778, 1.392825, 9.679529, 1523434560087.9985
6.896223, 1.392836, 9.673613, 1523434560171.4006
6.802187, 1.395505, 9.665226, 1523434560255.1711
6.696187, 1.385419, 9.649632, 1523434560338.8499
6.598573, 1.385669, 9.64779, 1523434560422.7126
6.509782, 1.389787, 9.665352, 1523434560506.8982
6.418359, 1.392348, 9.672442, 1523434560590.8992
6.315504, 1.395593, 9.676559, 1523434560674.6702
6.23534, 1.419076, 9.671848, 1523434560758.2104
6.138358, 1.432442, 9.672575, 1523434560841.3818
6.051342, 1.462173, 9.657306, 1523434560924.5999
5.970307, 1.503755, 9.665504, 1523434561007.6792
5.888722, 1.527293, 9.682776, 1523434561090.3899
5.810306, 1.555788, 9.685906, 1523434561173.2852
5.72949, 1.593349, 9.700797, 1523434561256.5029
5.647193, 1.61567, 9.68315, 1523434561339.7664
5.55272, 1.652364, 9.67085, 1523434561423.0764
5.462232, 1.687319, 9.653, 1523434561506.3401
5.362135, 1.71849, 9.663128, 1523434561589.5576
5.283443, 1.757412, 9.678944, 1523434561673.0518
5.206843, 1.808431, 9.683585, 1523434561756.8225
5.124139, 1.857795, 9.67942, 1523434561840.2708
5.059032, 1.913221, 9.672832, 1523434561923.5806
4.997127, 1.96084, 9.666682, 1523434562006.5217
4.939512, 2.028355, 9.666682, 1523434562089.2791
4.908373, 2.101359, 9.670311, 1523434562172.1738
4.87564, 2.157518, 9.679491, 1523434562254.7930
4.845123, 2.219155, 9.688625, 1523434562337.4578
4.820257, 2.294073, 9.710265, 1523434562420.4912
4.787961, 2.365221, 9.701118, 1523434562503.8472
4.747132, 2.428241, 9.69337, 1523434562587.3416
4.678041, 2.501903, 9.685092, 1523434562670.6514
4.610744, 2.567476, 9.678776, 1523434562753.7307
4.551514, 2.634927, 9.678346, 1523434562836.9026
4.506732, 2.717196, 9.675681, 1523434562920.3970
4.443419, 2.816445, 9.691335, 1523434563003.8447
4.405846, 2.888339, 9.690379, 1523434563087.3853
4.371859, 2.964664, 9.689806, 1523434563170.7412
4.33567, 3.047186, 9.691936, 1523434563253.9124
4.315497, 3.121779, 9.678638, 1523434563336.8997
4.290087, 3.198677, 9.684424, 1523434563419.6106
4.271674, 3.280699, 9.694076, 1523434563502.1833
4.250521, 3.357582, 9.711172, 1523434563584.8481
4.234437, 3.435759, 9.710781, 1523434563667.9736
4.215301, 3.526562, 9.704885, 1523434563751.3757
4.18795, 3.625989, 9.693561, 1523434563834.8232
4.152981, 3.734219, 9.677584, 1523434563918.3174
4.106615, 3.839014, 9.680446, 1523434564001.8577
4.084887, 3.943711, 9.698483, 1523434564085.8584
4.082052, 4.035933, 9.715177, 1523434564169.9053
4.06139, 4.133768, 9.715496, 1523434564253.5374
4.063873, 4.230158, 9.705176, 1523434564336.9395
4.071258, 4.322322, 9.689811, 1523434564419.9727
4.088765, 4.42127, 9.677401, 1523434564503.0518
4.128512, 4.522038, 9.688478, 1523434564586.1313
4.129961, 4.623724, 9.6932, 1523434564668.3813
4.151348, 4.705959, 9.698901, 1523434564751.0002
4.182664, 4.781075, 9.720171, 1523434564833.8491
4.200194, 4.861657, 9.715026, 1523434564917.0667
4.2163, 4.950702, 9.697919, 1523434565000.6069
4.241318, 5.045915, 9.691765, 1523434565084.1929
4.264911, 5.129054, 9.691981, 1523434565168.1016
4.299479, 5.216784, 9.691022, 1523434565252.5635
4.336048, 5.312346, 9.700805, 1523434565336.7024
4.368978, 5.405706, 9.707267, 1523434565420.6113
4.417796, 5.488081, 9.701824, 1523434565504.0134
4.471055, 5.564867, 9.694119, 1523434565586.8618
4.525251, 5.628485, 9.688595, 1523434565669.5271
4.588253, 5.684486, 9.702057, 1523434565751.9614
4.64052, 5.73219, 9.72408, 1523434565834.2114
4.704926, 5.77288, 9.720572, 1523434565917.0139
4.774759, 5.829883, 9.730863, 1523434566000.3237
4.83876, 5.884902, 9.72309, 1523434566083.8640
4.906881, 5.947855, 9.709079, 1523434566167.4500
4.979201, 6.009517, 9.696753, 1523434566250.8057
5.048646, 6.075241, 9.708595, 1523434566334.1616
5.126775, 6.133905, 9.718657, 1523434566417.7937
5.204524, 6.17077, 9.727137, 1523434566501.6562
5.278598, 6.217534, 9.735871, 1523434566585.2886
5.354663, 6.248115, 9.729337, 1523434566668.5979
5.42954, 6.282075, 9.717483, 1523434566751.4927
5.505545, 6.306719, 9.712061, 1523434566834.0652
5.591768, 6.316286, 9.709049, 1523434566916.4993
5.677001, 6.331477, 9.724578, 1523434566998.7031
5.762142, 6.341952, 9.735615, 1523434567081.0913
5.835958, 6.343975, 9.752337, 1523434567163.8940
5.9094, 6.363173, 9.757295, 1523434567247.0193
6.002901, 6.39214, 9.736213, 1523434567330.6514
6.100439, 6.421992, 9.721884, 1523434567414.2837
6.193733, 6.465007, 9.721832, 1523434567497.8696
6.296684, 6.502676, 9.72716, 1523434567581.5940
6.401325, 6.50006, 9.72623, 1523434567665.9172
6.497263, 6.500051, 9.732803, 1523434567750.1943
6.582874, 6.502868, 9.738043, 1523434567834.0110
6.670536, 6.50278, 9.730462, 1523434567917.5044
6.753941, 6.508269, 9.715555, 1523434568000.6299
6.83306, 6.49422, 9.709805, 1523434568083.6169
6.90248, 6.488012, 9.726012, 1523434568166.0967
6.975502, 6.501453, 9.737624, 1523434568248.2544
7.054114, 6.494069, 9.751186, 1523434568330.9189
7.138294, 6.50348, 9.747329, 1523434568413.7217
7.21621, 6.521811, 9.736138, 1523434568496.8931
7.311477, 6.528974, 9.731964, 1523434568580.3870
7.417376, 6.553567, 9.721764, 1523434568663.9270
7.508968, 6.557695, 9.723471, 1523434568748.0659
7.603421, 6.540796, 9.738244, 1523434568832.5737
7.701066, 6.548583, 9.742866, 1523434568916.6667
7.809746, 6.550941, 9.737049, 1523434569000.3911
7.899864, 6.551374, 9.727715, 1523434569083.7009
7.991295, 6.551462, 9.716901, 1523434569166.5955
8.087156, 6.538044, 9.722743, 1523434569249.4443
8.175716, 6.535503, 9.723789, 1523434569331.9246
8.262856, 6.547191, 9.738386, 1523434569414.1284
8.350286, 6.537668, 9.751247, 1523434569496.7004
8.432996, 6.537798, 9.758939, 1523434569579.5034
8.530485, 6.544093, 9.748641, 1523434569662.7209
8.63216, 6.547854, 9.72672, 1523434569746.3069
8.727656, 6.564035, 9.710086, 1523434569829.9390
8.833144, 6.572275, 9.71835, 1523434569913.8013
8.929183, 6.563064, 9.733951, 1523434569998.0784
9.02815, 6.550991, 9.736815, 1523434570082.1714
9.117269, 6.563763, 9.739074, 1523434570165.7571
9.209109, 6.56498, 9.734399, 1523434570248.9746
9.299992, 6.568001, 9.729639, 1523434570331.7773
9.38304, 6.564614, 9.711918, 1523434570414.4878
9.477569, 6.551562, 9.713895, 1523434570497.1521
9.56311, 6.55241, 9.730274, 1523434570579.5400
9.647296, 6.55958, 9.739014, 1523434570661.9277
9.732855, 6.568463, 9.750763, 1523434570744.4541
9.821373, 6.591736, 9.748119, 1523434570827.0261
9.913525, 6.596758, 9.726548, 1523434570910.0132
10.005328, 6.611015, 9.721602, 1523434570993.3228
10.089588, 6.627974, 9.720823, 1523434571076.8625
10.175287, 6.634591, 9.732422, 1523434571161.0476
10.267583, 6.63245, 9.741495, 1523434571245.4631
10.365249, 6.633535, 9.738926, 1523434571329.6018
10.457017, 6.632043, 9.7466, 1523434571413.5566
10.540333, 6.630481, 9.749911, 1523434571497.0503
10.631645, 6.625005, 9.732403, 1523434571580.3601
10.716426, 6.60999, 9.731223, 1523434571663.4851
10.803352, 6.615504, 9.741618, 1523434571745.9189
10.881963, 6.625866, 9.744999, 1523434571828.0305
10.97412, 6.61037, 9.746626, 1523434571910.6028
11.064986, 6.610615, 9.755367, 1523434571993.4055
11.155564, 6.615523, 9.744433, 1523434572076.8069
11.250439, 6.619688, 9.730688, 1523434572160.3005
11.342623, 6.648443, 9.725268, 1523434572243.6560
11.43587, 6.664318, 9.721692, 1523434572327.4258
11.537892, 6.661705, 9.729186, 1523434572411.5645
11.638461, 6.671556, 9.740271, 1523434572495.4729
11.726205, 6.69385, 9.737134, 1523434572578.9207
11.820067, 6.703573, 9.732658, 1523434572662.0454
11.901486, 6.714665, 9.728511, 1523434572744.8020
11.986804, 6.718015, 9.71543, 1523434572827.6042
12.078691, 6.726055, 9.726549, 1523434572910.1304
12.162681, 6.759926, 9.735744, 1523434572992.1038
12.23792, 6.777591, 9.745478, 1523434573074.4912
12.323153, 6.796559, 9.754137, 1523434573157.1555
12.403327, 6.826199, 9.740613, 1523434573240.1421
12.490097, 6.846008, 9.733502, 1523434573323.3594
12.570238, 6.887266, 9.734565, 1523434573406.6226
12.649455, 6.932636, 9.733292, 1523434573490.1162
12.734262, 6.958895, 9.744579, 1523434573574.0244
12.812151, 6.990703, 9.748405, 1523434573657.8867
12.895019, 7.030579, 9.752763, 1523434573741.4724
12.97476, 7.075183, 9.755965, 1523434573824.7358
13.053579, 7.122207, 9.745913, 1523434573907.7224
13.135233, 7.160495, 9.725696, 1523434573990.8013
13.217273, 7.195507, 9.731903, 1523434574073.9265
13.295265, 7.242079, 9.746435, 1523434574156.7749
13.359837, 7.287006, 9.748205, 1523434574239.4849
13.446576, 7.327273, 9.74999, 1523434574322.7019
13.519913, 7.377052, 9.757485, 1523434574406.2417
13.588131, 7.425743, 9.76234, 1523434574490.1960
13.660816, 7.488581, 9.751315, 1523434574574.3804
13.722846, 7.554864, 9.727877, 1523434574658.4268
13.785189, 7.62153, 9.735449, 1523434574742.7498
13.855625, 7.681422, 9.732817, 1523434574827.2107
13.921591, 7.753675, 9.733003, 1523434574911.2573
13.988509, 7.798671, 9.739934, 1523434574994.9346
14.045272, 7.854996, 9.737779, 1523434575078.1055
14.086072, 7.895817, 9.712616, 1523434575160.7231
14.122726, 7.91699, 9.683926, 1523434575243.2488
14.159901, 7.934169, 9.657359, 1523434575325.5901
14.205848, 7.952415, 9.606354, 1523434575407.9775
14.248954, 7.968373, 9.582432, 1523434575490.5493
14.300033, 7.995801, 9.554737, 1523434575573.5815
14.333323, 8.032713, 9.553483, 1523434575656.8906
14.366295, 8.069776, 9.545482, 1523434575740.5686
14.41104, 8.107586, 9.509112, 1523434575824.4763
14.456664, 8.149167, 9.458593, 1523434575908.3384
14.495022, 8.196148, 9.411094, 1523434575992.0620
14.532134, 8.25286, 9.382428, 1523434576075.5093
14.579629, 8.303097, 9.364659, 1523434576158.8184
14.61612, 8.336888, 9.370972, 1523434576241.8049
14.644356, 8.363397, 9.340482, 1523434576324.7454
14.682552, 8.38879, 9.305942, 1523434576407.6858
14.714179, 8.412219, 9.265651, 1523434576490.4880
14.759587, 8.443395, 9.216703, 1523434576573.3364
14.815457, 8.476275, 9.192584, 1523434576656.5071
14.860467, 8.517769, 9.195855, 1523434576739.7703
14.89705, 8.564312, 9.19308, 1523434576823.1250
14.931214, 8.622474, 9.172837, 1523434576906.3884
14.970369, 8.685872, 9.136834, 1523434576989.5134
15.006527, 8.756935, 9.088439, 1523434577072.4077
15.04126, 8.835393, 9.061262, 1523434577155.3020
15.080825, 8.898644, 9.055968, 1523434577238.5186
15.131863, 8.995484, 9.045555, 1523434577321.4136
15.185496, 9.08132, 9.054239, 1523434577404.4460
15.228696, 9.16188, 9.055752, 1523434577487.1099
15.266818, 9.239946, 9.039542, 1523434577569.6814
15.312958, 9.304844, 9.032693, 1523434577652.4836
15.354903, 9.365431, 9.045465, 1523434577735.1475
15.384556, 9.437469, 9.051046, 1523434577818.0417
15.437676, 9.518959, 9.049082, 1523434577901.7195
15.462822, 9.586273, 9.051908, 1523434577985.6738
15.489842, 9.640779, 9.041085, 1523434578070.1348
15.51438, 9.694613, 9.01133, 1523434578154.8262
15.532248, 9.744016, 8.971068, 1523434578239.3794
15.539979, 9.79716, 8.92175, 1523434578323.7942
15.535227, 9.865064, 8.885385, 1523434578407.7949
15.519257, 9.939667, 8.858497, 1523434578491.3347
15.523017, 10.004883, 8.844485, 1523434578574.5056
15.515159, 10.056382, 8.821682, 1523434578656.8931
15.519034, 10.10193, 8.771609, 1523434578739.3264
15.543179, 10.141847, 8.723061, 1523434578821.9905
15.574351, 10.187281, 8.692595, 1523434578904.8391
15.611344, 10.25274, 8.658725, 1523434578988.2861
15.638052, 10.311261, 8.653564, 1523434579072.1021
15.657393, 10.364585, 8.64817, 1523434579156.3325
15.661877, 10.4131, 8.620177, 1523434579240.4709
15.662769, 10.472163, 8.571356, 1523434579324.3794
15.651536, 10.543775, 8.522791, 1523434579407.8730
15.63427, 10.61324, 8.499305, 1523434579491.0439
15.623049, 10.681181, 8.493406, 1523434579574.0308
15.628304, 10.738588, 8.491041, 1523434579656.8787
15.631958, 10.800879, 8.46789, 1523434579739.4968
15.633352, 10.861816, 8.421561, 1523434579821.9763
15.636783, 10.917363, 8.372489, 1523434579904.4099
15.652547, 10.964869, 8.326669, 1523434579987.0278
15.664758, 11.018546, 8.299572, 1523434580069.9221
15.671045, 11.086124, 8.285278, 1523434580153.3230
15.674874, 11.153057, 8.283872, 1523434580237.2312
15.675187, 11.210954, 8.265337, 1523434580321.2314
15.675215, 11.265384, 8.224039, 1523434580405.3699
15.665623, 11.336129, 8.172107, 1523434580489.3704
15.642809, 11.41046, 8.131968, 1523434580573.0015
15.622727, 11.489182, 8.108068, 1523434580656.3567
15.604359, 11.564645, 8.092072, 1523434580739.3428
15.596251, 11.630624, 8.086864, 1523434580822.0532
15.585025, 11.689069, 8.05962, 1523434580904.6711
15.584168, 11.74543, 8.010457, 1523434580987.4736
15.590137, 11.807107, 7.954895, 1523434581070.3679
15.599969, 11.861298, 7.911037, 1523434581153.3540
15.610325, 11.921367, 7.901727, 1523434581236.5713
15.604982, 11.980091, 7.910622, 1523434581320.1106
15.589879, 12.035654, 7.897738, 1523434581403.7883
15.567962, 12.103207, 7.868467, 1523434581487.2815
15.542392, 12.164055, 7.817839, 1523434581570.5444
15.517587, 12.232753, 7.786657, 1523434581653.6228
15.483405, 12.310512, 7.760482, 1523434581736.3330
15.459936, 12.411722, 7.752309, 1523434581819.1350
15.44138, 12.488953, 7.76873, 1523434581901.6609
15.416635, 12.546893, 7.77878, 1523434581983.8640
15.415486, 12.607176, 7.771324, 1523434582066.3896
15.420033, 12.635839, 7.78935, 1523434582148.6384
15.408975, 12.648442, 7.791527, 1523434582230.6572
15.414434, 12.68858, 7.782423, 1523434582313.3215
15.405983, 12.727417, 7.782595, 1523434582396.6763
15.403647, 12.751285, 7.791399, 1523434582480.7227
15.40113, 12.76412, 7.791104, 1523434582565.3679
15.403749, 12.7609, 7.80479, 1523434582650.2434
15.392913, 12.758653, 7.800885, 1523434582735.2114
15.380997, 12.762321, 7.791404, 1523434582819.7183
15.377857, 12.770664, 7.794022, 1523434582903.9487
15.373899, 12.774912, 7.791976, 1523434582987.7185
15.369665, 12.781741, 7.790099, 1523434583071.1199
15.369749, 12.780794, 7.787368, 1523434583154.1521
15.363097, 12.789554, 7.789058, 1523434583236.8162
15.355167, 12.793975, 7.786987, 1523434583319.2500
15.343594, 12.796572, 7.783368, 1523434583401.4067
15.324843, 12.798861, 7.770703, 1523434583483.3335
15.301969, 12.797606, 7.763217, 1523434583565.1221
15.285408, 12.779219, 7.764342, 1523434583647.0024
15.268989, 12.759538, 7.77596, 1523434583729.0674
15.244442, 12.729369, 7.770117, 1523434583811.5007
15.219522, 12.690293, 7.77978, 1523434583894.2568
15.199112, 12.645182, 7.783003, 1523434583977.4272
15.187205, 12.599475, 7.784795, 1523434584060.8748
15.179815, 12.552747, 7.78209, 1523434584144.3679
15.181007, 12.506336, 7.772771, 1523434584227.9990
15.189372, 12.474437, 7.772693, 1523434584311.6768
15.199262, 12.45267, 7.776334, 1523434584395.2161
15.203499, 12.449112, 7.775447, 1523434584478.6174
15.201255, 12.443357, 7.77206, 1523434584561.8342
15.201439, 12.455667, 7.779481, 1523434584645.0508
15.210845, 12.469403, 7.789586, 1523434584728.1753
15.202018, 12.487686, 7.777018, 1523434584811.3464
15.190861, 12.483974, 7.777902, 1523434584894.8396
15.181952, 12.483455, 7.764109, 1523434584978.5173
15.172626, 12.484217, 7.768498, 1523434585062.3789
15.189786, 12.474295, 7.771175, 1523434585146.5176
15.203791, 12.484726, 7.762324, 1523434585230.8860
15.237743, 12.485723, 7.769386, 1523434585315.3933
15.270652, 12.497051, 7.773059, 1523434585400.0845
15.311155, 12.506701, 7.77884, 1523434585484.6372
15.348964, 12.518925, 7.770406, 1523434585569.0061
15.381788, 12.530194, 7.770203, 1523434585653.1443
15.412953, 12.544833, 7.775629, 1523434585737.0984
15.447566, 12.551742, 7.774969, 1523434585820.9602
15.481426, 12.55808, 7.760968, 1523434585904.5459
15.515837, 12.574892, 7.756095, 1523434585987.8086
15.544582, 12.592195, 7.762909, 1523434586070.6570
15.563649, 12.611368, 7.759414, 1523434586153.1824
15.573258, 12.631754, 7.760942, 1523434586235.3853
15.579793, 12.647696, 7.760809, 1523434586317.4963
15.581832, 12.642234, 7.760878, 1523434586399.6533
15.570468, 12.657482, 7.777542, 1523434586481.9023
15.55542, 12.655191, 7.780421, 1523434586564.4739
15.551605, 12.646743, 7.779077, 1523434586647.3220
15.555667, 12.632685, 7.775412, 1523434586730.4468
15.550271, 12.623274, 7.769658, 1523434586813.8940
15.553415, 12.633969, 7.768459, 1523434586897.3411
15.557158, 12.639645, 7.756119, 1523434586980.8345
15.547517, 12.651585, 7.75649, 1523434587064.1897
15.529876, 12.673241, 7.757071, 1523434587147.4985
15.499315, 12.685562, 7.764934, 1523434587230.6694
15.453053, 12.704856, 7.767838, 1523434587313.9783
15.403971, 12.718701, 7.771119, 1523434587397.4714
15.358531, 12.728373, 7.775409, 1523434587481.0569
15.310838, 12.737605, 7.775929, 1523434587564.6880
15.264967, 12.751624, 7.774954, 1523434587648.2275
15.215439, 12.761133, 7.778719, 1523434587731.6287
15.166614, 12.762268, 7.778928, 1523434587814.7991
15.129763, 12.765621, 7.774955, 1523434587897.7854
15.097038, 12.770241, 7.779207, 1523434587980.5874
15.075736, 12.774136, 7.775014, 1523434588063.3894
15.05442, 12.783213, 7.771824, 1523434588146.0530
15.051885, 12.777055, 7.777703, 1523434588228.8552
15.056875, 12.772687, 7.782945, 1523434588311.7954
15.062218, 12.770394, 7.786354, 1523434588394.9199
15.073135, 12.774995, 7.778144, 1523434588478.3672
15.073206, 12.781659, 7.773077, 1523434588561.9988
15.075552, 12.788392, 7.771278, 1523434588645.8142
15.073315, 12.787143, 7.768731, 1523434588729.8142
15.077745, 12.777688, 7.773, 1523434588813.9985
15.073956, 12.760812, 7.774284, 1523434588898.2751
15.070724, 12.742116, 7.785265, 1523434588982.5979
15.05962, 12.720972, 7.783818, 1523434589066.7822
15.040833, 12.71681, 7.768311, 1523434589150.7825
15.024879, 12.718472, 7.770382, 1523434589234.6899
15.015296, 12.71222, 7.773455, 1523434589318.3672
15.004506, 12.704604, 7.768058, 1523434589401.8599
14.987967, 12.708962, 7.765632, 1523434589485.1226
14.981277, 12.707571, 7.772392, 1523434589568.2473
14.971669, 12.711628, 7.761613, 1523434589651.4177
14.953811, 12.717208, 7.760574, 1523434589734.4500
14.937419, 12.732589, 7.756656, 1523434589817.5745
14.92214, 12.752797, 7.753459, 1523434589900.8831
14.900678, 12.77662, 7.751173, 1523434589984.0535
14.875426, 12.813852, 7.741891, 1523434590067.0398
14.851976, 12.864749, 7.733788, 1523434590149.9336
14.838728, 12.91241, 7.728831, 1523434590232.5974
14.83019, 12.967875, 7.726602, 1523434590315.1226
14.818307, 12.998042, 7.742591, 1523434590397.1411
14.806063, 13.020138, 7.755683, 1523434590479.0212
14.795945, 13.058815, 7.76403, 1523434590561.2244
14.778505, 13.086015, 7.7661, 1523434590643.6116
14.754438, 13.101993, 7.768964, 1523434590726.3215
14.732205, 13.12208, 7.765819, 1523434590809.4460
14.705267, 13.146598, 7.749001, 1523434590892.8931
14.674767, 13.175133, 7.722448, 1523434590976.5703
14.634961, 13.206334, 7.668566, 1523434591060.1555
14.583858, 13.225141, 7.615317, 1523434591143.4646
14.519341, 13.245319, 7.578529, 1523434591226.4966
14.45921, 13.270634, 7.553598, 1523434591309.2524
14.417325, 13.293859, 7.557561, 1523434591391.9624
14.382271, 13.308549, 7.553142, 1523434591474.5803
14.360062, 13.338589, 7.532358, 1523434591557.3359
14.341136, 13.36112, 7.512078, 1523434591640.1841
14.333014, 13.383912, 7.467948, 1523434591723.1704
14.324717, 13.426001, 7.432891, 1523434591806.3867
14.3029, 13.460197, 7.417124, 1523434591889.8337
14.266204, 13.500559, 7.406389, 1523434591973.6030
14.219397, 13.525988, 7.398496, 1523434592057.4646
14.171728, 13.55467, 7.385661, 1523434592141.4182
14.131575, 13.570365, 7.357057, 1523434592225.3259
14.07879, 13.592822, 7.303883, 1523434592309.1416
14.017227, 13.611616, 7.252912, 1523434592392.5881
13.955597, 13.627893, 7.216861, 1523434592475.8511
13.892442, 13.64662, 7.198397, 1523434592558.8835
13.848955, 13.667479, 7.193866, 1523434592641.7317
13.805033, 13.692367, 7.179698, 1523434592724.4412
13.761496, 13.723615, 7.15344, 1523434592807.1050
13.71002, 13.763233, 7.117921, 1523434592889.9990
13.661139, 13.800759, 7.096464, 1523434592973.1692
13.594616, 13.834396, 7.08128, 1523434593056.3860
13.52163, 13.87498, 7.075964, 1523434593139.7407
13.452633, 13.902153, 7.084536, 1523434593223.1875
13.386744, 13.92523, 7.076485, 1523434593306.8188
13.32374, 13.939761, 7.067657, 1523434593390.5886
13.256796, 13.950803, 7.054847, 1523434593474.3118
13.189617, 13.948099, 7.065503, 1523434593558.0352
13.113739, 13.955966, 7.062133, 1523434593641.8047
13.043374, 13.956662, 7.059381, 1523434593725.2051
12.989605, 13.945001, 7.070099, 1523434593808.4216
12.943919, 13.944066, 7.072456, 1523434593891.6382
12.89799, 13.934923, 7.070861, 1523434593974.6243
12.857882, 13.94092, 7.064733, 1523434594057.7485
12.81706, 13.949112, 7.042964, 1523434594140.7349
12.782037, 13.950177, 7.006091, 1523434594223.7207
12.734333, 13.972542, 6.962291, 1523434594306.9373
12.692578, 13.985721, 6.926214, 1523434594390.2002
12.644053, 14.003088, 6.904912, 1523434594473.6467
12.584747, 14.024592, 6.893286, 1523434594557.1858
12.533218, 14.029509, 6.891525, 1523434594640.8169
12.48625, 14.034286, 6.883166, 1523434594724.4941
12.433764, 14.025261, 6.861331, 1523434594808.0793
12.380822, 14.025392, 6.813531, 1523434594891.8022
12.328443, 14.012066, 6.762076, 1523434594975.2490
12.267764, 13.979946, 6.722294, 1523434595058.3733
12.208443, 13.943994, 6.70404, 1523434595141.1289
12.152667, 13.927561, 6.703698, 1523434595223.9304
12.119945, 13.913833, 6.706308, 1523434595306.5017
12.075118, 13.909166, 6.679764, 1523434595389.0269
12.037808, 13.917555, 6.643592, 1523434595471.7822
11.997686, 13.931917, 6.603508, 1523434595554.5840
11.944581, 13.954096, 6.555738, 1523434595637.7544
11.897704, 13.980177, 6.530143, 1523434595721.2471
11.84655, 14.000156, 6.526361, 1523434595804.9705
11.802519, 14.006413, 6.524752, 1523434595888.8323
11.742192, 14.012795, 6.506574, 1523434595972.9702
11.703001, 14.014785, 6.476401, 1523434596057.0623
11.655605, 14.012844, 6.432503, 1523434596140.8315
11.607271, 13.998111, 6.385171, 1523434596224.2786
11.552575, 13.98052, 6.347479, 1523434596307.4028
11.491114, 13.965607, 6.325071, 1523434596390.3889
11.45633, 13.954596, 6.33742, 1523434596473.2368
11.422644, 13.939445, 6.329635, 1523434596555.6702
11.375797, 13.943195, 6.291769, 1523434596638.2417
11.340199, 13.955512, 6.262501, 1523434596720.9055
11.293163, 13.965814, 6.216083, 1523434596803.9834
11.237057, 13.986332, 6.179046, 1523434596887.4763
11.167628, 13.994494, 6.153267, 1523434596971.0618
11.115972, 13.997701, 6.151645, 1523434597054.6470
11.062045, 13.989908, 6.14683, 1523434597138.1858
11.008109, 13.983696, 6.122534, 1523434597221.7246
10.960626, 13.986414, 6.090658, 1523434597305.4478
10.913453, 13.98437, 6.045875, 1523434597389.0791
10.867943, 13.956861, 5.999733, 1523434597472.2490
10.801989, 13.918623, 5.972083, 1523434597554.9587
10.746778, 13.891817, 5.970139, 1523434597637.4839
10.709855, 13.877326, 5.974791, 1523434597719.7788
10.672708, 13.866218, 5.962274, 1523434597802.1194
10.626496, 13.873464, 5.929819, 1523434597884.6445
10.579938, 13.879848, 5.884615, 1523434597967.2622
10.531949, 13.892776, 5.83711, 1523434598050.1096
10.476348, 13.898489, 5.802345, 1523434598133.1416
10.414755, 13.914766, 5.781631, 1523434598216.8191
10.354151, 13.913317, 5.78236, 1523434598300.8647
10.30822, 13.908672, 5.776752, 1523434598385.1870
10.260243, 13.906997, 5.746165, 1523434598469.6936
10.204206, 13.898896, 5.694628, 1523434598554.1079
10.150949, 13.875358, 5.637756, 1523434598638.1077
10.09693, 13.836487, 5.599318, 1523434598721.6929
10.036875, 13.799267, 5.588223, 1523434598805.0474
9.988099, 13.780382, 5.599706, 1523434598888.0798
9.94975, 13.759064, 5.598337, 1523434598970.7432
9.904592, 13.758914, 5.581115, 1523434599053.5452
9.84967, 13.760581, 5.545282, 1523434599136.3008
9.79695, 13.770645, 5.509497, 1523434599219.2405
9.729587, 13.778873, 5.467838, 1523434599302.2727
9.652679, 13.780736, 5.441204, 1523434599385.3511
9.573604, 13.78814, 5.437166, 1523434599468.4753
9.505982, 13.764235, 5.445798, 1523434599551.3230
9.4467, 13.73611, 5.441715, 1523434599634.3093
9.386248, 13.705296, 5.430004, 1523434599717.2029
9.31835, 13.656058, 5.412256, 1523434599799.9585
9.273295, 13.610008, 5.426599, 1523434599882.8982
9.233978, 13.564258, 5.44012, 1523434599966.2068
9.187016, 13.516438, 5.442193, 1523434600049.3311
9.150596, 13.456906, 5.443236, 1523434600131.9485
9.119966, 13.402887, 5.446123, 1523434600214.2893
9.090299, 13.364144, 5.444476, 1523434600296.7686
9.054726, 13.320698, 5.442118, 1523434600379.6165
8.999674, 13.286655, 5.434169, 1523434600462.9709
8.95561, 13.241059, 5.440833, 1523434600546.3718
8.938389, 13.178277, 5.439832, 1523434600629.5420
8.905726, 13.120458, 5.434441, 1523434600712.9888
8.873089, 13.059132, 5.43407, 1523434600796.5735
8.846944, 13.006397, 5.423866, 1523434600880.3889
8.82022, 12.939221, 5.417975, 1523434600964.4343
8.807855, 12.8752, 5.415926, 1523434601048.5723
8.800986, 12.806161, 5.420144, 1523434601133.0786
8.77045, 12.730537, 5.408082, 1523434601217.7690
8.762056, 12.656706, 5.414015, 1523434601302.1833
8.76231, 12.592347, 5.415303, 1523434601386.2290
8.759759, 12.533411, 5.408137, 1523434601469.7678
8.74069, 12.483845, 5.386022, 1523434601552.8918
8.72946, 12.436627, 5.355164, 1523434601635.7395
8.707253, 12.398061, 5.317226, 1523434601718.4033
8.674302, 12.362387, 5.267695, 1523434601801.2507
8.633624, 12.321074, 5.233331, 1523434601884.3284
8.603244, 12.270775, 5.228015, 1523434601967.6370
8.579627, 12.223551, 5.22659, 1523434602051.0376
8.572621, 12.177085, 5.216037, 1523434602134.3921
8.575359, 12.131935, 5.191779, 1523434602217.7007
8.573401, 12.076094, 5.143711, 1523434602300.9634
8.585067, 12.019172, 5.091717, 1523434602384.0410
8.601151, 11.959324, 5.053072, 1523434602467.0271
8.613933, 11.900861, 5.04005, 1523434602549.8289
8.624249, 11.846525, 5.042078, 1523434602632.4001
8.621806, 11.793262, 5.026456, 1523434602715.0173
8.615334, 11.738459, 4.996612, 1523434602797.7727
8.607562, 11.68945, 4.954854, 1523434602880.7590
8.5895, 11.645077, 4.91274, 1523434602963.8831
8.570718, 11.593873, 4.873566, 1523434603047.0991
8.550889, 11.526826, 4.857319, 1523434603130.6838
8.542522, 11.475404, 4.863696, 1523434603214.6375
8.543559, 11.43008, 4.862104, 1523434603298.7292
8.546987, 11.374932, 4.830554, 1523434603382.7285
8.549943, 11.3148, 4.776189, 1523434603466.6821
8.56873, 11.254231, 4.726832, 1523434603550.2212
8.592559, 11.190937, 4.680202, 1523434603633.4368
8.61367, 11.11793, 4.661912, 1523434603716.4690
8.625475, 11.065489, 4.674579, 1523434603799.3630
8.632943, 11.01408, 4.670307, 1523434603882.1187
8.62471, 10.964701, 4.645901, 1523434603964.9202
8.610934, 10.915756, 4.60182, 1523434604047.6296
8.591109, 10.867478, 4.541641, 1523434604130.3855
8.570065, 10.811438, 4.492682, 1523434604213.3254
8.544308, 10.759073, 4.474885, 1523434604296.6338
8.534243, 10.715004, 4.487132, 1523434604380.2649
8.534329, 10.665121, 4.483103, 1523434604464.0801
8.534513, 10.611957, 4.451937, 1523434604547.7573
8.532428, 10.550137, 4.401169, 1523434604631.2961
8.549602, 10.48977, 4.342631, 1523434604714.5583
8.574865, 10.426044, 4.29952, 1523434604797.5906
8.587114, 10.356405, 4.278984, 1523434604880.5764
8.58937, 10.294965, 4.286398, 1523434604963.4702
8.592477, 10.246058, 4.28121, 1523434605046.0874
8.586605, 10.186745, 4.242892, 1523434605128.7969
8.571721, 10.135202, 4.191462, 1523434605211.7368
8.555406, 10.092865, 4.153898, 1523434605294.8147
8.542584, 10.039608, 4.116539, 1523434605378.2156
8.51689, 9.983641, 4.11251, 1523434605462.0310
8.510198, 9.927924, 4.121294, 1523434605545.9844
8.51063, 9.871917, 4.108747, 1523434605629.7998
8.506715, 9.81164, 4.068572, 1523434605713.5229
8.514687, 9.752141, 4.008268, 1523434605797.0154
8.521855, 9.693618, 3.956057, 1523434605880.1860
8.533558, 9.623687, 3.917763, 1523434605963.2180
8.531455, 9.559956, 3.90912, 1523434606046.0193
8.538747, 9.508949, 3.920164, 1523434606128.6367
8.539001, 9.468703, 3.902568, 1523434606211.1157
8.525631, 9.418835, 3.862023, 1523434606293.6868
8.517721, 9.371877, 3.808363, 1523434606376.4426
8.497676, 9.325508, 3.76758, 1523434606459.3364
8.478337, 9.264011, 3.739982, 1523434606542.4604
8.472983, 9.204075, 3.740243, 1523434606625.8147
8.470785, 9.160913, 3.742347, 1523434606709.5381
8.474651, 9.101841, 3.719128, 1523434606793.3538
8.470536, 9.045843, 3.659712, 1523434606877.1687
8.478509, 8.982701, 3.604386, 1523434606960.7539
8.503468, 8.918532, 3.559565, 1523434607044.0620
8.511918, 8.85734, 3.530203, 1523434607127.1863
8.519011, 8.804626, 3.534314, 1523434607210.0801
8.521447, 8.762825, 3.533616, 1523434607292.8359
8.51466, 8.712393, 3.504687, 1523434607375.5452
8.501669, 8.664812, 3.461126, 1523434607458.3469
8.474295, 8.619936, 3.409176, 1523434607541.3333
8.458105, 8.578006, 3.380956, 1523434607624.4111
8.433633, 8.515856, 3.362012, 1523434607707.9043
8.423269, 8.475396, 3.375829, 1523434607791.7192
8.415935, 8.427017, 3.367877, 1523434607875.7651
8.417186, 8.374196, 3.336914, 1523434607959.7644
8.418201, 8.311121, 3.280959, 1523434608043.6255
8.436185, 8.250696, 3.229235, 1523434608127.0720
8.449325, 8.192576, 3.194707, 1523434608210.2881
8.463469, 8.125561, 3.172018, 1523434608293.1357
8.467711, 8.072706, 3.179193, 1523434608375.8452
8.471539, 8.0256, 3.169076, 1523434608458.4160
8.468104, 7.97447, 3.137315, 1523434608540.9873
8.454324, 7.922823, 3.09243, 1523434608623.6963
8.445072, 7.869527, 3.046932, 1523434608706.6821
8.421996, 7.816945, 3.003592, 1523434608789.9907
8.401224, 7.753555, 2.987181, 1523434608873.7598
8.389417, 7.694554, 2.992822, 1523434608957.8518
8.386974, 7.647384, 2.991589, 1523434609042.1738
8.388891, 7.595862, 2.968396, 1523434609126.3115
8.394341, 7.534694, 2.910523, 1523434609210.2183
8.405409, 7.474841, 2.857518, 1523434609293.8953
8.434879, 7.419181, 2.823725, 1523434609377.1577
8.461749, 7.361571, 2.811879, 1523434609459.9590
8.474365, 7.302693, 2.812798, 1523434609542.6223
8.485235, 7.254148, 2.810563, 1523434609625.0090
8.482633, 7.199429, 2.780782, 1523434609707.4417
8.474738, 7.141599, 2.741366, 1523434609790.1509
8.458628, 7.092587, 2.68991, 1523434609873.2283
8.440179, 7.039351, 2.653369, 1523434609956.5823
8.421692, 6.969733, 2.625132, 1523434610040.3052
8.410718, 6.891905, 2.622148, 1523434610124.4426
8.41285, 6.835011, 2.611825, 1523434610208.7185
8.41096, 6.766644, 2.568791, 1523434610292.9941
8.409447, 6.697146, 2.506738, 1523434610377.1782
8.41988, 6.6307, 2.466197, 1523434610460.9473
8.454378, 6.562253, 2.425257, 1523434610543.9785
8.471276, 6.495233, 2.410056, 1523434610626.7800
8.476585, 6.441546, 2.412878, 1523434610709.2590
8.479189, 6.39012, 2.393616, 1523434610791.5994
8.469562, 6.337503, 2.358952, 1523434610874.1704
8.460642, 6.289946, 2.317084, 1523434610956.8337
8.454083, 6.240839, 2.294149, 1523434611039.4507
8.450895, 6.16646, 2.284009, 1523434611122.1599
8.440681, 6.085053, 2.287847, 1523434611205.1919
8.444632, 6.004651, 2.289584, 1523434611288.4541
8.452496, 5.912267, 2.276187, 1523434611371.9929
8.464012, 5.815961, 2.258239, 1523434611455.8540
8.458567, 5.738215, 2.268538, 1523434611540.2219
8.459696, 5.65066, 2.251246, 1523434611624.5898
8.470908, 5.564366, 2.242448, 1523434611708.4971
8.475835, 5.482687, 2.236224, 1523434611791.8513
8.476932, 5.408728, 2.213888, 1523434611874.8831
8.479911, 5.333002, 2.178309, 1523434611957.7766
8.471601, 5.25912, 2.13597, 1523434612040.6702
8.469427, 5.191258, 2.108199, 1523434612123.3330
8.472759, 5.104494, 2.093266, 1523434612205.8118
8.453361, 4.986001, 2.079792, 1523434612288.9355
8.447096, 4.866479, 2.087957, 1523434612372.3821
8.453392, 4.760569, 2.064476, 1523434612456.0588
8.470935, 4.66033, 2.054658, 1523434612539.6436
8.508125, 4.557754, 2.056402, 1523434612623.0898
8.510695, 4.449847, 2.064603, 1523434612706.9509
8.521902, 4.356246, 2.074863, 1523434612790.6277
8.536824, 4.258692, 2.073352, 1523434612873.9822
8.53209, 4.169366, 2.081585, 1523434612957.0598
8.54868, 4.081522, 2.068875, 1523434613039.6768
8.543316, 3.987702, 2.049954, 1523434613122.3398
8.529932, 3.898505, 2.063471, 1523434613204.9109
8.533438, 3.826201, 2.0778, 1523434613287.2976
8.521573, 3.75267, 2.074819, 1523434613370.3291
8.50691, 3.676008, 2.091377, 1523434613453.8220
8.506591, 3.586361, 2.089405, 1523434613537.4531
8.491174, 3.512506, 2.079761, 1523434613621.3601
8.474996, 3.432057, 2.07993, 1523434613705.2212
8.46801, 3.349814, 2.086317, 1523434613789.1746
8.43766, 3.255705, 2.081275, 1523434613873.5889
8.403579, 3.155927, 2.072517, 1523434613957.8647
8.370465, 3.057818, 2.089163, 1523434614041.8645
8.33042, 2.987376, 2.09241, 1523434614125.5872
8.28423, 2.930856, 2.072937, 1523434614208.8491
8.237588, 2.885014, 2.063127, 1523434614291.9731
8.184504, 2.844248, 2.070165, 1523434614374.7744
8.130295, 2.801224, 2.070659, 1523434614457.4841
8.072732, 2.755502, 2.087975, 1523434614540.4697
8.014762, 2.728091, 2.090359, 1523434614623.6396
7.954333, 2.688415, 2.0825, 1523434614706.6255
7.863035, 2.645113, 2.044967, 1523434614789.4731
7.786731, 2.591025, 2.035479, 1523434614872.0444
7.718184, 2.51834, 2.034354, 1523434614954.2930
7.645365, 2.479477, 2.05302, 1523434615036.8643
7.569592, 2.45918, 2.067452, 1523434615120.0344
7.478077, 2.439005, 2.076818, 1523434615203.1580
7.410023, 2.414173, 2.07805, 1523434615286.0518
7.337167, 2.405089, 2.075101, 1523434615368.8533
7.2633, 2.399563, 2.068588, 1523434615451.4248
7.178451, 2.398438, 2.05198, 1523434615533.9961
7.091447, 2.41377, 2.054386, 1523434615616.6130
7.010254, 2.414467, 2.070197, 1523434615698.9998
6.928387, 2.412292, 2.074201, 1523434615781.5706
6.854013, 2.407246, 2.088257, 1523434615864.3721
6.774442, 2.387977, 2.076298, 1523434615947.4038
6.683075, 2.370265, 2.064386, 1523434616030.7119
6.588588, 2.359778, 2.056988, 1523434616114.2046
6.496027, 2.339901, 2.054756, 1523434616198.0198
6.412631, 2.329453, 2.070105, 1523434616282.4338
6.332133, 2.339517, 2.071725, 1523434616367.2629
6.243209, 2.330428, 2.064525, 1523434616451.6768
6.165821, 2.323655, 2.070345, 1523434616535.6765
6.090752, 2.327427, 2.076444, 1523434616619.1230
6.014962, 2.333699, 2.073176, 1523434616702.2471
5.937343, 2.350329, 2.050981, 1523434616785.2791
5.871294, 2.369739, 2.06978, 1523434616867.9424
5.804236, 2.378994, 2.088913, 1523434616950.1448
5.734774, 2.404216, 2.080158, 1523434617032.8079
5.676233, 2.434927, 2.090063, 1523434617115.8857
5.618629, 2.445787, 2.090057, 1523434617199.3320
5.569578, 2.452076, 2.09176, 1523434617283.1011
5.520409, 2.46253, 2.084728, 1523434617367.0547
5.469467, 2.458441, 2.07779, 1523434617451.0081
5.421306, 2.457131, 2.076298, 1523434617534.9158
5.369751, 2.448096, 2.091682, 1523434617618.8691
5.313299, 2.433688, 2.092084, 1523434617702.8223
5.250783, 2.425175, 2.075882, 1523434617786.5918
5.184652, 2.39928, 2.077394, 1523434617869.6697
5.14341, 2.38938, 2.087319, 1523434617952.4250
5.119823, 2.386936, 2.09728, 1523434618034.9961
5.096424, 2.38299, 2.10605, 1523434618117.4751
5.096331, 2.394926, 2.115245, 1523434618200.2764
5.095379, 2.398586, 2.120046, 1523434618283.1697
5.095002, 2.424722, 2.123485, 1523434618366.1089
5.085778, 2.435775, 2.116237, 1523434618448.8645
5.072253, 2.432494, 2.099598, 1523434618531.3896
5.069818, 2.439495, 2.104874, 1523434618614.1912
5.075059, 2.439314, 2.117039, 1523434618697.4075
5.083824, 2.443477, 2.117442, 1523434618780.9924
5.079077, 2.443666, 2.11463, 1523434618864.4387
5.081476, 2.429966, 2.116182, 1523434618947.8394
5.080364, 2.430221, 2.112559, 1523434619031.1016
5.07117, 2.426663, 2.110774, 1523434619114.3640
5.054181, 2.423136, 2.10891, 1523434619197.6260
5.038715, 2.429405, 2.102845, 1523434619280.9343
5.032661, 2.43048, 2.107332, 1523434619364.1965
5.035111, 2.42864, 2.110264, 1523434619447.4128
5.028438, 2.431714, 2.107022, 1523434619530.5369
5.030062, 2.432321, 2.111493, 1523434619613.6609
5.029814, 2.430942, 2.110936, 1523434619696.8772
5.022182, 2.43509, 2.106126, 1523434619780.1394
5.026248, 2.435122, 2.110712, 1523434619863.4480
5.027139, 2.433705, 2.109588, 1523434619946.8943
5.030756, 2.435973, 2.113009, 1523434620030.3872
5.032064, 2.433224, 2.109695, 1523434620114.0178
5.035056, 2.435817, 2.108482, 1523434620197.6030
5.030966, 2.43567, 2.098312, 1523434620281.0032
5.031425, 2.430143, 2.099596, 1523434620364.2192
5.024976, 2.424973, 2.107133, 1523434620447.2510
5.017232, 2.42149, 2.098821, 1523434620530.1904
5.014209, 2.421192, 2.099224, 1523434620613.1760
5.01073, 2.422673, 2.098333, 1523434620696.3005
5.006298, 2.422904, 2.100236, 1523434620779.4705
5.003182, 2.418361, 2.098825, 1523434620862.7324
5.000853, 2.417302, 2.096917, 1523434620945.9946
4.997312, 2.417868, 2.093852, 1523434621029.3489
4.994153, 2.418008, 2.098757, 1523434621112.6575
4.994301, 2.415439, 2.096959, 1523434621196.0120
4.993963, 2.414181, 2.098264, 1523434621279.4124
4.992737, 2.409947, 2.0924, 1523434621362.7671
4.990767, 2.41573, 2.092967, 1523434621446.1213
