1523442862844.0000
9.426373, 2.535366, 2.011955, 1523442862844.0000
9.422479, 2.530959, 2.01586, 1523442862926.9883
9.42923, 2.535922, 2.022032, 1523442863010.1145
9.415396, 2.53958, 2.015486, 1523442863093.3330
9.410316, 2.531963, 2.011739, 1523442863176.6443
9.389795, 2.512149, 2.006068, 1523442863259.9551
9.39796, 2.507878, 2.008088, 1523442863343.2192
9.382423, 2.508432, 2.008919, 1523442863426.5303
9.371519, 2.498816, 2.011231, 1523442863509.6565
9.359967, 2.490725, 2.007693, 1523442863592.8745
9.357927, 2.493151, 2.00678, 1523442863676.2307
9.357095, 2.488564, 2.006835, 1523442863759.5879
9.359641, 2.481845, 2.00728, 1523442863842.9446
9.354676, 2.482074, 2.007201, 1523442863926.1636
9.351649, 2.478334, 2.00642, 1523442864009.2903
9.35532, 2.474726, 2.011147, 1523442864092.2783
9.338662, 2.467141, 2.001654, 1523442864175.1743
9.31898, 2.459801, 1.992985, 1523442864258.0239
9.294339, 2.457353, 1.994344, 1523442864341.0581
9.27396, 2.457365, 1.984173, 1523442864424.1384
9.243862, 2.468349, 1.988461, 1523442864507.4954
9.204019, 2.49526, 1.972321, 1523442864591.1746
9.166442, 2.524592, 1.974133, 1523442864675.0381
9.128119, 2.552751, 1.971113, 1523442864758.9480
9.092958, 2.599525, 1.980948, 1523442864842.8572
9.064201, 2.640181, 1.996649, 1523442864926.6284
9.033798, 2.668348, 2.002769, 1523442865010.1689
9.004993, 2.696573, 2.000862, 1523442865093.5254
8.964634, 2.736796, 1.997597, 1523442865177.0659
8.923814, 2.768324, 1.998532, 1523442865260.6064
8.872665, 2.800908, 1.993306, 1523442865344.0557
8.823187, 2.846079, 1.989032, 1523442865427.1819
8.761742, 2.895714, 1.988112, 1523442865510.2158
8.696421, 2.94014, 1.98863, 1523442865593.0193
8.642339, 2.989489, 1.991441, 1523442865675.8687
8.608922, 3.054196, 2.009192, 1523442865759.3171
8.578546, 3.116978, 2.014234, 1523442865842.7200
8.527067, 3.170092, 2.013674, 1523442865925.8464
8.515414, 3.224332, 2.01188, 1523442866008.8345
8.494007, 3.301503, 2.001162, 1523442866091.5913
8.461241, 3.358204, 2.005427, 1523442866173.9807
8.430664, 3.416668, 2.012398, 1523442866256.1392
8.405842, 3.473501, 2.017638, 1523442866338.0210
8.391925, 3.544225, 2.023505, 1523442866420.2712
8.371807, 3.611494, 2.031471, 1523442866503.0293
8.325677, 3.688528, 2.025117, 1523442866586.1558
8.291209, 3.774411, 2.01673, 1523442866669.4666
8.250794, 3.8515, 2.009913, 1523442866753.0081
8.218164, 3.926582, 2.011071, 1523442866836.9182
8.177681, 4.009736, 2.010917, 1523442866921.1504
8.134441, 4.099658, 2.009312, 1523442867005.3828
8.112474, 4.189581, 2.013771, 1523442867089.4768
8.109414, 4.262838, 2.023533, 1523442867173.2021
8.100991, 4.338662, 2.01185, 1523442867256.6050
8.088182, 4.429106, 1.999494, 1523442867339.5930
8.088918, 4.50839, 2.006704, 1523442867422.2585
8.084727, 4.570849, 2.02609, 1523442867504.6472
8.094549, 4.641418, 2.029178, 1523442867587.0828
8.093436, 4.7185, 2.031207, 1523442867669.7939
8.083509, 4.80437, 2.026404, 1523442867752.7356
8.075425, 4.894767, 2.014557, 1523442867835.8621
8.058612, 4.990436, 2.012629, 1523442867919.0806
8.041848, 5.092932, 1.989214, 1523442868002.4834
8.018049, 5.183022, 1.993375, 1523442868086.0706
8.004514, 5.267017, 2.013882, 1523442868170.0728
7.999969, 5.348937, 2.025214, 1523442868254.3975
8.003369, 5.422287, 2.015904, 1523442868338.5371
8.013203, 5.501162, 2.007992, 1523442868422.4009
8.029556, 5.577639, 2.01295, 1523442868505.9421
8.035344, 5.663592, 2.015687, 1523442868589.0679
8.036908, 5.740995, 2.02224, 1523442868671.7795
8.042494, 5.814025, 2.041359, 1523442868754.2610
8.057534, 5.876975, 2.083634, 1523442868836.7419
8.057029, 5.938136, 2.106489, 1523442868919.2688
8.072161, 5.99738, 2.145646, 1523442869002.0730
8.079999, 6.052248, 2.169394, 1523442869085.1072
8.073684, 6.11984, 2.181306, 1523442869168.2332
8.07067, 6.184708, 2.183127, 1523442869251.4058
8.068536, 6.244634, 2.174121, 1523442869334.6707
8.071713, 6.301733, 2.186887, 1523442869418.2112
8.076025, 6.349998, 2.202139, 1523442869502.0283
8.078115, 6.402576, 2.20979, 1523442869585.7539
8.07995, 6.451554, 2.215081, 1523442869669.5710
8.099251, 6.508636, 2.222041, 1523442869753.3423
8.095875, 6.560799, 2.218516, 1523442869836.9294
8.101615, 6.624336, 2.212611, 1523442869920.2859
8.113911, 6.687922, 2.21445, 1523442870003.4121
8.14107, 6.747344, 2.233608, 1523442870086.4927
8.159797, 6.798324, 2.287335, 1523442870169.7112
8.178534, 6.841524, 2.316188, 1523442870252.9297
8.192314, 6.883017, 2.363281, 1523442870336.1943
8.188338, 6.911697, 2.382532, 1523442870419.3667
8.18031, 6.955486, 2.384246, 1523442870502.3550
8.181992, 6.999706, 2.380042, 1523442870585.2966
8.17293, 7.063647, 2.36832, 1523442870668.2385
8.170689, 7.121788, 2.380383, 1523442870751.5493
8.165314, 7.187322, 2.392527, 1523442870835.1367
8.168426, 7.239391, 2.431367, 1523442870919.1382
8.172916, 7.284088, 2.47504, 1523442871003.6008
8.182153, 7.322805, 2.525397, 1523442871088.1096
8.19075, 7.349238, 2.544148, 1523442871172.3416
8.204687, 7.382915, 2.55294, 1523442871256.3438
8.218548, 7.425871, 2.559334, 1523442871339.9312
8.232733, 7.475043, 2.558297, 1523442871423.1035
8.237427, 7.536771, 2.568816, 1523442871505.7231
8.244932, 7.583941, 2.617813, 1523442871587.9739
8.24771, 7.623938, 2.653309, 1523442871669.8105
8.254351, 7.663531, 2.694783, 1523442871751.7847
8.256361, 7.703936, 2.734169, 1523442871833.9888
8.24547, 7.742469, 2.742769, 1523442871916.2395
8.23966, 7.797596, 2.739432, 1523442871998.7671
8.237069, 7.854742, 2.728107, 1523442872081.6628
8.22971, 7.921719, 2.737086, 1523442872164.8350
8.216287, 7.9807, 2.768265, 1523442872248.5139
8.204826, 8.035962, 2.815105, 1523442872332.6077
8.201291, 8.079079, 2.855817, 1523442872416.8401
8.207493, 8.105628, 2.894282, 1523442872501.0261
8.226258, 8.133712, 2.913156, 1523442872585.2583
8.255105, 8.16964, 2.919595, 1523442872669.4902
8.266204, 8.208033, 2.923516, 1523442872753.2612
8.272132, 8.255889, 2.932877, 1523442872836.3870
8.286241, 8.301505, 2.944968, 1523442872919.1443
8.297334, 8.343282, 2.997488, 1523442873001.4417
8.298548, 8.391087, 3.045908, 1523442873083.5542
8.2982, 8.435613, 3.077234, 1523442873165.7585
8.294331, 8.483738, 3.099838, 1523442873248.0549
8.275426, 8.53439, 3.105938, 1523442873330.3979
8.258266, 8.590935, 3.100501, 1523442873412.9712
8.251518, 8.657328, 3.105299, 1523442873496.0054
8.239964, 8.715796, 3.124405, 1523442873579.4075
8.241836, 8.777303, 3.164246, 1523442873663.6851
8.242288, 8.831175, 3.216497, 1523442873748.3779
8.239046, 8.858036, 3.267916, 1523442873832.8865
8.238972, 8.878793, 3.289875, 1523442873917.2104
8.256297, 8.919775, 3.298657, 1523442874001.3044
8.260077, 8.96438, 3.293674, 1523442874084.8909
8.255775, 9.018765, 3.299505, 1523442874167.9248
8.266943, 9.072312, 3.331361, 1523442874250.6819
8.283722, 9.121311, 3.382014, 1523442874333.0708
8.283139, 9.170195, 3.426132, 1523442874415.1833
8.281888, 9.219079, 3.45699, 1523442874497.3423
8.270926, 9.25353, 3.476815, 1523442874579.6389
8.251734, 9.309855, 3.475021, 1523442874662.0740
8.240686, 9.357739, 3.476025, 1523442874745.0156
8.228472, 9.407724, 3.485387, 1523442874828.2339
8.205081, 9.464626, 3.516901, 1523442874911.8667
8.191579, 9.51808, 3.557073, 1523442874996.1450
8.189194, 9.566346, 3.602574, 1523442875080.6533
8.176702, 9.602197, 3.647914, 1523442875164.8853
8.172545, 9.633323, 3.664408, 1523442875248.7942
8.186091, 9.678771, 3.664768, 1523442875332.5195
8.19024, 9.729211, 3.662389, 1523442875415.9226
8.199312, 9.780222, 3.671328, 1523442875499.0947
8.218917, 9.830791, 3.70014, 1523442875582.0364
8.234147, 9.863915, 3.739306, 1523442875664.6094
8.243024, 9.903369, 3.782973, 1523442875746.9519
8.257887, 9.934765, 3.815938, 1523442875829.4331
8.260491, 9.969748, 3.841011, 1523442875912.0068
8.25717, 10.008766, 3.844676, 1523442875994.6260
8.261253, 10.063537, 3.844767, 1523442876077.4761
8.254582, 10.110906, 3.839843, 1523442876160.5103
8.245853, 10.169333, 3.852624, 1523442876243.6824
8.237705, 10.243482, 3.873907, 1523442876327.3618
8.246305, 10.308767, 3.924797, 1523442876411.5015
8.258444, 10.350458, 3.972721, 1523442876495.7339
8.263921, 10.394182, 4.016796, 1523442876579.7354
8.27977, 10.438731, 4.04322, 1523442876663.6909
8.293216, 10.492252, 4.052629, 1523442876747.4622
8.292305, 10.543984, 4.061934, 1523442876830.6345
8.298413, 10.586843, 4.089207, 1523442876913.4841
8.307161, 10.625078, 4.131139, 1523442876995.9651
8.302722, 10.660895, 4.171513, 1523442877078.2156
8.305276, 10.703235, 4.206607, 1523442877160.6968
8.295157, 10.736186, 4.223606, 1523442877243.5005
8.282713, 10.787169, 4.223783, 1523442877326.4421
8.273217, 10.842323, 4.221591, 1523442877409.6609
8.277243, 10.895637, 4.228688, 1523442877493.1555
8.267857, 10.956092, 4.25424, 1523442877577.0190
8.273139, 11.012219, 4.296036, 1523442877661.2971
8.272443, 11.068089, 4.331186, 1523442877745.6213
8.261508, 11.101469, 4.380882, 1523442877829.6228
8.258818, 11.126632, 4.410482, 1523442877913.3940
8.265697, 11.162891, 4.414692, 1523442877996.9812
8.260195, 11.213552, 4.413394, 1523442878080.1074
8.253801, 11.275265, 4.42389, 1523442878162.9573
8.262156, 11.330359, 4.459202, 1523442878245.7607
8.26147, 11.3831, 4.509621, 1523442878328.1038
8.258521, 11.425807, 4.548763, 1523442878410.2625
8.25863, 11.468489, 4.586392, 1523442878492.6514
8.251406, 11.521834, 4.604718, 1523442878575.1318
8.231935, 11.569957, 4.601857, 1523442878657.7976
8.223953, 11.629811, 4.607463, 1523442878740.9238
8.211954, 11.695289, 4.626202, 1523442878824.4187
8.200551, 11.760999, 4.650794, 1523442878908.2358
8.191499, 11.82276, 4.685493, 1523442878992.5603
8.193012, 11.863297, 4.729793, 1523442879076.9309
8.199471, 11.891934, 4.766448, 1523442879161.2554
8.225698, 11.918963, 4.775949, 1523442879245.5796
8.236728, 11.962563, 4.777611, 1523442879329.6272
8.233732, 12.016839, 4.782712, 1523442879412.8916
8.233699, 12.075022, 4.800494, 1523442879495.8335
8.248522, 12.118605, 4.84126, 1523442879578.4985
8.244777, 12.152658, 4.886713, 1523442879660.7495
8.240261, 12.188759, 4.915734, 1523442879742.9541
8.23113, 12.221455, 4.951069, 1523442879825.2971
8.21561, 12.261991, 4.96389, 1523442879907.6858
8.206644, 12.318696, 4.96012, 1523442879990.3513
8.200373, 12.369673, 4.972559, 1523442880073.2932
8.189265, 12.427386, 4.980432, 1523442880156.6960
8.16863, 12.479862, 5.018654, 1523442880240.4211
8.155378, 12.530643, 5.07214, 1523442880324.5613
8.14011, 12.561135, 5.110198, 1523442880408.6553
8.126568, 12.586877, 5.150069, 1523442880492.4727
8.133577, 12.612587, 5.173046, 1523442880576.1978
8.128348, 12.650399, 5.175, 1523442880659.6006
8.115687, 12.69399, 5.171396, 1523442880742.6807
8.104066, 12.738265, 5.192774, 1523442880825.5300
8.091171, 12.78349, 5.224731, 1523442880908.1953
8.076881, 12.81508, 5.272053, 1523442880990.5386
8.058319, 12.840544, 5.316427, 1523442881072.8811
8.047899, 12.873671, 5.343028, 1523442881155.5925
8.027436, 12.914057, 5.356998, 1523442881238.5808
7.998072, 12.965772, 5.350458, 1523442881321.7529
7.962929, 13.011677, 5.342013, 1523442881404.9717
7.928932, 13.051119, 5.345009, 1523442881488.3284
7.879675, 13.085389, 5.347315, 1523442881571.7771
7.838754, 13.128911, 5.353133, 1523442881655.5027
7.801144, 13.167714, 5.358068, 1523442881739.5044
7.755243, 13.199119, 5.358938, 1523442881823.3218
7.713991, 13.222978, 5.363342, 1523442881906.8167
7.666112, 13.254801, 5.364247, 1523442881990.0811
7.61306, 13.291405, 5.358591, 1523442882073.2534
7.557163, 13.32351, 5.352101, 1523442882156.2412
7.512901, 13.35462, 5.36297, 1523442882239.2751
7.473949, 13.386695, 5.367703, 1523442882322.4014
7.427364, 13.40777, 5.369229, 1523442882405.6199
7.383169, 13.429115, 5.36396, 1523442882489.1606
7.34277, 13.447835, 5.366057, 1523442882572.9780
7.291941, 13.46042, 5.363624, 1523442882656.9336
7.237422, 13.478121, 5.353938, 1523442882741.0276
7.163868, 13.488485, 5.348152, 1523442882825.0754
7.095585, 13.506567, 5.347871, 1523442882909.0771
7.034891, 13.522048, 5.360769, 1523442882993.1709
6.990989, 13.550925, 5.36525, 1523442883077.5410
6.931073, 13.572201, 5.359706, 1523442883161.6807
6.875773, 13.580807, 5.370343, 1523442883245.3604
6.815143, 13.604804, 5.362376, 1523442883328.7163
6.752018, 13.625858, 5.359088, 1523442883411.7043
6.676137, 13.648621, 5.359201, 1523442883494.3235
6.60559, 13.679203, 5.375091, 1523442883576.9883
6.547281, 13.708844, 5.418148, 1523442883659.4695
6.491073, 13.729934, 5.465511, 1523442883741.8125
6.447306, 13.74302, 5.496389, 1523442883824.2012
6.392322, 13.735096, 5.516413, 1523442883906.5439
6.343348, 13.711885, 5.519083, 1523442883988.9329
6.279529, 13.705411, 5.516434, 1523442884071.5061
6.215236, 13.700739, 5.515039, 1523442884154.4478
6.159339, 13.6839, 5.538938, 1523442884237.7583
6.108808, 13.693784, 5.592114, 1523442884321.7603
6.068715, 13.698963, 5.629874, 1523442884406.0840
6.036802, 13.69825, 5.675258, 1523442884490.2241
6.002585, 13.703307, 5.693356, 1523442884574.1792
5.959049, 13.717486, 5.691133, 1523442884657.9504
5.914214, 13.731566, 5.684731, 1523442884741.3069
5.851478, 13.743882, 5.703068, 1523442884824.3408
5.784043, 13.768058, 5.726144, 1523442884907.1445
5.737547, 13.774581, 5.774047, 1523442884989.3491
5.702166, 13.776572, 5.811826, 1523442885071.4155
5.677275, 13.793589, 5.842963, 1523442885154.0344
5.648182, 13.818135, 5.860737, 1523442885237.0227
5.605986, 13.834265, 5.864387, 1523442885320.2410
5.553698, 13.84567, 5.865403, 1523442885403.6436
5.489067, 13.844838, 5.879348, 1523442885487.1384
5.431472, 13.840526, 5.910781, 1523442885570.8638
5.373019, 13.844809, 5.943892, 1523442885655.0496
5.321662, 13.848139, 5.984205, 1523442885739.1436
5.286889, 13.841093, 6.025099, 1523442885822.9146
5.251607, 13.843636, 6.043248, 1523442885906.5938
5.219957, 13.849146, 6.051778, 1523442885990.1348
5.178421, 13.854608, 6.065125, 1523442886073.3525
5.13218, 13.861814, 6.082714, 1523442886156.2944
5.085169, 13.869176, 6.110813, 1523442886239.0522
5.043082, 13.879842, 6.139257, 1523442886321.5332
4.997488, 13.885941, 6.165332, 1523442886403.9683
4.96012, 13.903026, 6.200362, 1523442886486.7253
4.920417, 13.913201, 6.212514, 1523442886569.6670
4.875131, 13.921397, 6.214772, 1523442886652.7930
4.828463, 13.931726, 6.219584, 1523442886736.0112
4.778816, 13.929812, 6.232448, 1523442886819.2756
4.72708, 13.925703, 6.260093, 1523442886902.7244
4.679653, 13.932142, 6.292524, 1523442886986.7256
4.625177, 13.934033, 6.327623, 1523442887070.9580
4.578092, 13.928062, 6.366608, 1523442887155.0056
4.540041, 13.925928, 6.39109, 1523442887238.8689
4.488597, 13.932172, 6.404779, 1523442887322.4561
4.445489, 13.937823, 6.412145, 1523442887405.6282
4.385972, 13.930308, 6.434759, 1523442887488.4775
4.332678, 13.930367, 6.474416, 1523442887571.0508
4.290221, 13.923532, 6.50955, 1523442887653.3936
4.250799, 13.936238, 6.533113, 1523442887735.9666
4.209368, 13.933897, 6.563354, 1523442887818.8623
4.174227, 13.928446, 6.572287, 1523442887901.8965
4.125554, 13.919427, 6.582281, 1523442887985.0222
4.069749, 13.911844, 6.591728, 1523442888068.2405
4.019269, 13.904388, 6.61824, 1523442888151.7815
3.96868, 13.896925, 6.652521, 1523442888235.7830
3.924626, 13.891494, 6.687708, 1523442888319.9688
3.882191, 13.888288, 6.723539, 1523442888404.0164
3.854769, 13.882628, 6.7585, 1523442888487.6953
3.821569, 13.88905, 6.767411, 1523442888571.2822
3.776424, 13.894646, 6.765173, 1523442888654.6384
3.721324, 13.889963, 6.776785, 1523442888737.6726
3.67225, 13.892422, 6.791698, 1523442888820.5684
3.632021, 13.896218, 6.828803, 1523442888903.0955
3.600404, 13.899535, 6.861243, 1523442888985.4841
3.563762, 13.911054, 6.889869, 1523442889068.1958
3.534933, 13.921964, 6.91014, 1523442889151.1836
3.509957, 13.931361, 6.915113, 1523442889234.3096
3.480405, 13.924397, 6.929575, 1523442889317.5276
3.445151, 13.920747, 6.928051, 1523442889400.7458
3.408333, 13.903715, 6.922813, 1523442889484.1018
3.365205, 13.885043, 6.922957, 1523442889567.5044
3.31781, 13.852686, 6.918101, 1523442889650.9070
3.25945, 13.813561, 6.907434, 1523442889734.3555
3.200525, 13.77615, 6.909194, 1523442889817.8501
3.139184, 13.752031, 6.922287, 1523442889901.6675
3.076797, 13.716069, 6.932253, 1523442889985.3000
3.034061, 13.67711, 6.940319, 1523442890068.6106
2.986697, 13.652308, 6.939053, 1523442890151.9673
2.932175, 13.628303, 6.928637, 1523442890235.3699
2.872796, 13.585032, 6.926382, 1523442890318.6343
2.795691, 13.536759, 6.93744, 1523442890401.8528
2.740059, 13.506905, 6.961061, 1523442890485.1169
2.691054, 13.467545, 6.993855, 1523442890568.1509
2.646877, 13.441945, 7.024268, 1523442890651.1848
2.600231, 13.431704, 7.056756, 1523442890734.5872
2.567745, 13.409822, 7.084305, 1523442890818.0820
2.530536, 13.392002, 7.088512, 1523442890901.7610
2.490445, 13.376886, 7.087821, 1523442890985.4861
2.438013, 13.336684, 7.097856, 1523442891069.2114
2.387547, 13.299336, 7.100924, 1523442891152.9824
2.348486, 13.264564, 7.116348, 1523442891236.7539
2.29667, 13.239461, 7.148306, 1523442891320.7556
2.267391, 13.22758, 7.206985, 1523442891404.7107
2.249095, 13.20469, 7.250974, 1523442891488.2976
2.233911, 13.183934, 7.275034, 1523442891571.5620
2.203436, 13.166453, 7.276112, 1523442891654.6421
2.176266, 13.143939, 7.275003, 1523442891737.3997
2.131561, 13.102074, 7.275143, 1523442891819.7888
2.087512, 13.072486, 7.302728, 1523442891902.1777
2.04977, 13.049781, 7.352077, 1523442891984.1975
2.021163, 13.023393, 7.38863, 1523442892066.2178
1.998067, 12.997211, 7.415859, 1523442892148.5608
1.979178, 12.952227, 7.429685, 1523442892230.9956
1.968676, 12.90921, 7.430015, 1523442892313.5225
1.953648, 12.856682, 7.435532, 1523442892396.3262
1.946153, 12.814981, 7.436858, 1523442892479.3601
1.943109, 12.766812, 7.435829, 1523442892562.6702
1.920594, 12.706891, 7.474275, 1523442892646.4407
1.897185, 12.665096, 7.523868, 1523442892730.6265
1.887489, 12.633612, 7.567978, 1523442892814.8120
1.878432, 12.600341, 7.605987, 1523442892898.8132
1.86573, 12.565382, 7.62125, 1523442892982.5847
1.848186, 12.534667, 7.622966, 1523442893066.0791
1.82702, 12.494105, 7.624998, 1523442893149.2512
1.81113, 12.457472, 7.624705, 1523442893232.1931
1.794346, 12.408888, 7.618738, 1523442893314.8120
1.780665, 12.373602, 7.624154, 1523442893397.2930
1.754787, 12.331302, 7.630519, 1523442893480.0046
1.734833, 12.288941, 7.63919, 1523442893562.6699
1.713313, 12.233764, 7.636981, 1523442893645.3350
1.680055, 12.184661, 7.640854, 1523442893728.3689
1.664515, 12.135721, 7.637136, 1523442893811.6794
1.651753, 12.082716, 7.629273, 1523442893895.1277
1.64352, 12.021405, 7.630104, 1523442893978.8069
1.627683, 11.94258, 7.623566, 1523442894062.5322
1.634923, 11.8776, 7.615907, 1523442894146.3491
1.641409, 11.796537, 7.618847, 1523442894229.9360
1.645038, 11.718871, 7.648988, 1523442894313.5225
1.624789, 11.646565, 7.697799, 1523442894397.5242
1.613449, 11.612584, 7.74424, 1523442894481.6177
1.613087, 11.579215, 7.781684, 1523442894565.5269
1.604602, 11.522862, 7.795228, 1523442894649.2520
1.594399, 11.469857, 7.792722, 1523442894732.7004
1.595869, 11.401932, 7.790799, 1523442894815.7339
1.589538, 11.333592, 7.799466, 1523442894898.4910
1.578562, 11.279094, 7.822259, 1523442894981.1562
1.576092, 11.235275, 7.865873, 1523442895063.3601
1.586626, 11.19782, 7.92062, 1523442895145.2422
1.594317, 11.17425, 7.951149, 1523442895227.3545
1.6137, 11.147041, 7.963565, 1523442895309.5588
1.630777, 11.109449, 7.964794, 1523442895392.1780
1.644522, 11.066172, 7.962719, 1523442895475.1194
1.659203, 11.013027, 7.97562, 1523442895558.3838
1.670246, 10.955309, 7.996642, 1523442895642.1089
1.682279, 10.896046, 8.031693, 1523442895726.2944
1.682759, 10.845584, 8.070912, 1523442895810.5725
1.686029, 10.817942, 8.116352, 1523442895894.7583
1.68183, 10.797289, 8.138352, 1523442895978.8979
1.673319, 10.77089, 8.135082, 1523442896062.8992
1.678555, 10.728532, 8.136594, 1523442896146.3477
1.683798, 10.677356, 8.12789, 1523442896229.4275
1.677219, 10.620813, 8.129784, 1523442896312.2769
1.668208, 10.552757, 8.147202, 1523442896394.9419
1.652296, 10.499839, 8.19957, 1523442896477.3767
1.655627, 10.448876, 8.243593, 1523442896559.4426
1.651758, 10.41966, 8.284539, 1523442896641.6929
1.652621, 10.391205, 8.314331, 1523442896724.2195
1.660354, 10.366775, 8.3217, 1523442896806.8845
1.67018, 10.319183, 8.325324, 1523442896889.8259
1.687043, 10.261861, 8.32213, 1523442896973.0437
1.700452, 10.212229, 8.330097, 1523442897056.5845
1.721579, 10.152171, 8.344471, 1523442897140.4019
1.747512, 10.09407, 8.378988, 1523442897224.5874
1.760332, 10.045014, 8.420905, 1523442897308.9111
1.772902, 10.014833, 8.462307, 1523442897393.0510
1.778237, 9.992403, 8.495256, 1523442897477.0063
1.777575, 9.967426, 8.512548, 1523442897560.7312
1.778565, 9.931929, 8.517372, 1523442897644.0413
1.782628, 9.889629, 8.518086, 1523442897727.0295
1.778066, 9.845727, 8.524766, 1523442897809.7866
1.773599, 9.785598, 8.548287, 1523442897892.4517
1.763362, 9.746297, 8.58324, 1523442897974.8862
1.759371, 9.70752, 8.626184, 1523442898057.1829
1.748753, 9.665557, 8.661551, 1523442898139.7556
1.738624, 9.64366, 8.695489, 1523442898222.6050
1.736661, 9.618424, 8.706811, 1523442898305.6387
1.73626, 9.583962, 8.707596, 1523442898388.8103
1.726263, 9.557341, 8.702695, 1523442898472.2124
1.739305, 9.508901, 8.713208, 1523442898555.7065
1.74918, 9.45912, 8.707931, 1523442898639.3850
1.770431, 9.397661, 8.709769, 1523442898723.0176
1.793683, 9.34201, 8.724158, 1523442898806.6960
1.816745, 9.288664, 8.765994, 1523442898890.5132
1.829928, 9.243026, 8.817135, 1523442898974.4678
1.835586, 9.209412, 8.862845, 1523442899058.3308
1.841549, 9.189418, 8.890382, 1523442899141.7791
1.852795, 9.15741, 8.910349, 1523442899225.1350
1.868676, 9.115775, 8.914105, 1523442899308.3525
1.886539, 9.068714, 8.90836, 1523442899391.3398
1.914845, 9.014205, 8.911733, 1523442899474.1887
1.92833, 8.967243, 8.918882, 1523442899556.9922
1.921692, 8.926855, 8.935946, 1523442899640.0256
1.929056, 8.875401, 8.924736, 1523442899723.0132
1.946189, 8.817376, 8.915118, 1523442899805.9084
1.95959, 8.757866, 8.92443, 1523442899889.0803
1.975989, 8.706366, 8.926522, 1523442899972.3442
2.0083, 8.643229, 8.922307, 1523442900055.7004
2.045205, 8.580139, 8.915868, 1523442900139.1487
2.094363, 8.521182, 8.915688, 1523442900222.4585
2.147971, 8.46065, 8.934249, 1523442900305.5845
2.196615, 8.40767, 8.978959, 1523442900389.0330
2.211652, 8.374717, 9.014453, 1523442900472.8035
2.234869, 8.346457, 9.061886, 1523442900556.3438
2.255271, 8.311505, 9.084459, 1523442900639.7000
2.265734, 8.265763, 9.087202, 1523442900723.1018
2.289583, 8.222347, 9.084058, 1523442900806.2739
2.322965, 8.177446, 9.08481, 1523442900889.3076
2.34785, 8.138694, 9.098988, 1523442900972.2947
2.365954, 8.108596, 9.148309, 1523442901055.0056
2.376089, 8.090543, 9.18794, 1523442901137.3938
2.397031, 8.06165, 9.22436, 1523442901219.8745
2.409518, 8.03152, 9.254392, 1523442901302.5854
2.4268, 8.005136, 9.271609, 1523442901385.5728
2.455026, 7.970312, 9.272751, 1523442901468.7446
2.504674, 7.938228, 9.266452, 1523442901552.0544
2.554142, 7.9077, 9.268312, 1523442901635.4563
2.605026, 7.873457, 9.285526, 1523442901719.1353
2.648113, 7.848007, 9.313464, 1523442901803.1826
2.672148, 7.827483, 9.366257, 1523442901887.5063
2.697135, 7.822983, 9.408875, 1523442901971.8298
2.734259, 7.822422, 9.438987, 1523442902055.7393
2.773213, 7.801004, 9.448042, 1523442902139.2334
2.826341, 7.769914, 9.449193, 1523442902222.3591
2.873693, 7.742779, 9.444502, 1523442902305.2542
2.923142, 7.711627, 9.446874, 1523442902388.1497
2.962668, 7.67039, 9.460958, 1523442902471.1833
2.986417, 7.639558, 9.505222, 1523442902554.1245
3.008179, 7.615107, 9.545907, 1523442902637.0662
3.011425, 7.589772, 9.594659, 1523442902720.4226
3.017151, 7.569567, 9.630168, 1523442902803.9626
3.039768, 7.549424, 9.649643, 1523442902887.4570
3.061324, 7.511858, 9.631837, 1523442902970.9514
3.072279, 7.476922, 9.625113, 1523442903054.4917
3.101261, 7.435739, 9.611874, 1523442903137.9399
3.137754, 7.395803, 9.605058, 1523442903221.0198
3.207412, 7.352033, 9.598453, 1523442903303.6387
3.250525, 7.316857, 9.616471, 1523442903386.3958
3.275333, 7.258613, 9.640292, 1523442903469.6597
3.299673, 7.216706, 9.652381, 1523442903553.1079
3.326359, 7.172421, 9.659075, 1523442903636.5562
3.351976, 7.120609, 9.664557, 1523442903719.9121
3.38289, 7.06211, 9.666397, 1523442903803.0381
3.414705, 7.005986, 9.653587, 1523442903885.9792
3.438949, 6.964575, 9.663214, 1523442903968.6902
3.4755, 6.926868, 9.669217, 1523442904051.1707
3.508153, 6.872753, 9.650204, 1523442904133.4670
3.561049, 6.839462, 9.656953, 1523442904215.8555
3.595923, 6.800447, 9.657682, 1523442904298.5203
3.638222, 6.772357, 9.662329, 1523442904381.3699
3.69434, 6.742089, 9.659302, 1523442904464.2651
3.754597, 6.709923, 9.641465, 1523442904547.2524
3.823452, 6.687756, 9.647113, 1523442904630.3784
3.886859, 6.670047, 9.656043, 1523442904713.7805
3.955405, 6.653547, 9.652907, 1523442904797.4128
4.01284, 6.628915, 9.65003, 1523442904881.1377
4.064774, 6.618342, 9.677147, 1523442904964.5859
4.118981, 6.610594, 9.654787, 1523442905047.6658
4.167625, 6.599852, 9.644333, 1523442905130.8379
4.215267, 6.584805, 9.659972, 1523442905214.1016
4.276451, 6.568559, 9.653392, 1523442905297.5498
4.330083, 6.552705, 9.648943, 1523442905381.1824
4.390851, 6.536385, 9.655334, 1523442905464.8149
4.455175, 6.532611, 9.65227, 1523442905548.0786
4.54579, 6.530555, 9.630874, 1523442905631.3428
4.629574, 6.526405, 9.629925, 1523442905714.6985
4.709436, 6.52345, 9.636649, 1523442905798.2849
4.794396, 6.521854, 9.634091, 1523442905882.2400
4.888253, 6.528225, 9.631167, 1523442905966.3335
4.972612, 6.550849, 9.635365, 1523442906050.5652
5.042447, 6.569659, 9.644774, 1523442906134.7964
5.114464, 6.586311, 9.658421, 1523442906218.8899
5.181197, 6.603006, 9.664426, 1523442906302.6145
5.245923, 6.621212, 9.661995, 1523442906385.7864
5.323793, 6.627467, 9.665009, 1523442906468.8660
5.401159, 6.632443, 9.658422, 1523442906551.8994
5.481809, 6.629169, 9.650282, 1523442906634.7024
5.559953, 6.640079, 9.646106, 1523442906717.5056
5.646547, 6.634686, 9.650139, 1523442906800.1702
5.72685, 6.647009, 9.645052, 1523442906882.8354
5.807064, 6.660346, 9.676165, 1523442906965.7307
5.865604, 6.671264, 9.670255, 1523442907048.9944
5.936339, 6.695711, 9.661482, 1523442907132.3508
6.016249, 6.712229, 9.656019, 1523442907215.7529
6.079726, 6.733937, 9.650731, 1523442907299.2473
6.165008, 6.756842, 9.658058, 1523442907382.7878
6.250587, 6.769265, 9.66534, 1523442907466.5583
6.343029, 6.758489, 9.670592, 1523442907550.7896
6.426304, 6.761752, 9.677794, 1523442907634.8831
6.522642, 6.766963, 9.670044, 1523442907718.6074
6.611267, 6.765321, 9.658683, 1523442907801.9175
6.697908, 6.765417, 9.663493, 1523442907884.7668
6.771895, 6.758241, 9.659749, 1523442907967.5239
6.847472, 6.739672, 9.671995, 1523442908050.2810
6.924298, 6.731088, 9.681291, 1523442908132.7612
7.009089, 6.730266, 9.680958, 1523442908215.3342
7.09062, 6.727943, 9.686565, 1523442908297.9531
7.174518, 6.727589, 9.685627, 1523442908380.8022
7.267488, 6.731676, 9.666998, 1523442908463.9277
7.353104, 6.737101, 9.652777, 1523442908547.1914
7.442449, 6.751831, 9.664736, 1523442908630.4556
7.532759, 6.769899, 9.673615, 1523442908713.9956
7.623501, 6.768525, 9.683611, 1523442908797.7202
7.70312, 6.777701, 9.686405, 1523442908881.0759
7.779399, 6.782379, 9.695727, 1523442908964.2017
7.863412, 6.779904, 9.669253, 1523442909047.0969
7.955488, 6.784104, 9.674104, 1523442909129.8079
8.0405, 6.778391, 9.661728, 1523442909212.4265
8.119184, 6.761213, 9.672506, 1523442909295.1372
8.204404, 6.751985, 9.668637, 1523442909377.8481
8.293044, 6.748897, 9.661942, 1523442909461.0200
8.385231, 6.743117, 9.670829, 1523442909544.5144
8.473741, 6.743527, 9.669282, 1523442909628.2852
8.573211, 6.745868, 9.662605, 1523442909712.2400
8.671968, 6.743422, 9.647843, 1523442909796.2412
8.752829, 6.747777, 9.656226, 1523442909880.2419
8.837732, 6.756463, 9.66682, 1523442909964.1509
8.934537, 6.743903, 9.672321, 1523442910048.1519
9.026654, 6.734931, 9.684912, 1523442910131.6462
9.105068, 6.740846, 9.692982, 1523442910214.5874
9.180852, 6.729331, 9.680591, 1523442910297.1599
9.254555, 6.727172, 9.669058, 1523442910379.3643
9.331475, 6.713894, 9.668735, 1523442910461.7063
9.407545, 6.691483, 9.687308, 1523442910544.2329
9.480135, 6.686985, 9.687343, 1523442910626.6672
9.559249, 6.677498, 9.697255, 1523442910709.4241
9.635324, 6.655857, 9.707428, 1523442910792.6418
9.718818, 6.64219, 9.696984, 1523442910876.2737
9.809133, 6.631534, 9.683531, 1523442910960.1367
9.898641, 6.626492, 9.666956, 1523442911044.0918
9.996006, 6.627165, 9.667624, 1523442911127.8623
10.083946, 6.627684, 9.681813, 1523442911211.6333
10.17, 6.601923, 9.674449, 1523442911295.8186
10.257613, 6.577926, 9.676083, 1523442911379.8198
10.336047, 6.568785, 9.685289, 1523442911463.2678
10.415258, 6.556266, 9.670853, 1523442911546.3933
10.487688, 6.535783, 9.660232, 1523442911629.1963
10.574121, 6.516304, 9.660062, 1523442911711.9070
10.646165, 6.483589, 9.674521, 1523442911794.7097
10.705769, 6.454332, 9.684824, 1523442911877.3745
10.774539, 6.434273, 9.686074, 1523442911960.0854
10.848075, 6.397459, 9.686604, 1523442912043.2568
10.923937, 6.365218, 9.67636, 1523442912126.7969
11.001534, 6.331052, 9.6756, 1523442912210.4756
11.092566, 6.291661, 9.664637, 1523442912294.2458
11.181985, 6.255837, 9.65551, 1523442912377.9705
11.253974, 6.213541, 9.660994, 1523442912461.7412
11.321841, 6.159968, 9.665538, 1523442912545.9263
11.399454, 6.108957, 9.661248, 1523442912629.9731
11.479168, 6.064049, 9.678959, 1523442912713.5593
11.542231, 6.019552, 9.670564, 1523442912796.8232
11.59683, 5.964612, 9.657597, 1523442912879.6724
11.655746, 5.906643, 9.649457, 1523442912962.4751
11.720685, 5.840993, 9.660681, 1523442913045.3706
11.769845, 5.783819, 9.676116, 1523442913127.9893
11.844183, 5.730882, 9.670386, 1523442913210.4697
11.894028, 5.66426, 9.689001, 1523442913293.1802
11.934159, 5.601494, 9.685171, 1523442913376.2598
11.982962, 5.534406, 9.665968, 1523442913459.6616
12.039172, 5.467987, 9.657713, 1523442913543.2014
12.090353, 5.406086, 9.654978, 1523442913626.6958
12.140357, 5.347641, 9.665185, 1523442913710.1902
12.174826, 5.26639, 9.657664, 1523442913794.1909
12.209985, 5.177485, 9.66053, 1523442913878.3760
12.242659, 5.106727, 9.656603, 1523442913962.2844
12.277603, 5.033461, 9.658653, 1523442914045.6863
12.304684, 4.960522, 9.640196, 1523442914128.6733
12.343315, 4.876559, 9.642209, 1523442914211.2917
12.353435, 4.806722, 9.651646, 1523442914293.6338
12.374699, 4.734735, 9.660282, 1523442914375.6997
12.395496, 4.658755, 9.661513, 1523442914458.0415
12.40556, 4.581093, 9.676399, 1523442914540.8904
12.407919, 4.499799, 9.673259, 1523442914624.1079
12.414874, 4.409313, 9.674638, 1523442914707.4639
12.423026, 4.32394, 9.656276, 1523442914790.9116
12.445203, 4.244668, 9.644191, 1523442914874.2673
12.462441, 4.165071, 9.6404, 1523442914957.7612
12.453276, 4.076451, 9.637075, 1523442915041.7163
12.423547, 3.984651, 9.642913, 1523442915125.7627
12.430283, 3.910109, 9.643559, 1523442915209.3025
12.419164, 3.836042, 9.635792, 1523442915292.4741
12.38932, 3.762214, 9.621832, 1523442915375.4609
12.365473, 3.688509, 9.62342, 1523442915458.2637
12.329937, 3.619037, 9.633163, 1523442915541.1587
12.289121, 3.550052, 9.653471, 1523442915624.0532
12.265103, 3.468968, 9.658267, 1523442915706.8098
12.224251, 3.398906, 9.64657, 1523442915789.9353
12.178898, 3.326209, 9.640696, 1523442915873.6594
12.120694, 3.251738, 9.63451, 1523442915957.5222
12.067966, 3.161768, 9.614089, 1523442916041.3848
12.018953, 3.096829, 9.615875, 1523442916124.9709
11.97934, 3.027326, 9.621811, 1523442916208.4651
11.91884, 2.981355, 9.619362, 1523442916292.0969
11.854545, 2.921483, 9.612131, 1523442916375.6831
11.821657, 2.85502, 9.634209, 1523442916458.9465
11.779572, 2.800645, 9.639016, 1523442916541.7952
11.715626, 2.749341, 9.621072, 1523442916624.4136
11.650199, 2.701136, 9.610041, 1523442916706.8938
11.583012, 2.651689, 9.601336, 1523442916789.3743
11.523698, 2.619112, 9.625549, 1523442916871.9463
11.468377, 2.590144, 9.635435, 1523442916954.6106
11.402552, 2.55496, 9.641098, 1523442917037.7817
11.340724, 2.523599, 9.639739, 1523442917121.3677
11.272346, 2.49622, 9.634768, 1523442917205.0918
11.205646, 2.439048, 9.618213, 1523442917288.8159
11.126364, 2.404833, 9.611102, 1523442917372.4937
11.062915, 2.357043, 9.61596, 1523442917456.1721
10.992225, 2.311615, 9.635795, 1523442917539.9883
10.914139, 2.276774, 9.620425, 1523442917624.0349
10.827682, 2.243598, 9.621525, 1523442917707.7134
10.747804, 2.220884, 9.619466, 1523442917790.9768
10.677486, 2.192349, 9.599207, 1523442917873.8718
10.59409, 2.163132, 9.596128, 1523442917956.4905
10.505348, 2.132584, 9.590111, 1523442918038.9246
10.426367, 2.129349, 9.608185, 1523442918121.2200
10.356109, 2.123225, 9.634476, 1523442918203.3777
10.27136, 2.108838, 9.621918, 1523442918285.5815
10.211234, 2.071158, 9.611792, 1523442918368.2458
10.153723, 2.05527, 9.632662, 1523442918451.3250
10.081475, 2.026788, 9.623189, 1523442918534.6807
10.006062, 1.99378, 9.612148, 1523442918618.4050
9.928591, 1.963889, 9.617812, 1523442918702.2671
9.856575, 1.928782, 9.620738, 1523442918786.3140
9.787495, 1.907449, 9.628428, 1523442918870.6370
9.709278, 1.894468, 9.632798, 1523442918954.7759
9.62494, 1.860677, 9.634417, 1523442919038.3621
9.551688, 1.823194, 9.622718, 1523442919121.5332
9.458904, 1.783607, 9.606859, 1523442919204.3816
9.374354, 1.762741, 9.595684, 1523442919287.3687
9.280957, 1.746964, 9.570164, 1523442919370.5859
9.197371, 1.741929, 9.587369, 1523442919453.6648
9.116055, 1.708141, 9.608336, 1523442919536.2832
9.044537, 1.677879, 9.613695, 1523442919618.7170
8.97604, 1.663336, 9.61946, 1523442919701.7500
8.896875, 1.644168, 9.609964, 1523442919785.2437
8.80987, 1.60794, 9.59514, 1523442919868.9219
8.717611, 1.562138, 9.577945, 1523442919952.4617
8.635266, 1.531533, 9.580609, 1523442920036.2319
8.555804, 1.606892, 9.623641, 1523442920120.3711
8.478278, 1.51022, 9.602066, 1523442920204.4636
8.398397, 1.458156, 9.610503, 1523442920288.1416
8.318796, 1.446805, 9.62602, 1523442920371.3130
8.248525, 1.434589, 9.604948, 1523442920454.1614
8.165418, 1.427477, 9.595385, 1523442920536.9639
8.081539, 1.434922, 9.600829, 1523442920619.9509
7.994654, 1.428036, 9.602748, 1523442920702.7534
7.914964, 1.413972, 9.640091, 1523442920785.3716
7.816229, 1.405086, 9.618344, 1523442920868.3125
7.734543, 1.397595, 9.611911, 1523442920951.5300
7.655393, 1.376523, 9.59607, 1523442921034.8853
7.565609, 1.381608, 9.59592, 1523442921118.4709
7.486547, 1.354467, 9.59673, 1523442921202.1028
7.38589, 1.32385, 9.598775, 1523442921285.7810
7.279619, 1.31926, 9.617723, 1523442921369.8279
7.180918, 1.328549, 9.610941, 1523442921453.9204
7.090891, 1.313536, 9.609935, 1523442921537.5986
7.009146, 1.318481, 9.615506, 1523442921620.9543
6.926416, 1.318229, 9.606588, 1523442921703.8945
6.8375, 1.318328, 9.602016, 1523442921786.5591
6.753141, 1.34237, 9.587642, 1523442921869.2695
6.670994, 1.363419, 9.605567, 1523442921951.9800
6.580838, 1.363214, 9.60847, 1523442922034.6902
6.486496, 1.355606, 9.62682, 1523442922117.6772
6.400683, 1.364921, 9.614437, 1523442922200.8943
6.311322, 1.356843, 9.620363, 1523442922284.2495
6.227102, 1.361275, 9.585148, 1523442922367.9275
6.14475, 1.364909, 9.587146, 1523442922451.6975
6.067165, 1.364883, 9.607016, 1523442922535.6060
5.983724, 1.385888, 9.617636, 1523442922619.8831
5.903051, 1.411949, 9.616385, 1523442922704.0215
5.813547, 1.42488, 9.621475, 1523442922787.8376
5.739157, 1.446364, 9.622574, 1523442922871.3772
5.671317, 1.468931, 9.598601, 1523442922954.5024
5.599066, 1.491633, 9.600846, 1523442923037.3967
5.534856, 1.533094, 9.599166, 1523442923120.1069
5.476106, 1.565306, 9.60144, 1523442923202.6326
5.399297, 1.604317, 9.613057, 1523442923285.1125
5.332164, 1.635604, 9.629768, 1523442923368.0991
5.259996, 1.663506, 9.629516, 1523442923451.2698
5.178144, 1.692512, 9.609096, 1523442923534.3948
5.101595, 1.724354, 9.594445, 1523442923617.6577
5.018498, 1.754502, 9.588079, 1523442923700.9207
4.926311, 1.790458, 9.592864, 1523442923784.3218
4.86054, 1.850234, 9.616207, 1523442923867.9993
4.781052, 1.911576, 9.610854, 1523442923951.7693
4.695971, 1.962195, 9.599071, 1523442924035.2163
4.636063, 2.024187, 9.595251, 1523442924118.5715
4.598895, 2.086567, 9.606966, 1523442924201.4658
4.540533, 2.152187, 9.589991, 1523442924284.0374
4.500025, 2.223592, 9.591993, 1523442924366.4709
4.470389, 2.291532, 9.61784, 1523442924448.7205
4.422618, 2.355862, 9.619328, 1523442924530.9697
4.387661, 2.414845, 9.624989, 1523442924613.5874
4.351249, 2.487395, 9.621542, 1523442924696.6199
4.315435, 2.565682, 9.605957, 1523442924779.7905
4.270559, 2.640361, 9.595685, 1523442924863.1455
4.217792, 2.71243, 9.601963, 1523442924946.5928
4.168428, 2.78852, 9.611705, 1523442925029.9482
4.137186, 2.865921, 9.62366, 1523442925113.6257
4.114068, 2.956731, 9.626819, 1523442925197.5339
4.082109, 3.035566, 9.629788, 1523442925281.1191
4.058903, 3.119251, 9.63219, 1523442925364.4741
4.047786, 3.204947, 9.619761, 1523442925447.5525
4.024739, 3.284356, 9.615498, 1523442925530.3547
4.011019, 3.36296, 9.621486, 1523442925613.0645
4.00177, 3.435727, 9.624585, 1523442925695.4980
3.990777, 3.509566, 9.635976, 1523442925777.9775
3.984545, 3.58739, 9.643555, 1523442925861.0103
3.971964, 3.667625, 9.641292, 1523442925944.4116
3.956046, 3.749697, 9.632512, 1523442926027.9053
3.931315, 3.845983, 9.619704, 1523442926111.4907
3.927228, 3.940545, 9.613652, 1523442926195.0300
3.902201, 4.030576, 9.637961, 1523442926278.5691
3.897599, 4.114914, 9.630907, 1523442926362.5229
3.910217, 4.1971, 9.633759, 1523442926446.7073
3.900789, 4.279196, 9.641827, 1523442926530.4768
3.901829, 4.361553, 9.636497, 1523442926614.0161
3.903676, 4.442891, 9.629813, 1523442926697.1868
3.908989, 4.526578, 9.621163, 1523442926780.1731
3.924991, 4.587881, 9.633201, 1523442926863.0669
3.941603, 4.654674, 9.650882, 1523442926945.8230
3.942585, 4.726764, 9.654516, 1523442927028.5791
3.971712, 4.800332, 9.65301, 1523442927111.7036
3.989597, 4.865664, 9.671218, 1523442927195.1045
4.003181, 4.94382, 9.651982, 1523442927278.6899
4.014222, 5.033584, 9.632888, 1523442927362.3677
4.023526, 5.115411, 9.62151, 1523442927446.0452
4.031392, 5.21539, 9.636404, 1523442927529.8149
4.050367, 5.290572, 9.649981, 1523442927613.9075
4.087121, 5.371825, 9.648203, 1523442927698.1377
4.109601, 5.465956, 9.64332, 1523442927781.9995
4.132129, 5.540768, 9.650984, 1523442927865.5852
4.16698, 5.611067, 9.650713, 1523442927949.0322
4.209325, 5.678902, 9.646598, 1523442928032.2493
4.257306, 5.74346, 9.646874, 1523442928115.3276
4.298667, 5.801462, 9.654367, 1523442928197.9917
4.327807, 5.853693, 9.66652, 1523442928280.4248
4.367553, 5.912247, 9.675524, 1523442928363.2729
4.40627, 5.958481, 9.6678, 1523442928446.4897
4.443286, 6.014857, 9.671581, 1523442928529.7991
4.493477, 6.078083, 9.659101, 1523442928613.1074
4.53608, 6.134118, 9.64967, 1523442928696.4160
4.574875, 6.191991, 9.660414, 1523442928779.8171
4.626257, 6.251697, 9.665698, 1523442928863.4485
4.687042, 6.291267, 9.658477, 1523442928947.4026
4.756621, 6.353224, 9.653809, 1523442929030.9880
4.824015, 6.406252, 9.649143, 1523442929114.2507
4.893883, 6.445822, 9.646974, 1523442929197.0991
4.968532, 6.470363, 9.646347, 1523442929279.6245
5.034689, 6.493414, 9.634409, 1523442929362.0122
5.089306, 6.503351, 9.658757, 1523442929444.2612
5.14143, 6.506667, 9.67295, 1523442929526.4182
5.2105, 6.524123, 9.668755, 1523442929608.8516
5.275326, 6.535965, 9.670046, 1523442929691.6074
5.337716, 6.555967, 9.662569, 1523442929774.6860
5.413805, 6.588688, 9.658099, 1523442929858.0872
5.489841, 6.599193, 9.65399, 1523442929941.5339
5.562355, 6.645331, 9.658826, 1523442930025.0735
5.636191, 6.68122, 9.671351, 1523442930108.7048
5.707938, 6.706701, 9.672397, 1523442930192.5208
5.780527, 6.719603, 9.6719, 1523442930276.3362
5.858617, 6.731301, 9.677526, 1523442930359.9678
5.934896, 6.737457, 9.665797, 1523442930443.4607
6.014526, 6.741, 9.660695, 1523442930526.8159
6.091308, 6.748022, 9.645917, 1523442930609.9404
6.161443, 6.746254, 9.660527, 1523442930693.0190
6.237432, 6.734447, 9.668526, 1523442930776.1436
6.317429, 6.737466, 9.663833, 1523442930859.1763
6.393425, 6.760235, 9.669405, 1523442930942.1162
6.476701, 6.763746, 9.681651, 1523442931025.2410
6.545859, 6.771714, 9.681787, 1523442931108.2732
6.624085, 6.782075, 9.674392, 1523442931191.5361
6.696035, 6.790819, 9.671405, 1523442931275.1218
6.773477, 6.8143, 9.68126, 1523442931358.6609
6.850254, 6.835114, 9.686771, 1523442931442.3845
6.934557, 6.827482, 9.689298, 1523442931526.4309
7.016518, 6.836723, 9.698674, 1523442931610.0159
7.095482, 6.847752, 9.698257, 1523442931693.4170
7.167691, 6.844469, 9.687395, 1523442931776.4956
7.255956, 6.843572, 9.682662, 1523442931859.2515
7.33506, 6.836709, 9.677599, 1523442931941.9607
7.411436, 6.815316, 9.678433, 1523442932024.6248
7.489781, 6.812403, 9.686664, 1523442932107.1501
7.570115, 6.811542, 9.691196, 1523442932189.8599
7.655894, 6.810936, 9.691341, 1523442932272.8000
7.741656, 6.812508, 9.681203, 1523442932355.9709
7.82626, 6.809101, 9.666246, 1523442932439.4177
7.917078, 6.814665, 9.66104, 1523442932522.9568
8.000439, 6.824965, 9.650898, 1523442932606.6335
8.088698, 6.823828, 9.663662, 1523442932690.5876
8.175737, 6.811494, 9.663386, 1523442932774.7256
8.265165, 6.809763, 9.662398, 1523442932858.6333
8.351354, 6.813651, 9.666207, 1523442932942.2190
8.442422, 6.806261, 9.658888, 1523442933025.3892
8.533851, 6.791479, 9.645357, 1523442933108.1912
8.62028, 6.776673, 9.643673, 1523442933190.9470
8.70081, 6.758023, 9.666759, 1523442933273.6565
8.778894, 6.74857, 9.672504, 1523442933356.3662
8.85551, 6.740551, 9.681682, 1523442933439.3525
8.933812, 6.728785, 9.689607, 1523442933522.6614
9.001889, 6.722464, 9.684391, 1523442933606.2004
9.088108, 6.718434, 9.677787, 1523442933689.8777
9.173229, 6.714774, 9.684343, 1523442933773.5090
9.243735, 6.715831, 9.678879, 1523442933857.0015
9.323882, 6.713375, 9.690158, 1523442933940.5869
9.402878, 6.698893, 9.677295, 1523442934024.2639
9.488929, 6.697182, 9.684659, 1523442934107.5725
9.571205, 6.688407, 9.682172, 1523442934190.6042
9.65173, 6.678537, 9.669313, 1523442934273.4524
9.733566, 6.667645, 9.661067, 1523442934356.1162
9.815929, 6.647072, 9.660243, 1523442934438.8259
9.89132, 6.634114, 9.668823, 1523442934521.6279
9.957671, 6.614443, 9.687595, 1523442934604.4758
10.040562, 6.597365, 9.666615, 1523442934687.5078
10.120757, 6.584496, 9.675097, 1523442934770.8625
10.195648, 6.578253, 9.672384, 1523442934854.3550
10.273365, 6.569056, 9.674052, 1523442934937.9863
10.352748, 6.56325, 9.665833, 1523442935021.7097
10.43809, 6.560108, 9.673886, 1523442935105.5710
10.523365, 6.557746, 9.679547, 1523442935189.5249
10.602114, 6.550196, 9.681017, 1523442935273.5706
10.696099, 6.543687, 9.676178, 1523442935357.3862
10.774134, 6.543178, 9.682738, 1523442935440.7869
10.851651, 6.533619, 9.674479, 1523442935523.8188
10.936586, 6.524372, 9.667107, 1523442935606.4827
11.022584, 6.506245, 9.667656, 1523442935688.9619
11.097918, 6.488347, 9.673433, 1523442935771.2568
11.166656, 6.473115, 9.686979, 1523442935853.4133
11.241306, 6.458758, 9.688261, 1523442935935.8003
11.331974, 6.446944, 9.687784, 1523442936018.4639
11.419693, 6.44442, 9.672956, 1523442936101.4041
11.502758, 6.450094, 9.665013, 1523442936184.5281
11.599649, 6.459224, 9.659434, 1523442936267.8367
11.688321, 6.475856, 9.659225, 1523442936351.4675
11.774359, 6.484578, 9.661173, 1523442936435.3752
11.852352, 6.515958, 9.670712, 1523442936518.8677
11.907023, 6.550527, 9.679203, 1523442936601.9460
11.967739, 6.570133, 9.67305, 1523442936684.8862
12.041674, 6.592035, 9.664457, 1523442936767.9644
12.113316, 6.612602, 9.660277, 1523442936851.0427
12.191648, 6.636959, 9.666792, 1523442936934.3516
12.268148, 6.656296, 9.677281, 1523442937017.6599
12.338458, 6.691996, 9.669559, 1523442937100.8765
12.399421, 6.72276, 9.667051, 1523442937184.3232
12.465408, 6.76258, 9.674949, 1523442937268.0464
12.526407, 6.812603, 9.672196, 1523442937351.8621
12.582059, 6.864679, 9.661842, 1523442937435.9541
12.634176, 6.928766, 9.656565, 1523442937520.1841
12.694298, 7.0101, 9.662558, 1523442937604.5986
12.732008, 7.063475, 9.681389, 1523442937689.1514
12.777491, 7.11781, 9.675337, 1523442937773.6121
12.830338, 7.174786, 9.683408, 1523442937857.5195
12.886123, 7.230289, 9.694644, 1523442937941.1047
12.944787, 7.278695, 9.683478, 1523442938024.4590
13.01144, 7.325607, 9.669575, 1523442938107.5835
13.076889, 7.38873, 9.665229, 1523442938190.4312
13.135063, 7.443851, 9.68199, 1523442938273.1404
13.184508, 7.483608, 9.690372, 1523442938355.7117
13.239151, 7.549199, 9.68533, 1523442938438.4675
13.300908, 7.592834, 9.691094, 1523442938521.5457
13.347579, 7.640641, 9.70402, 1523442938604.8999
13.397415, 7.694304, 9.690829, 1523442938688.3467
13.452938, 7.748592, 9.687323, 1523442938771.7935
13.490819, 7.801851, 9.673582, 1523442938855.1938
13.537967, 7.852332, 9.701795, 1523442938938.5947
13.577256, 7.919437, 9.707619, 1523442939021.9949
13.637313, 7.97967, 9.71905, 1523442939105.3496
13.680213, 8.033917, 9.714117, 1523442939188.3813
13.715663, 8.081321, 9.719471, 1523442939271.0908
13.754009, 8.116633, 9.695583, 1523442939353.5696
13.792875, 8.152004, 9.678546, 1523442939435.8643
13.820775, 8.172322, 9.638189, 1523442939518.1128
13.851302, 8.18893, 9.589607, 1523442939600.4536
13.887682, 8.208596, 9.544613, 1523442939683.0706
13.934216, 8.239468, 9.512804, 1523442939766.0103
13.975513, 8.279258, 9.495444, 1523442939849.1807
14.004777, 8.327272, 9.490101, 1523442939932.4890
14.041338, 8.365393, 9.469692, 1523442940016.2122
14.080709, 8.393857, 9.437516, 1523442940100.1653
14.121243, 8.436554, 9.392104, 1523442940184.1650
14.154419, 8.490046, 9.346231, 1523442940268.0264
14.187249, 8.554347, 9.306211, 1523442940351.5190
14.216777, 8.612441, 9.30455, 1523442940434.6431
14.245695, 8.648725, 9.293839, 1523442940517.6750
14.278233, 8.68716, 9.272444, 1523442940600.5225
14.307288, 8.714082, 9.244591, 1523442940683.3240
14.345154, 8.738164, 9.201616, 1523442940766.3098
14.401877, 8.765782, 9.157205, 1523442940849.6643
14.463057, 8.800878, 9.139201, 1523442940933.3875
14.504734, 8.843924, 9.144035, 1523442941016.9724
14.522408, 8.89543, 9.132933, 1523442941100.2344
14.551137, 8.932569, 9.105292, 1523442941183.5430
14.581891, 8.972043, 9.076012, 1523442941266.9436
14.598043, 9.027373, 9.037812, 1523442941350.2056
14.615469, 9.082019, 8.999594, 1523442941433.5142
14.644257, 9.147861, 8.989997, 1523442941516.8228
14.658988, 9.20394, 9.003365, 1523442941599.9004
14.676424, 9.261595, 9.004456, 1523442941682.7942
14.697504, 9.319171, 8.983475, 1523442941765.5957
14.725517, 9.377774, 8.982268, 1523442941848.5811
14.758129, 9.429793, 8.997923, 1523442941931.8430
14.774448, 9.484646, 8.997019, 1523442942014.9673
14.7879, 9.553825, 8.974607, 1523442942098.2292
14.804839, 9.605685, 8.971529, 1523442942181.8142
14.818616, 9.652067, 8.962837, 1523442942265.7678
14.828984, 9.701186, 8.938698, 1523442942350.1357
14.833654, 9.749167, 8.904526, 1523442942434.4116
14.82661, 9.795433, 8.862538, 1523442942518.5493
14.810137, 9.846067, 8.829331, 1523442942602.3647
14.785746, 9.910722, 8.797803, 1523442942685.6731
14.769873, 9.963903, 8.790166, 1523442942768.6125
14.776917, 10.00738, 8.777918, 1523442942851.5984
14.775743, 10.047577, 8.763627, 1523442942934.3997
14.784372, 10.087159, 8.729889, 1523442943017.2473
14.796898, 10.122553, 8.684944, 1523442943100.0483
14.812171, 10.170497, 8.647818, 1523442943182.8960
14.824106, 10.230381, 8.62156, 1523442943265.8354
14.834363, 10.289012, 8.613606, 1523442943348.9592
14.827685, 10.338097, 8.610449, 1523442943432.0371
14.829054, 10.381386, 8.593522, 1523442943515.5759
14.838891, 10.429991, 8.553108, 1523442943599.2524
14.828551, 10.480906, 8.511511, 1523442943682.8374
14.810683, 10.535891, 8.468006, 1523442943766.1919
14.798068, 10.602483, 8.427691, 1523442943849.4075
14.769717, 10.664553, 8.417789, 1523442943932.2087
14.756891, 10.712892, 8.43042, 1523442944014.8259
14.749661, 10.766759, 8.425246, 1523442944097.3047
14.742264, 10.81497, 8.394083, 1523442944179.6450
14.737619, 10.868407, 8.353309, 1523442944262.1702
14.74666, 10.920546, 8.310203, 1523442944345.1101
14.760019, 10.971319, 8.263947, 1523442944428.3718
14.764435, 11.022105, 8.243249, 1523442944511.8184
14.757581, 11.076363, 8.247179, 1523442944595.2188
14.748421, 11.12741, 8.244273, 1523442944678.7571
14.743659, 11.174909, 8.229159, 1523442944762.5264
14.735682, 11.2219, 8.201754, 1523442944846.4338
14.726795, 11.269176, 8.156354, 1523442944930.3870
14.700849, 11.321256, 8.099463, 1523442945013.9717
14.670341, 11.382215, 8.06076, 1523442945097.2334
14.643614, 11.442383, 8.051082, 1523442945180.1729
14.631584, 11.507278, 8.053633, 1523442945263.1587
14.622456, 11.560844, 8.04499, 1523442945346.1904
14.620517, 11.606936, 8.023451, 1523442945429.3140
14.617259, 11.662966, 7.993194, 1523442945512.5303
14.619388, 11.710658, 7.953906, 1523442945595.9304
14.625626, 11.756948, 7.902695, 1523442945679.5608
14.623945, 11.813018, 7.87007, 1523442945763.3760
14.627507, 11.86852, 7.875748, 1523442945847.3750
14.62032, 11.92126, 7.867842, 1523442945931.4204
14.614563, 11.971869, 7.850224, 1523442946015.5583
14.600357, 12.029057, 7.815671, 1523442946099.3730
14.576949, 12.08553, 7.77194, 1523442946182.6812
14.541077, 12.139612, 7.742295, 1523442946265.5286
14.508597, 12.212119, 7.719687, 1523442946348.1914
14.470601, 12.28097, 7.724811, 1523442946430.3938
14.441962, 12.341941, 7.739524, 1523442946512.5500
14.42235, 12.397989, 7.730301, 1523442946594.6602
14.412624, 12.438572, 7.719633, 1523442946677.0005
14.424984, 12.475938, 7.733541, 1523442946759.5713
14.410462, 12.519843, 7.725355, 1523442946842.2805
14.391227, 12.578414, 7.701879, 1523442946925.3123
14.367274, 12.620916, 7.702178, 1523442947008.6201
14.349637, 12.645506, 7.7015, 1523442947092.1125
14.327415, 12.67407, 7.693601, 1523442947175.9275
14.29077, 12.701901, 7.663139, 1523442947259.7883
14.257936, 12.721417, 7.619313, 1523442947343.6956
14.210949, 12.756116, 7.578297, 1523442947427.6023
14.157851, 12.78055, 7.544028, 1523442947511.3254
14.090726, 12.806026, 7.515003, 1523442947594.6797
14.039802, 12.83335, 7.512886, 1523442947677.8953
14.018252, 12.859525, 7.516431, 1523442947760.8809
13.988689, 12.886231, 7.487878, 1523442947843.6357
13.960066, 12.915444, 7.452115, 1523442947926.3906
13.938531, 12.943711, 7.415051, 1523442948009.0996
13.906847, 12.983854, 7.372347, 1523442948091.9929
13.867883, 13.034682, 7.336815, 1523442948175.1624
13.821856, 13.068185, 7.329358, 1523442948258.5627
13.777288, 13.087066, 7.312888, 1523442948342.1013
13.734597, 13.113992, 7.286618, 1523442948425.8696
13.704335, 13.135425, 7.24644, 1523442948509.8228
13.657567, 13.145972, 7.205664, 1523442948593.7292
13.590243, 13.153547, 7.174027, 1523442948677.2681
13.519758, 13.170834, 7.153421, 1523442948760.2993
13.465273, 13.190794, 7.142923, 1523442948843.1003
13.422108, 13.215958, 7.116979, 1523442948925.6707
13.381803, 13.239136, 7.090048, 1523442949008.0569
13.350014, 13.26345, 7.051899, 1523442949090.3511
13.316988, 13.294334, 7.027416, 1523442949172.8298
13.278642, 13.322911, 7.005197, 1523442949255.7690
13.204592, 13.355753, 7.005487, 1523442949338.8928
13.147198, 13.36888, 7.004081, 1523442949422.1084
13.078242, 13.387321, 6.991594, 1523442949505.5542
13.019263, 13.398802, 6.982479, 1523442949589.0920
12.963079, 13.404824, 6.981187, 1523442949672.8142
12.907433, 13.419748, 6.978431, 1523442949756.9053
12.854698, 13.420186, 6.960089, 1523442949840.7197
12.807724, 13.420158, 6.963149, 1523442949924.2117
12.769413, 13.427032, 6.961286, 1523442950007.6577
12.732368, 13.435776, 6.956151, 1523442950091.0574
12.704779, 13.433981, 6.940269, 1523442950174.3188
12.679213, 13.440747, 6.918901, 1523442950257.5342
12.652772, 13.451271, 6.892955, 1523442950340.8418
12.6252, 13.467144, 6.859598, 1523442950424.4719
12.588265, 13.485894, 6.83295, 1523442950508.3787
12.532973, 13.509509, 6.816905, 1523442950592.4233
12.485267, 13.507268, 6.814878, 1523442950676.2839
12.43563, 13.509185, 6.800757, 1523442950760.0986
12.389151, 13.526208, 6.762966, 1523442950843.9131
12.335899, 13.532968, 6.70989, 1523442950927.3589
12.297001, 13.514935, 6.67252, 1523442951010.4363
12.23895, 13.500676, 6.6419, 1523442951093.1907
12.188956, 13.482975, 6.635232, 1523442951175.5767
12.137581, 13.482927, 6.630497, 1523442951258.0085
12.096551, 13.489216, 6.613708, 1523442951340.5789
12.051038, 13.492163, 6.580133, 1523442951423.2871
12.015815, 13.502759, 6.545249, 1523442951506.1799
11.976389, 13.531746, 6.502768, 1523442951589.5796
11.92538, 13.563614, 6.477398, 1523442951673.3938
11.864588, 13.582642, 6.455678, 1523442951757.2542
11.8093, 13.579771, 6.45176, 1523442951840.7458
11.756927, 13.579581, 6.440025, 1523442951924.1455
11.697532, 13.581471, 6.407826, 1523442952007.5452
11.640256, 13.581341, 6.366885, 1523442952090.9448
11.588005, 13.569106, 6.321469, 1523442952174.1143
11.521884, 13.552779, 6.283569, 1523442952257.0991
11.458264, 13.533196, 6.266752, 1523442952339.8535
11.411983, 13.516994, 6.262869, 1523442952422.4702
11.359751, 13.519787, 6.248564, 1523442952505.0864
11.314585, 13.517528, 6.220203, 1523442952587.6106
11.269859, 13.527335, 6.178312, 1523442952670.2734
11.232942, 13.536699, 6.13592, 1523442952753.3044
11.175139, 13.546726, 6.092887, 1523442952836.6118
11.114897, 13.556692, 6.075864, 1523442952920.1504
11.07653, 13.551496, 6.086349, 1523442953003.5957
11.025186, 13.543279, 6.074924, 1523442953087.2256
10.969667, 13.547912, 6.049997, 1523442953171.1787
10.915442, 13.553013, 6.002565, 1523442953255.1772
10.859805, 13.551683, 5.951283, 1523442953339.0376
10.802544, 13.546638, 5.915299, 1523442953422.5757
10.740428, 13.53652, 5.894069, 1523442953505.6072
10.697645, 13.525393, 5.896375, 1523442953588.4077
10.6573, 13.520414, 5.882248, 1523442953671.3005
10.611683, 13.514447, 5.853769, 1523442953754.0554
10.56965, 13.513096, 5.810045, 1523442953836.8562
10.525919, 13.520713, 5.773399, 1523442953919.8870
10.468759, 13.537325, 5.733752, 1523442954003.3789
10.407783, 13.550334, 5.717949, 1523442954087.0552
10.349783, 13.542441, 5.716084, 1523442954170.7314
10.296603, 13.528353, 5.704147, 1523442954254.4541
10.247499, 13.531038, 5.671174, 1523442954338.4988
10.202725, 13.520848, 5.624579, 1523442954422.6357
10.15053, 13.496402, 5.57008, 1523442954506.6807
10.09243, 13.448444, 5.524753, 1523442954590.0801
10.0215, 13.416737, 5.49932, 1523442954673.1113
9.977717, 13.397888, 5.505993, 1523442954755.7739
9.931902, 13.387708, 5.498575, 1523442954838.2061
9.885314, 13.387908, 5.466892, 1523442954920.7764
9.846801, 13.383847, 5.439919, 1523442955003.2087
9.815148, 13.374594, 5.414652, 1523442955085.7334
9.769225, 13.368378, 5.39519, 1523442955168.5801
9.70733, 13.352691, 5.377747, 1523442955251.7034
9.658922, 13.304946, 5.377286, 1523442955334.5962
9.627554, 13.262499, 5.366388, 1523442955417.4893
9.573777, 13.226035, 5.352618, 1523442955500.5205
9.539984, 13.170745, 5.339124, 1523442955583.7822
9.502528, 13.117494, 5.339834, 1523442955667.2742
9.459129, 13.059758, 5.346858, 1523442955751.0889
9.41498, 13.01327, 5.36094, 1523442955835.2258
9.365036, 12.974808, 5.365685, 1523442955919.5012
9.338997, 12.924593, 5.368887, 1523442956003.4539
9.310859, 12.879709, 5.373436, 1523442956087.1763
9.27676, 12.835283, 5.369244, 1523442956170.6216
9.242558, 12.785603, 5.362135, 1523442956253.7908
9.214827, 12.75106, 5.361289, 1523442956336.8682
9.176445, 12.721296, 5.369089, 1523442956419.8989
9.150771, 12.675493, 5.364283, 1523442956502.7920
9.13732, 12.618898, 5.354108, 1523442956585.5925
9.103122, 12.573001, 5.348842, 1523442956668.7161
9.086079, 12.533181, 5.349771, 1523442956752.1155
9.063868, 12.499174, 5.339558, 1523442956835.8840
9.04771, 12.464358, 5.322189, 1523442956919.8826
9.044328, 12.435972, 5.291961, 1523442957003.8813
9.060589, 12.413351, 5.246776, 1523442957087.9722
9.067934, 12.369525, 5.203543, 1523442957171.6948
9.080562, 12.322705, 5.178451, 1523442957254.9102
9.087543, 12.291584, 5.187926, 1523442957338.0337
9.075194, 12.257902, 5.188404, 1523442957421.1567
9.065521, 12.220865, 5.177614, 1523442957504.0498
9.061344, 12.18014, 5.153262, 1523442957586.8506
9.04663, 12.138372, 5.117122, 1523442957669.6514
9.02555, 12.089745, 5.0697, 1523442957752.6826
8.998725, 12.038247, 5.025024, 1523442957835.9441
8.968805, 11.98279, 4.991361, 1523442957919.5745
8.951353, 11.926709, 4.994994, 1523442958003.1584
8.949772, 11.87668, 4.995234, 1523442958086.7422
8.942808, 11.836065, 4.985486, 1523442958170.4187
8.932133, 11.789709, 4.951829, 1523442958254.0486
8.933466, 11.745651, 4.911678, 1523442958337.4023
8.945966, 11.697187, 4.864185, 1523442958420.4333
8.964749, 11.640268, 4.822594, 1523442958503.1421
8.972802, 11.582077, 4.805377, 1523442958585.6201
8.972179, 11.537999, 4.802439, 1523442958668.0520
8.966466, 11.488514, 4.803797, 1523442958750.5303
8.965194, 11.434837, 4.788295, 1523442958833.0547
8.959481, 11.380803, 4.756936, 1523442958915.6250
8.950266, 11.345399, 4.719594, 1523442958998.3796
8.927187, 11.312275, 4.679382, 1523442959081.6868
8.892585, 11.271233, 4.64454, 1523442959165.5015
8.870648, 11.225517, 4.630519, 1523442959249.5000
8.864786, 11.187789, 4.637786, 1523442959333.3145
8.876068, 11.137327, 4.630604, 1523442959417.0366
8.873992, 11.099364, 4.614104, 1523442959500.6208
8.87686, 11.051021, 4.582588, 1523442959584.2507
8.891561, 11.000112, 4.541122, 1523442959667.7432
8.905432, 10.944761, 4.494635, 1523442959750.8665
8.927379, 10.896297, 4.453686, 1523442959833.7593
8.953044, 10.845318, 4.440321, 1523442959916.2834
8.980349, 10.801538, 4.44839, 1523442959998.6697
8.991499, 10.751449, 4.443823, 1523442960081.0098
8.995942, 10.705515, 4.42912, 1523442960163.5339
8.9948, 10.661185, 4.403681, 1523442960246.1968
8.988728, 10.631159, 4.370252, 1523442960329.1355
8.961877, 10.591045, 4.323698, 1523442960412.4890
8.929337, 10.553793, 4.283727, 1523442960496.2114
8.906171, 10.516264, 4.260133, 1523442960580.1174
8.890607, 10.476533, 4.252785, 1523442960664.1162
8.892868, 10.433869, 4.261175, 1523442960747.9771
8.889837, 10.39717, 4.257497, 1523442960831.8372
8.883302, 10.350103, 4.232224, 1523442960915.4673
8.886273, 10.294267, 4.18947, 1523442960998.8672
8.901877, 10.233576, 4.141629, 1523442961082.1282
8.928531, 10.172626, 4.091188, 1523442961165.1599
8.945423, 10.103633, 4.052355, 1523442961248.0986
8.958249, 10.035766, 4.047361, 1523442961330.6689
8.955824, 9.982943, 4.056374, 1523442961413.2854
8.952579, 9.932798, 4.052475, 1523442961495.8560
8.954797, 9.876491, 4.017202, 1523442961578.4727
8.94951, 9.847719, 3.979006, 1523442961661.3650
8.933767, 9.816394, 3.946826, 1523442961744.5806
8.899248, 9.789216, 3.912959, 1523442961828.2104
8.870663, 9.748988, 3.891581, 1523442961912.1633
8.863282, 9.710189, 3.897839, 1523442961996.0698
8.86459, 9.674389, 3.898278, 1523442962079.9766
8.862366, 9.630632, 3.883534, 1523442962163.7910
8.856967, 9.580435, 3.856352, 1523442962247.4211
8.87394, 9.531334, 3.821862, 1523442962330.8667
8.884991, 9.476718, 3.770597, 1523442962413.9902
8.900188, 9.418607, 3.723726, 1523442962496.8369
8.919778, 9.361522, 3.690293, 1523442962579.5454
8.935321, 9.310314, 3.689336, 1523442962662.2078
8.944644, 9.273322, 3.69945, 1523442962744.9622
8.944416, 9.231455, 3.696827, 1523442962827.9014
8.938046, 9.185899, 3.680988, 1523442962911.0247
8.941046, 9.140554, 3.653388, 1523442962994.1018
8.930323, 9.106152, 3.612423, 1523442963077.4089
8.899345, 9.07413, 3.56084, 1523442963161.1313
8.873457, 9.034966, 3.523764, 1523442963245.1296
8.84694, 9.000869, 3.513092, 1523442963329.2668
8.840182, 8.960605, 3.519364, 1523442963413.2192
8.841648, 8.925604, 3.524509, 1523442963497.0334
8.837278, 8.885094, 3.516121, 1523442963580.6177
8.839772, 8.832243, 3.490458, 1523442963663.8792
8.844841, 8.781808, 3.457147, 1523442963747.0940
8.853189, 8.721942, 3.41017, 1523442963830.1709
8.871616, 8.654417, 3.34838, 1523442963912.9253
8.887906, 8.602259, 3.321962, 1523442963995.6792
8.905505, 8.569873, 3.324136, 1523442964078.2954
8.91623, 8.536067, 3.334751, 1523442964160.9580
8.918802, 8.484696, 3.32852, 1523442964243.7124
8.913223, 8.437325, 3.310527, 1523442964326.6970
8.90642, 8.3916, 3.2867, 1523442964409.7283
8.898651, 8.360999, 3.250792, 1523442964492.8516
8.881456, 8.313239, 3.200711, 1523442964576.4351
8.837497, 8.260867, 3.148432, 1523442964660.3875
8.803485, 8.215384, 3.121279, 1523442964744.6624
8.794827, 8.166561, 3.130306, 1523442964828.7070
8.794671, 8.135148, 3.142146, 1523442964912.7520
8.784362, 8.091576, 3.13074, 1523442964996.6584
8.789336, 8.035269, 3.101002, 1523442965080.2424
8.80173, 7.989565, 3.057861, 1523442965163.6418
8.810081, 7.934355, 3.00895, 1523442965246.6265
8.826016, 7.878587, 2.960131, 1523442965329.3811
8.843436, 7.824305, 2.932622, 1523442965411.8594
8.865679, 7.779088, 2.944166, 1523442965494.1997
8.874529, 7.735507, 2.955481, 1523442965576.5857
8.875738, 7.684188, 2.946003, 1523442965659.1555
8.878094, 7.639273, 2.928349, 1523442965741.8643
8.86812, 7.59378, 2.891559, 1523442965824.7109
8.859048, 7.552135, 2.84206, 1523442965907.9260
8.838315, 7.509474, 2.793925, 1523442965991.5100
8.82147, 7.470702, 2.75923, 1523442966075.3242
8.814871, 7.419862, 2.750265, 1523442966159.1382
8.821959, 7.392326, 2.765085, 1523442966242.8604
8.815627, 7.358832, 2.761174, 1523442966326.8589
8.814247, 7.31459, 2.732757, 1523442966410.6731
8.824566, 7.237062, 2.679453, 1523442966494.1648
8.830857, 7.182087, 2.635181, 1523442966577.3337
8.838037, 7.115427, 2.588025, 1523442966660.2263
8.854552, 7.044909, 2.55335, 1523442966742.7505
8.86859, 6.983716, 2.557118, 1523442966825.0442
8.870484, 6.93226, 2.571164, 1523442966907.3374
8.868226, 6.881769, 2.557142, 1523442966989.5850
8.867522, 6.833882, 2.5331, 1523442967072.0171
8.858878, 6.785596, 2.50013, 1523442967154.7717
8.846848, 6.738594, 2.459599, 1523442967237.8943
8.824596, 6.69525, 2.414554, 1523442967321.4780
8.800497, 6.630297, 2.373409, 1523442967405.3386
8.791882, 6.576676, 2.371551, 1523442967489.2908
8.803013, 6.535048, 2.382885, 1523442967573.1509
8.79768, 6.483033, 2.36556, 1523442967657.1948
8.790648, 6.430609, 2.334828, 1523442967741.2856
8.788779, 6.36903, 2.295127, 1523442967825.1458
8.793906, 6.325958, 2.258099, 1523442967908.6372
8.795081, 6.258824, 2.225519, 1523442967991.9443
8.805702, 6.180138, 2.213215, 1523442968074.7910
8.809529, 6.102945, 2.210876, 1523442968157.3147
8.809221, 6.045889, 2.21862, 1523442968239.7002
8.801558, 5.975051, 2.205475, 1523442968322.0862
8.784073, 5.903791, 2.184863, 1523442968404.6108
8.746875, 5.842452, 2.199926, 1523442968487.3647
8.72202, 5.777357, 2.199449, 1523442968570.1655
8.712618, 5.693606, 2.177759, 1523442968653.0581
8.683129, 5.61831, 2.171295, 1523442968736.3191
8.667108, 5.55512, 2.170271, 1523442968819.9031
8.644174, 5.497738, 2.157818, 1523442968903.8557
8.625095, 5.433826, 2.134698, 1523442968987.9463
8.627602, 5.363492, 2.102269, 1523442969071.9448
8.63233, 5.292229, 2.055072, 1523442969155.6665
8.636522, 5.212775, 2.032527, 1523442969239.4351
8.629319, 5.10781, 2.003084, 1523442969322.9729
8.620385, 5.007027, 2.011712, 1523442969406.3262
8.598206, 4.912725, 2.012279, 1523442969489.3572
8.598598, 4.811651, 1.999978, 1523442969572.0193
8.583826, 4.719409, 1.987563, 1523442969654.5891
8.560199, 4.651075, 2.008031, 1523442969737.0671
8.554187, 4.573836, 2.018199, 1523442969819.6375
8.537636, 4.481156, 2.012798, 1523442969902.6221
8.516396, 4.399611, 2.018868, 1523442969986.1135
8.499551, 4.310008, 2.011364, 1523442970069.8357
8.485659, 4.221924, 1.997097, 1523442970153.6960
8.478151, 4.123364, 1.9905, 1523442970237.4639
8.471024, 4.033909, 1.988554, 1523442970321.2319
8.441113, 3.945828, 1.999409, 1523442970405.5527
8.401996, 3.864326, 1.99663, 1523442970489.8276
8.378568, 3.789739, 2.00736, 1523442970573.7339
8.338285, 3.711191, 1.994077, 1523442970657.5481
8.303456, 3.640153, 1.985315, 1523442970740.8552
8.267645, 3.565642, 1.977573, 1523442970823.6096
8.2213, 3.500993, 2.007533, 1523442970905.9951
8.193922, 3.440886, 2.014782, 1523442970988.1045
8.151277, 3.373608, 2.015443, 1523442971070.5366
8.091697, 3.30215, 1.999381, 1523442971153.5676
8.06127, 3.22752, 2.006554, 1523442971236.7366
8.012557, 3.149132, 1.986569, 1523442971319.9978
7.960956, 3.066649, 1.976743, 1523442971403.3513
7.922441, 2.982581, 1.985256, 1523442971486.7046
7.861616, 2.910233, 1.990872, 1523442971570.6572
7.78764, 2.851836, 2.005585, 1523442971654.8857
7.727189, 2.793367, 1.99287, 1523442971738.5618
7.670531, 2.742469, 1.99579, 1523442971821.9612
7.612044, 2.701526, 1.999317, 1523442971905.0378
7.552827, 2.651288, 2.000705, 1523442971987.7463
7.472713, 2.60862, 1.974163, 1523442972070.3625
7.408831, 2.587809, 1.997352, 1523442972152.7944
7.353786, 2.556, 2.003219, 1523442972235.0420
7.284891, 2.525253, 2.012437, 1523442972318.0269
7.202368, 2.515421, 2.007266, 1523442972401.4724
7.112945, 2.464927, 1.962914, 1523442972484.8257
7.049376, 2.441113, 1.980421, 1523442972568.2710
6.973808, 2.40853, 1.981273, 1523442972651.7166
6.894511, 2.367247, 1.982463, 1523442972735.1624
6.804222, 2.34886, 1.989468, 1523442972819.0684
6.717164, 2.340879, 1.971928, 1523442972902.9746
6.638701, 2.319086, 1.983902, 1523442972986.4658
6.56371, 2.308895, 1.98007, 1523442973069.4968
6.48932, 2.301768, 1.987199, 1523442973152.0667
6.404215, 2.303845, 1.970273, 1523442973234.2222
6.34222, 2.301965, 1.962589, 1523442973316.1931
6.272799, 2.306533, 1.988933, 1523442973397.9800
6.193913, 2.315185, 1.997613, 1523442973479.8589
6.125385, 2.324403, 2.001333, 1523442973562.2446
6.060647, 2.340004, 2.009601, 1523442973645.2754
6.006611, 2.346043, 2.005767, 1523442973728.7668
5.929887, 2.354244, 1.98818, 1523442973812.5349
5.856942, 2.356167, 1.988259, 1523442973896.5332
5.777396, 2.352275, 1.975123, 1523442973980.6702
5.703173, 2.352557, 1.994181, 1523442974065.0371
5.644129, 2.368793, 1.999716, 1523442974149.6807
5.583703, 2.382113, 2.007737, 1523442974234.1401
5.522502, 2.367173, 2.016391, 1523442974317.7234
5.478712, 2.370993, 2.024876, 1523442974400.9844
5.445439, 2.379478, 2.023128, 1523442974483.8770
5.39604, 2.378804, 2.019511, 1523442974566.3547
5.350183, 2.397012, 2.009333, 1523442974648.7400
5.309286, 2.416838, 2.021437, 1523442974730.8032
5.262218, 2.435102, 2.023461, 1523442974812.7275
5.221018, 2.468615, 2.016579, 1523442974894.7903
5.168394, 2.500669, 2.018753, 1523442974976.9915
5.116354, 2.525882, 2.00088, 1523442975059.5610
5.077927, 2.55358, 1.994042, 1523442975142.8218
5.039259, 2.573399, 1.997019, 1523442975226.4050
5.016901, 2.577747, 2.00292, 1523442975310.3110
4.997345, 2.58485, 2.008158, 1523442975394.4934
4.991309, 2.584812, 2.028573, 1523442975478.7217
4.992057, 2.584014, 2.044031, 1523442975562.9043
4.980187, 2.573816, 2.038228, 1523442975646.9019
4.971518, 2.564885, 2.046372, 1523442975730.7156
4.965668, 2.566327, 2.037922, 1523442975814.3911
4.95339, 2.564239, 2.041824, 1523442975897.8823
4.941908, 2.550259, 2.049893, 1523442975981.1431
4.932803, 2.546103, 2.037437, 1523442976064.2659
4.934357, 2.542185, 2.044454, 1523442976147.2964
4.934078, 2.538473, 2.03737, 1523442976230.2805
4.940773, 2.530892, 2.039956, 1523442976313.2654
4.940046, 2.519992, 2.040148, 1523442976396.2957
4.937297, 2.51005, 2.034162, 1523442976479.4644
4.943152, 2.510282, 2.032115, 1523442976562.7249
4.952776, 2.502412, 2.036427, 1523442976646.0779
4.958763, 2.496884, 2.040791, 1523442976729.5232
4.955002, 2.490025, 2.037946, 1523442976812.9683
4.964468, 2.483938, 2.035996, 1523442976896.5515
4.969234, 2.481231, 2.03876, 1523442976980.1812
4.973169, 2.477903, 2.033349, 1523442977063.8562
4.981383, 2.479207, 2.036005, 1523442977147.6240
4.987394, 2.474269, 2.030663, 1523442977231.2537
4.98692, 2.47155, 2.032584, 1523442977314.7451
4.993603, 2.465237, 2.034279, 1523442977398.0520
5.000825, 2.459612, 2.041586, 1523442977481.2209
5.004728, 2.456761, 2.040003, 1523442977564.4817
5.000007, 2.458499, 2.035608, 1523442977647.7886
4.995991, 2.456842, 2.039234, 1523442977731.1421
4.992211, 2.453204, 2.031976, 1523442977814.4490
4.987387, 2.458449, 2.032713, 1523442977897.6638
4.98392, 2.453214, 2.031897, 1523442977980.7405
4.984396, 2.453461, 2.029161, 1523442978063.7710
4.980848, 2.451536, 2.038461, 1523442978146.7095
4.977236, 2.442381, 2.02914, 1523442978229.6018
4.981514, 2.444759, 2.033595, 1523442978312.4946
4.98399, 2.444667, 2.032435, 1523442978395.3867
4.984553, 2.443346, 2.035137, 1523442978478.3711
4.979734, 2.441941, 2.030879, 1523442978561.5862
4.97589, 2.438188, 2.034107, 1523442978644.9392
4.975221, 2.4407, 2.033538, 1523442978728.3384
4.976697, 2.444166, 2.027088, 1523442978811.8296
4.980476, 2.440233, 2.028539, 1523442978895.3674
4.981277, 2.439758, 2.026246, 1523442978978.9971
4.979709, 2.441691, 2.031331, 1523442979062.6726
4.982075, 2.441267, 2.03433, 1523442979146.3025
4.981841, 2.43787, 2.028465, 1523442979229.8398
4.97803, 2.440504, 2.027704, 1523442979313.1926
4.982016, 2.443841, 2.037685, 1523442979396.4077
4.980169, 2.444948, 2.033677, 1523442979479.5303
