1523440705282.0000
9.55633, 2.483587, 2.019219, 1523440705282.0000
9.552537, 2.48482, 2.018782, 1523440705365.1267
9.546964, 2.481266, 2.027653, 1523440705448.2068
9.550963, 2.498218, 2.02961, 1523440705531.2874
9.545802, 2.488226, 2.017413, 1523440705614.3674
9.544973, 2.487953, 2.023973, 1523440705697.4011
9.533599, 2.482119, 2.023639, 1523440705780.4358
9.54485, 2.483965, 2.018733, 1523440705863.4700
9.542192, 2.486234, 2.019627, 1523440705946.6426
9.531943, 2.486784, 2.020154, 1523440706029.9529
9.523213, 2.487104, 2.013887, 1523440706113.4016
9.507443, 2.479298, 2.014094, 1523440706196.8503
9.487167, 2.461595, 2.013, 1523440706280.3450
9.468471, 2.45264, 2.002668, 1523440706363.8862
9.450145, 2.445677, 2.009338, 1523440706447.5200
9.429517, 2.445054, 2.005151, 1523440706531.1992
9.407648, 2.44073, 1.988652, 1523440706614.7405
9.386623, 2.440069, 1.986164, 1523440706698.0513
9.37079, 2.441928, 1.997646, 1523440706781.0854
9.352829, 2.459102, 1.984145, 1523440706863.9814
9.321386, 2.478472, 1.98691, 1523440706946.8774
9.293533, 2.511317, 1.981326, 1523440707029.6348
9.24935, 2.539475, 1.978931, 1523440707112.2544
9.222011, 2.566071, 1.986349, 1523440707194.8743
9.198583, 2.601006, 1.99414, 1523440707277.6321
9.181816, 2.63108, 2.007744, 1523440707360.5740
9.153214, 2.658857, 2.01366, 1523440707443.7922
9.115545, 2.696677, 2.003914, 1523440707527.3335
9.081521, 2.743148, 2.014247, 1523440707611.0588
9.039652, 2.784908, 2.002875, 1523440707694.8760
8.997888, 2.830481, 1.987953, 1523440707778.6938
8.94196, 2.877959, 1.987272, 1523440707862.4646
8.893019, 2.917787, 1.991781, 1523440707946.0520
8.838391, 2.953382, 2.003042, 1523440708029.4553
8.775575, 3.032833, 1.988661, 1523440708112.7195
8.735034, 3.034966, 2.009057, 1523440708196.1685
8.707057, 3.093914, 2.021532, 1523440708279.5713
8.665783, 3.103077, 2.032977, 1523440708362.6055
8.631017, 3.159213, 2.020298, 1523440708445.4092
8.607368, 3.214252, 2.017359, 1523440708528.1667
8.575648, 3.270851, 2.009507, 1523440708610.8787
8.552179, 3.330011, 1.998631, 1523440708693.4055
8.544734, 3.383156, 2.002786, 1523440708775.7949
8.541984, 3.449437, 2.014975, 1523440708858.1841
8.536129, 3.512764, 2.003301, 1523440708940.8494
8.519402, 3.567352, 2.02864, 1523440709023.9751
8.501043, 3.624348, 2.016351, 1523440709107.2861
8.466676, 3.68097, 2.011826, 1523440709190.7815
8.448182, 3.742119, 1.996975, 1523440709274.3682
8.409155, 3.81514, 1.98843, 1523440709358.0938
8.379438, 3.885609, 1.98641, 1523440709442.0955
8.334877, 3.966157, 2.001376, 1523440709526.0967
8.320995, 4.03559, 2.009938, 1523440709610.2363
8.316739, 4.118274, 2.006339, 1523440709694.4221
8.302901, 4.189601, 2.016254, 1523440709778.0552
8.28882, 4.257601, 2.006711, 1523440709861.1353
8.279073, 4.339609, 1.989915, 1523440709943.9849
8.26876, 4.418631, 1.987366, 1523440710026.6042
8.265511, 4.507189, 1.992536, 1523440710108.8547
8.27317, 4.575969, 2.006054, 1523440710191.0596
8.277149, 4.658739, 2.005701, 1523440710273.4485
8.267392, 4.723879, 2.00645, 1523440710356.1599
8.256495, 4.791734, 2.013646, 1523440710439.2397
8.237359, 4.870921, 2.016441, 1523440710522.5046
8.229332, 4.937885, 2.024307, 1523440710606.0454
8.218975, 5.011618, 1.987456, 1523440710689.8164
8.20035, 5.100926, 1.990709, 1523440710773.7256
8.189086, 5.188587, 2.003028, 1523440710857.8196
8.191405, 5.270029, 2.008273, 1523440710942.2817
8.19489, 5.34589, 2.0035, 1523440711026.7903
8.19969, 5.424264, 2.016498, 1523440711110.7461
8.1989, 5.4928, 2.009471, 1523440711194.1946
8.211089, 5.574452, 2.003141, 1523440711277.2285
8.221131, 5.652568, 1.984511, 1523440711359.9861
8.215249, 5.74415, 1.974377, 1523440711442.4211
8.226128, 5.831368, 2.016144, 1523440711524.8101
8.238014, 5.909037, 2.059372, 1523440711607.3838
8.234729, 5.965208, 2.096775, 1523440711690.0491
8.253137, 6.016665, 2.141316, 1523440711772.8528
8.242479, 6.054632, 2.160136, 1523440711855.7944
8.242485, 6.098086, 2.177839, 1523440711938.9207
8.227783, 6.147316, 2.180807, 1523440712022.2312
8.207904, 6.20283, 2.168678, 1523440712105.6799
8.199211, 6.263164, 2.155729, 1523440712189.3137
8.174895, 6.329739, 2.164475, 1523440712273.0393
8.15941, 6.39162, 2.18761, 1523440712357.1333
8.163198, 6.460805, 2.186525, 1523440712441.6882
8.163307, 6.523185, 2.191692, 1523440712526.1045
8.14429, 6.580345, 2.184418, 1523440712609.9680
8.146013, 6.630482, 2.192215, 1523440712693.4167
8.157442, 6.68901, 2.189116, 1523440712776.5886
8.163948, 6.755284, 2.196533, 1523440712859.4846
8.173324, 6.824954, 2.234502, 1523440712942.1042
8.178787, 6.875566, 2.267437, 1523440713024.4934
8.19122, 6.918203, 2.310728, 1523440713107.0208
8.19999, 6.951453, 2.353841, 1523440713189.8242
8.203949, 6.99121, 2.380288, 1523440713272.8123
8.195491, 7.034572, 2.376778, 1523440713355.8462
8.186625, 7.07781, 2.367416, 1523440713439.0186
8.184494, 7.133785, 2.371245, 1523440713522.4216
8.174651, 7.200929, 2.374029, 1523440713605.8704
8.160557, 7.262635, 2.389736, 1523440713689.3652
8.152515, 7.328579, 2.431787, 1523440713773.1372
8.158445, 7.373968, 2.478048, 1523440713857.2310
8.164052, 7.405509, 2.524728, 1523440713941.1865
8.159376, 7.427802, 2.550616, 1523440714024.7734
8.161934, 7.4575, 2.549497, 1523440714108.2224
8.171544, 7.505168, 2.549059, 1523440714191.5332
8.172428, 7.554787, 2.549169, 1523440714274.5212
8.181453, 7.605551, 2.568876, 1523440714357.4634
8.20052, 7.644071, 2.614333, 1523440714440.3594
8.211676, 7.67117, 2.665755, 1523440714523.0247
8.202176, 7.691638, 2.717322, 1523440714605.6443
8.197836, 7.713168, 2.740705, 1523440714688.2639
8.191049, 7.739989, 2.749273, 1523440714770.9297
8.189426, 7.785905, 2.73524, 1523440714853.7339
8.191427, 7.833326, 2.729874, 1523440714936.7219
8.184567, 7.899338, 2.739007, 1523440715019.9402
8.17481, 7.960961, 2.754861, 1523440715103.4353
8.169975, 8.02342, 2.793866, 1523440715187.2068
8.173068, 8.064406, 2.8422, 1523440715271.3005
8.176762, 8.090297, 2.901078, 1523440715355.4866
8.180911, 8.105718, 2.932673, 1523440715439.4426
8.18468, 8.131612, 2.939001, 1523440715523.3066
8.190478, 8.165269, 2.93949, 1523440715606.9856
8.193804, 8.209659, 2.932086, 1523440715690.2961
8.198516, 8.266677, 2.941438, 1523440715773.2378
8.199558, 8.324263, 2.961886, 1523440715856.0415
8.217638, 8.360831, 3.01105, 1523440715938.7527
8.221649, 8.383709, 3.061575, 1523440716021.2800
8.224133, 8.408229, 3.099089, 1523440716103.7612
8.216098, 8.439836, 3.127144, 1523440716186.1963
8.216296, 8.480686, 3.120069, 1523440716268.8613
8.224167, 8.516369, 3.105157, 1523440716351.8953
8.224679, 8.586164, 3.106297, 1523440716435.2058
8.21686, 8.65079, 3.103606, 1523440716518.7004
8.200331, 8.721915, 3.117736, 1523440716602.3337
8.182828, 8.776256, 3.16076, 1523440716686.1050
8.169858, 8.815119, 3.215016, 1523440716770.1064
8.168689, 8.841973, 3.266316, 1523440716854.1082
8.165017, 8.863295, 3.300405, 1523440716937.9255
8.165417, 8.887682, 3.306803, 1523440717021.5581
8.176875, 8.924058, 3.300467, 1523440717105.0989
8.181777, 8.978036, 3.301309, 1523440717188.3171
8.186818, 9.03387, 3.294202, 1523440717271.3052
8.195072, 9.088983, 3.307979, 1523440717354.1550
8.211821, 9.131035, 3.356313, 1523440717436.8662
8.224881, 9.16696, 3.413248, 1523440717519.4392
8.225199, 9.195419, 3.460484, 1523440717601.9663
8.216129, 9.226945, 3.488638, 1523440717684.6777
8.208138, 9.257032, 3.491103, 1523440717767.5732
8.202593, 9.307795, 3.47987, 1523440717850.8374
8.202779, 9.373365, 3.47692, 1523440717934.3318
8.196665, 9.433325, 3.478241, 1523440718017.8726
8.184511, 9.497468, 3.491833, 1523440718101.4133
8.176376, 9.553663, 3.541837, 1523440718185.1843
8.174711, 9.596734, 3.584804, 1523440718269.2322
8.173454, 9.623611, 3.643128, 1523440718353.1418
8.1691, 9.647415, 3.677834, 1523440718436.6365
8.17343, 9.676469, 3.681558, 1523440718520.0847
8.187014, 9.711989, 3.670504, 1523440718603.4873
8.19639, 9.769303, 3.66469, 1523440718686.6133
8.199762, 9.830353, 3.66659, 1523440718769.5554
8.215632, 9.880047, 3.701187, 1523440718852.4053
8.234896, 9.925858, 3.75471, 1523440718935.1165
8.234631, 9.963672, 3.804657, 1523440719017.6433
8.235756, 9.986909, 3.840747, 1523440719100.1702
8.231934, 10.020644, 3.858181, 1523440719182.7434
8.228552, 10.056224, 3.843208, 1523440719265.5466
8.230058, 10.104772, 3.846195, 1523440719348.6729
8.223776, 10.160925, 3.849181, 1523440719432.0293
8.214892, 10.225348, 3.863761, 1523440719515.7083
8.201656, 10.279236, 3.907517, 1523440719599.7100
8.188331, 10.316802, 3.962648, 1523440719683.9419
8.179199, 10.343411, 4.012378, 1523440719768.1738
8.177236, 10.363575, 4.049721, 1523440719852.2219
8.181746, 10.386168, 4.060278, 1523440719936.0850
8.193174, 10.424834, 4.058136, 1523440720019.7639
8.195192, 10.481176, 4.051917, 1523440720103.1665
8.19709, 10.538967, 4.047111, 1523440720186.1543
8.199922, 10.599885, 4.063626, 1523440720268.9121
8.218573, 10.646691, 4.123149, 1523440720351.6233
8.232574, 10.679308, 4.172898, 1523440720434.2427
8.240408, 10.71293, 4.216321, 1523440720516.7698
8.232645, 10.742063, 4.240862, 1523440720599.4348
8.2193, 10.788301, 4.242994, 1523440720682.2844
8.21183, 10.834692, 4.231798, 1523440720765.4109
8.211832, 10.893917, 4.223556, 1523440720848.7673
8.208456, 10.954503, 4.235073, 1523440720932.4006
8.193791, 11.01373, 4.261085, 1523440721016.1721
8.182104, 11.062509, 4.313011, 1523440721100.2200
8.180526, 11.102946, 4.365927, 1523440721184.4521
8.18938, 11.121993, 4.40275, 1523440721268.5918
8.191838, 11.150654, 4.421287, 1523440721352.4553
8.201577, 11.186002, 4.423648, 1523440721436.1802
8.216206, 11.23426, 4.42015, 1523440721519.6292
8.23401, 11.296653, 4.41057, 1523440721602.8010
8.23796, 11.360936, 4.411926, 1523440721685.6968
8.2459, 11.412248, 4.444888, 1523440721768.3159
8.260385, 11.454343, 4.506154, 1523440721850.6128
8.264917, 11.481179, 4.566885, 1523440721932.7712
8.261844, 11.508095, 4.593934, 1523440722014.9758
8.251047, 11.539106, 4.610878, 1523440722097.3645
8.249104, 11.57714, 4.602122, 1523440722179.9839
8.249627, 11.635303, 4.604336, 1523440722263.0178
8.25106, 11.689816, 4.600321, 1523440722346.4658
8.243825, 11.748047, 4.614091, 1523440722430.1912
8.225844, 11.804296, 4.64379, 1523440722514.1467
8.218903, 11.851822, 4.688148, 1523440722598.2869
8.214997, 11.881459, 4.735822, 1523440722682.4724
8.207967, 11.899171, 4.77578, 1523440722766.3821
8.207501, 11.923265, 4.794748, 1523440722850.0151
8.217957, 11.956193, 4.78951, 1523440722933.5098
8.215849, 12.00717, 4.785494, 1523440723016.7283
8.214046, 12.063807, 4.782349, 1523440723099.6235
8.21154, 12.117472, 4.800921, 1523440723182.2427
8.22309, 12.163864, 4.854133, 1523440723264.8621
8.228527, 12.20208, 4.909438, 1523440723347.6194
8.222191, 12.236515, 4.947204, 1523440723430.5151
8.217344, 12.269337, 4.974455, 1523440723513.5032
8.198613, 12.305913, 4.982368, 1523440723596.5830
8.177181, 12.340198, 4.966567, 1523440723679.7554
8.167308, 12.39512, 4.967232, 1523440723763.2500
8.160677, 12.453814, 4.97927, 1523440723847.0674
8.148779, 12.507265, 5.023124, 1523440723930.8845
8.122337, 12.546009, 5.071583, 1523440724014.6096
8.105765, 12.582496, 5.116395, 1523440724098.3345
8.105931, 12.61521, 5.152339, 1523440724181.9675
8.103329, 12.642571, 5.172427, 1523440724265.4160
8.097636, 12.689498, 5.166496, 1523440724348.5876
8.089314, 12.743525, 5.157487, 1523440724431.4375
8.074553, 12.80177, 5.158913, 1523440724513.8726
8.053749, 12.856027, 5.179101, 1523440724595.9846
8.02774, 12.899881, 5.216216, 1523440724677.8669
8.016355, 12.921906, 5.264736, 1523440724759.7026
8.000691, 12.944263, 5.303451, 1523440724841.9993
7.989261, 12.96507, 5.331392, 1523440724924.8489
7.975503, 12.990229, 5.340564, 1523440725008.1135
7.951144, 13.014642, 5.338419, 1523440725091.6084
7.918676, 13.048613, 5.336563, 1523440725175.2874
7.882356, 13.08221, 5.330314, 1523440725259.0588
7.83403, 13.11935, 5.326679, 1523440725343.0144
7.789927, 13.148907, 5.326812, 1523440725427.0623
7.724024, 13.169843, 5.339245, 1523440725511.0640
7.66861, 13.181966, 5.34366, 1523440725594.8354
7.623576, 13.189465, 5.356566, 1523440725678.2380
7.576293, 13.191118, 5.365952, 1523440725761.1797
7.525122, 13.202688, 5.358923, 1523440725843.9373
7.477177, 13.220618, 5.354658, 1523440725926.8792
7.431671, 13.241053, 5.355149, 1523440726010.0974
7.369827, 13.270832, 5.33624, 1523440726093.4541
7.306204, 13.295318, 5.329848, 1523440726176.9487
7.245652, 13.328543, 5.340213, 1523440726260.4895
7.186357, 13.356715, 5.343005, 1523440726343.9844
7.131962, 13.370776, 5.349098, 1523440726427.3406
7.069541, 13.393417, 5.355629, 1523440726510.8813
7.00064, 13.423202, 5.348567, 1523440726594.6985
6.936567, 13.455628, 5.351819, 1523440726678.6077
6.868015, 13.473715, 5.350811, 1523440726762.4714
6.793567, 13.486875, 5.332228, 1523440726846.1504
6.707951, 13.507567, 5.320388, 1523440726929.8757
6.612965, 13.519789, 5.329111, 1523440727013.2783
6.531762, 13.511371, 5.363011, 1523440727096.4968
6.461973, 13.523643, 5.413945, 1523440727179.7612
6.414858, 13.537534, 5.464562, 1523440727263.0713
6.389075, 13.557117, 5.501282, 1523440727346.3359
6.365357, 13.574945, 5.526533, 1523440727429.6001
6.33283, 13.595172, 5.52769, 1523440727512.9104
6.288811, 13.61421, 5.521763, 1523440727595.9905
6.231046, 13.631104, 5.521873, 1523440727678.7942
6.179944, 13.649382, 5.564075, 1523440727761.3674
6.134756, 13.670075, 5.607928, 1523440727843.8022
6.104775, 13.690972, 5.648039, 1523440727926.2373
6.071102, 13.701503, 5.679704, 1523440728008.9026
6.025075, 13.705656, 5.696857, 1523440728091.6138
5.973946, 13.707021, 5.686608, 1523440728174.4175
5.915717, 13.699159, 5.678074, 1523440728257.4978
5.84658, 13.698651, 5.671933, 1523440728340.8079
5.785257, 13.693566, 5.687349, 1523440728424.4412
5.722957, 13.679585, 5.732652, 1523440728508.3508
5.680122, 13.668085, 5.783749, 1523440728592.3987
5.652833, 13.669543, 5.835547, 1523440728676.4004
5.640725, 13.6682, 5.872478, 1523440728760.1719
5.621022, 13.676394, 5.878821, 1523440728843.8970
5.589316, 13.679986, 5.877853, 1523440728927.3918
5.540478, 13.680328, 5.870646, 1523440729010.6101
5.477251, 13.687989, 5.862139, 1523440729093.5061
5.408708, 13.703311, 5.875258, 1523440729176.1255
5.36096, 13.717648, 5.926942, 1523440729258.5139
5.320608, 13.726374, 5.988127, 1523440729340.8105
5.287683, 13.73297, 6.032152, 1523440729423.1997
5.264296, 13.735418, 6.048755, 1523440729505.7271
5.215496, 13.729953, 6.046401, 1523440729588.4382
5.169016, 13.746876, 6.042273, 1523440729671.4265
5.114581, 13.750135, 6.036148, 1523440729754.6450
5.058173, 13.73859, 6.059269, 1523440729838.0933
5.005502, 13.731049, 6.098505, 1523440729921.8184
4.963182, 13.712048, 6.155229, 1523440730005.9121
4.934012, 13.715975, 6.204147, 1523440730090.2825
4.903304, 13.730059, 6.229197, 1523440730174.4685
4.876182, 13.741277, 6.229382, 1523440730258.4236
4.831487, 13.756868, 6.220437, 1523440730341.9646
4.767175, 13.767564, 6.219805, 1523440730425.0447
4.697197, 13.785376, 6.218984, 1523440730507.7097
4.642659, 13.8061, 6.26491, 1523440730590.2368
4.603246, 13.824188, 6.312362, 1523440730672.6257
4.575533, 13.830452, 6.360111, 1523440730754.9685
4.55662, 13.84062, 6.401069, 1523440730837.4490
4.52195, 13.835098, 6.418048, 1523440730920.1147
4.482916, 13.831318, 6.398749, 1523440731003.0105
4.426923, 13.816813, 6.389622, 1523440731086.1365
4.365042, 13.80431, 6.387924, 1523440731169.5854
4.309264, 13.783785, 6.401429, 1523440731253.3105
4.253021, 13.757839, 6.43672, 1523440731337.4043
4.216412, 13.747598, 6.486688, 1523440731421.8203
4.18129, 13.750065, 6.537176, 1523440731506.2825
4.154918, 13.751327, 6.567125, 1523440731590.5149
4.111538, 13.762805, 6.576852, 1523440731674.5164
4.087293, 13.766426, 6.558754, 1523440731758.1030
4.031304, 13.762172, 6.550299, 1523440731841.1831
3.964207, 13.760756, 6.560216, 1523440731923.8945
3.90222, 13.770842, 6.605216, 1523440732006.4216
3.861653, 13.782338, 6.659328, 1523440732088.7183
3.843607, 13.801412, 6.725223, 1523440732171.1533
3.827065, 13.812659, 6.754193, 1523440732253.8645
3.812137, 13.81813, 6.758786, 1523440732336.7600
3.778862, 13.817369, 6.749534, 1523440732419.7937
3.72972, 13.807944, 6.742685, 1523440732503.0120
3.678263, 13.806197, 6.737965, 1523440732586.3223
3.612104, 13.786931, 6.743158, 1523440732669.7710
3.553684, 13.755076, 6.761183, 1523440732753.2659
3.493971, 13.725223, 6.799624, 1523440732836.8525
3.446537, 13.710499, 6.847093, 1523440732920.7620
3.415838, 13.701188, 6.903879, 1523440733004.7170
3.405546, 13.689053, 6.929098, 1523440733088.4421
3.385341, 13.676987, 6.937426, 1523440733171.9368
3.353416, 13.673892, 6.938126, 1523440733255.3850
3.31454, 13.676693, 6.91983, 1523440733338.6956
3.264499, 13.666391, 6.913312, 1523440733421.7292
3.211514, 13.654285, 6.914729, 1523440733504.5325
3.155217, 13.653893, 6.926479, 1523440733587.3359
3.104177, 13.652058, 6.935883, 1523440733670.0474
3.053434, 13.635032, 6.944134, 1523440733752.7124
3.00804, 13.619786, 6.94454, 1523440733835.4236
2.958338, 13.606318, 6.935782, 1523440733918.5039
2.901408, 13.58462, 6.929161, 1523440734001.8606
2.836035, 13.547213, 6.915753, 1523440734085.2168
2.775786, 13.507599, 6.909964, 1523440734168.7114
2.719315, 13.454939, 6.927383, 1523440734252.2981
2.656804, 13.404293, 6.95984, 1523440734336.0693
2.617427, 13.378812, 7.011922, 1523440734420.1628
2.584031, 13.367271, 7.065399, 1523440734504.3948
2.561845, 13.371911, 7.099587, 1523440734588.4424
2.542548, 13.370837, 7.110395, 1523440734672.2595
2.502742, 13.366466, 7.111377, 1523440734755.7544
2.46064, 13.347322, 7.108812, 1523440734838.7424
2.405803, 13.31251, 7.115963, 1523440734921.3157
2.361584, 13.287789, 7.142237, 1523440735003.6123
2.328223, 13.275831, 7.19243, 1523440735085.7708
2.299887, 13.268544, 7.234793, 1523440735168.0212
2.273595, 13.25114, 7.263543, 1523440735250.5022
2.246194, 13.215196, 7.276477, 1523440735333.0752
2.215003, 13.174687, 7.266576, 1523440735415.7869
2.177528, 13.131304, 7.256966, 1523440735498.8667
2.134717, 13.078611, 7.257633, 1523440735582.2229
2.091762, 13.022613, 7.255532, 1523440735665.9019
2.056737, 12.958295, 7.289271, 1523440735749.9036
2.045349, 12.915298, 7.337959, 1523440735834.1355
2.029108, 12.895196, 7.396151, 1523440735918.5520
2.014194, 12.888813, 7.440836, 1523440736002.8298
1.995462, 12.875031, 7.452904, 1523440736086.8774
1.966646, 12.847479, 7.449253, 1523440736170.5562
1.940652, 12.808127, 7.443518, 1523440736253.8665
1.900952, 12.762169, 7.435855, 1523440736336.8542
1.85641, 12.703396, 7.438156, 1523440736419.5654
1.811204, 12.662293, 7.479977, 1523440736502.0461
1.766401, 12.62991, 7.531141, 1523440736584.4351
1.735499, 12.610892, 7.578925, 1523440736666.9158
1.717903, 12.595522, 7.6119, 1523440736749.6726
1.706932, 12.562718, 7.623313, 1523440736832.6602
1.692081, 12.522449, 7.622025, 1523440736915.7861
1.67969, 12.47461, 7.616798, 1523440736999.0964
1.669707, 12.413915, 7.613389, 1523440737082.5908
1.677427, 12.350719, 7.600014, 1523440737166.2236
1.682678, 12.27767, 7.599174, 1523440737249.8564
1.692886, 12.203793, 7.608441, 1523440737333.5349
1.681395, 12.14256, 7.614999, 1523440737417.6287
1.66616, 12.100757, 7.618972, 1523440737501.9524
1.657576, 12.042903, 7.61834, 1523440737585.9539
1.64527, 11.981077, 7.616296, 1523440737669.5864
1.623401, 11.910355, 7.610895, 1523440737753.0811
1.600539, 11.838742, 7.598406, 1523440737836.3916
1.588714, 11.771293, 7.606474, 1523440737919.3792
1.574054, 11.705316, 7.635956, 1523440738002.0903
1.559632, 11.66369, 7.681403, 1523440738084.6633
1.552036, 11.627767, 7.72831, 1523440738167.2822
1.546349, 11.59642, 7.773823, 1523440738250.2234
1.542994, 11.577193, 7.799794, 1523440738333.4417
1.543565, 11.537833, 7.803989, 1523440738416.8440
1.53942, 11.488887, 7.80201, 1523440738500.4766
1.534299, 11.429218, 7.794825, 1523440738584.2937
1.53565, 11.373999, 7.796441, 1523440738668.0647
1.554269, 11.316481, 7.812276, 1523440738751.7893
1.564, 11.245579, 7.8456, 1523440738835.4683
1.567986, 11.19425, 7.896793, 1523440738919.3777
1.55923, 11.16477, 7.936777, 1523440739003.3328
1.553927, 11.148373, 7.963625, 1523440739087.1038
1.548794, 11.122253, 7.972645, 1523440739170.5979
1.544094, 11.080868, 7.975615, 1523440739253.8623
1.545041, 11.037088, 7.978631, 1523440739336.7578
1.552375, 10.976303, 7.987236, 1523440739419.1001
1.552045, 10.918457, 8.026649, 1523440739501.2124
1.555891, 10.874921, 8.069071, 1523440739583.1863
1.564547, 10.841512, 8.106621, 1523440739665.0681
1.581239, 10.805618, 8.138394, 1523440739746.9961
1.604608, 10.773816, 8.150331, 1523440739829.2925
1.613591, 10.73199, 8.153108, 1523440739912.0037
1.632703, 10.678509, 8.145554, 1523440739995.0376
1.653517, 10.623682, 8.146774, 1523440740078.3938
1.667523, 10.566885, 8.156529, 1523440740162.1650
1.693143, 10.523059, 8.19533, 1523440740246.2126
1.71042, 10.476517, 8.24741, 1523440740330.6743
1.70783, 10.450573, 8.295547, 1523440740415.3210
1.702382, 10.440314, 8.337364, 1523440740499.9214
1.703732, 10.424305, 8.351703, 1523440740584.2915
1.710351, 10.39395, 8.343636, 1523440740668.1545
1.722816, 10.355174, 8.342665, 1523440740751.4189
1.731461, 10.295962, 8.339211, 1523440740834.2222
1.738415, 10.217907, 8.340829, 1523440740916.7031
1.73302, 10.145444, 8.363716, 1523440740998.9990
1.725578, 10.085548, 8.411902, 1523440741081.1572
1.728537, 10.04836, 8.468283, 1523440741163.1311
1.74193, 10.031037, 8.502608, 1523440741245.2891
1.751215, 10.009867, 8.530103, 1523440741327.6775
1.769239, 9.973992, 8.53167, 1523440741410.2964
1.791173, 9.924738, 8.524845, 1523440741493.2375
1.808282, 9.875983, 8.527182, 1523440741576.4556
1.830383, 9.821595, 8.533472, 1523440741659.9502
1.857348, 9.762087, 8.550869, 1523440741743.8130
1.886424, 9.718904, 8.585931, 1523440741828.0447
1.897267, 9.668329, 8.641829, 1523440741912.5527
1.909014, 9.63527, 8.684699, 1523440741996.8765
1.928512, 9.607656, 8.712241, 1523440742080.7393
1.942988, 9.568869, 8.718224, 1523440742164.3718
1.947486, 9.524857, 8.707243, 1523440742247.9121
1.95863, 9.472281, 8.702595, 1523440742331.3140
1.977096, 9.408398, 8.692225, 1523440742414.3474
1.998287, 9.338201, 8.70386, 1523440742497.0583
2.009151, 9.269735, 8.745573, 1523440742579.6311
2.012356, 9.221472, 8.80657, 1523440742661.9731
2.019823, 9.192115, 8.848997, 1523440742744.3154
2.027839, 9.163569, 8.879314, 1523440742827.0266
2.04908, 9.136843, 8.90132, 1523440742910.0142
2.073913, 9.112109, 8.905781, 1523440742993.1858
2.100954, 9.075296, 8.905757, 1523440743076.4497
2.132879, 9.033014, 8.899199, 1523440743159.8513
2.1625, 9.001321, 8.90118, 1523440743243.4377
2.203393, 8.969687, 8.907574, 1523440743327.2083
2.229736, 8.931656, 8.916047, 1523440743411.3477
2.245728, 8.90017, 8.917616, 1523440743495.5791
2.267181, 8.863657, 8.920115, 1523440743579.4878
2.287058, 8.821271, 8.925162, 1523440743663.0742
2.304838, 8.776865, 8.923054, 1523440743746.5222
2.327472, 8.723248, 8.926089, 1523440743829.8320
2.356969, 8.664412, 8.925337, 1523440743912.7732
2.393587, 8.615343, 8.947782, 1523440743995.4382
2.4147, 8.573997, 9.000859, 1523440744077.8728
2.435603, 8.540215, 9.042945, 1523440744160.3533
2.455105, 8.504138, 9.078324, 1523440744243.1101
2.485785, 8.474154, 9.092598, 1523440744326.0515
2.524853, 8.447553, 9.085733, 1523440744409.1311
2.570016, 8.399586, 9.084556, 1523440744492.3027
2.611077, 8.350775, 9.082797, 1523440744575.8430
2.648109, 8.30858, 9.114701, 1523440744659.7522
2.684074, 8.28548, 9.155692, 1523440744743.8452
2.705228, 8.254855, 9.18974, 1523440744828.1689
2.710385, 8.221041, 9.23541, 1523440744912.5847
2.716456, 8.19768, 9.275703, 1523440744996.7239
2.736609, 8.161152, 9.272715, 1523440745080.4482
2.759595, 8.123453, 9.260771, 1523440745163.8503
2.799008, 8.084284, 9.268071, 1523440745246.8376
2.836542, 8.048572, 9.290802, 1523440745329.4102
2.846622, 8.021618, 9.342139, 1523440745411.7527
2.85867, 8.007442, 9.405187, 1523440745493.7722
2.87518, 8.006251, 9.458464, 1523440745575.8840
2.889993, 8.00846, 9.478407, 1523440745658.1802
2.924302, 7.995202, 9.474021, 1523440745740.6609
2.955687, 7.962566, 9.476801, 1523440745823.4639
2.995915, 7.925254, 9.472277, 1523440745906.6814
3.04912, 7.88164, 9.4702, 1523440745990.2214
3.098757, 7.828739, 9.475733, 1523440746073.9924
3.143902, 7.791989, 9.507339, 1523440746157.9937
3.173331, 7.762349, 9.567068, 1523440746242.1328
3.192939, 7.736609, 9.610692, 1523440746326.2720
3.20251, 7.72131, 9.651317, 1523440746410.2268
3.222181, 7.700386, 9.653815, 1523440746493.8591
3.24099, 7.673366, 9.649159, 1523440746577.2148
3.276317, 7.637667, 9.634961, 1523440746660.3403
3.318194, 7.60249, 9.624066, 1523440746743.0972
3.375543, 7.558555, 9.618795, 1523440746825.7158
3.416275, 7.502142, 9.6274, 1523440746908.4268
3.441163, 7.451977, 9.65042, 1523440746991.1836
3.473319, 7.411707, 9.65235, 1523440747073.8948
3.509631, 7.385352, 9.664072, 1523440747156.5593
3.547914, 7.358278, 9.671334, 1523440747239.3623
3.583061, 7.334663, 9.664593, 1523440747322.4419
3.63017, 7.305436, 9.668449, 1523440747405.6138
3.686175, 7.277293, 9.656747, 1523440747488.8315
3.74502, 7.25083, 9.645754, 1523440747572.0952
3.805026, 7.22806, 9.658955, 1523440747655.5896
3.866672, 7.20605, 9.68573, 1523440747739.0837
3.928016, 7.182938, 9.688845, 1523440747822.7163
3.98739, 7.133256, 9.684587, 1523440747906.5791
4.031677, 7.107471, 9.683517, 1523440747990.2119
4.090674, 7.075524, 9.687666, 1523440748073.5215
4.142745, 7.049587, 9.675573, 1523440748156.6934
4.184486, 7.024028, 9.669741, 1523440748239.8650
4.239581, 6.989092, 9.663267, 1523440748323.0369
4.299366, 6.937833, 9.671953, 1523440748406.4387
4.362606, 6.90145, 9.679914, 1523440748489.8867
4.429534, 6.881511, 9.673867, 1523440748573.0125
4.499039, 6.875727, 9.665808, 1523440748655.9995
4.559431, 6.864426, 9.657271, 1523440748739.1711
4.622493, 6.84511, 9.658999, 1523440748822.6191
4.691479, 6.828876, 9.642028, 1523440748906.2517
4.77423, 6.814841, 9.651835, 1523440748989.9763
4.84361, 6.800626, 9.64595, 1523440749073.7009
4.910382, 6.794164, 9.65659, 1523440749157.3792
4.984777, 6.782237, 9.659124, 1523440749241.2417
5.05476, 6.767774, 9.6551, 1523440749325.1047
5.123855, 6.751777, 9.65517, 1523440749408.7832
5.192904, 6.742044, 9.651396, 1523440749492.2312
5.266978, 6.722794, 9.651195, 1523440749575.5410
5.341659, 6.70067, 9.659151, 1523440749658.6206
5.400349, 6.694369, 9.664879, 1523440749741.4695
5.461525, 6.680958, 9.66839, 1523440749824.2727
5.517663, 6.6651, 9.687578, 1523440749906.9377
5.595606, 6.653112, 9.68754, 1523440749989.6023
5.669847, 6.648544, 9.692474, 1523440750072.4055
5.742562, 6.649143, 9.69204, 1523440750155.4387
5.821272, 6.655198, 9.669915, 1523440750238.6104
5.900508, 6.658858, 9.648331, 1523440750321.9661
5.984154, 6.667131, 9.648244, 1523440750405.2302
6.075829, 6.681732, 9.665632, 1523440750488.3555
6.167601, 6.684645, 9.672005, 1523440750571.7576
6.245086, 6.659244, 9.677258, 1523440750655.5742
6.316679, 6.643529, 9.680181, 1523440750739.2068
6.389424, 6.648061, 9.676676, 1523440750822.4248
6.474577, 6.64245, 9.66361, 1523440750905.5500
6.567978, 6.633128, 9.660777, 1523440750988.4915
6.641022, 6.631383, 9.654729, 1523440751071.3408
6.711467, 6.637742, 9.660186, 1523440751154.0974
6.794997, 6.63396, 9.673724, 1523440751236.9004
6.870454, 6.624658, 9.680348, 1523440751320.0259
6.952577, 6.625534, 9.692779, 1523440751403.5659
7.034242, 6.620355, 9.688478, 1523440751487.1985
7.115944, 6.623254, 9.67101, 1523440751570.8767
7.207399, 6.631365, 9.665823, 1523440751654.6013
7.294988, 6.642238, 9.671852, 1523440751738.4182
7.372035, 6.657256, 9.688451, 1523440751822.3269
7.463351, 6.666398, 9.680983, 1523440751906.2358
7.536599, 6.669914, 9.691175, 1523440751989.7759
7.617131, 6.674923, 9.692293, 1523440752072.7629
7.698137, 6.685586, 9.677793, 1523440752155.4277
7.786442, 6.687413, 9.667279, 1523440752237.9541
7.881765, 6.688393, 9.662025, 1523440752320.5264
7.970596, 6.67492, 9.674558, 1523440752403.2371
8.030289, 6.674746, 9.674977, 1523440752486.0862
8.127993, 6.692688, 9.673605, 1523440752569.0273
8.212864, 6.705615, 9.669729, 1523440752652.1987
8.290773, 6.720385, 9.674386, 1523440752735.6926
8.376625, 6.733952, 9.651044, 1523440752819.4631
8.470506, 6.752451, 9.638786, 1523440752903.3718
8.550737, 6.772469, 9.659081, 1523440752987.4189
8.635398, 6.787408, 9.672359, 1523440753071.5579
8.725283, 6.803265, 9.655558, 1523440753155.6970
8.800395, 6.801716, 9.656631, 1523440753239.4673
8.875755, 6.816733, 9.666484, 1523440753322.8232
8.958918, 6.818563, 9.64491, 1523440753405.9487
9.040905, 6.809512, 9.644561, 1523440753488.9817
9.121075, 6.801187, 9.648911, 1523440753571.9226
9.192999, 6.793264, 9.676158, 1523440753655.0022
9.270828, 6.782522, 9.685177, 1523440753737.9893
9.347916, 6.792175, 9.690676, 1523440753820.7461
9.422625, 6.806115, 9.692569, 1523440753903.6411
9.509307, 6.802247, 9.688243, 1523440753986.7664
9.590397, 6.797937, 9.674773, 1523440754070.0303
9.667844, 6.805542, 9.669117, 1523440754153.2939
9.737544, 6.816134, 9.681495, 1523440754236.6035
9.817614, 6.820335, 9.689535, 1523440754320.0977
9.903068, 6.803973, 9.686695, 1523440754403.8218
9.985006, 6.786784, 9.678833, 1523440754487.3623
10.062927, 6.778866, 9.675379, 1523440754570.4417
10.140275, 6.773015, 9.665685, 1523440754653.1062
10.219109, 6.759395, 9.656282, 1523440754735.5403
10.308591, 6.736786, 9.659583, 1523440754817.9744
10.379139, 6.70385, 9.673397, 1523440754900.5005
10.455744, 6.687799, 9.673341, 1523440754983.0269
10.540226, 6.671579, 9.67188, 1523440755065.7837
10.59855, 6.645627, 9.687453, 1523440755149.0010
10.663785, 6.630916, 9.687449, 1523440755232.4487
10.741123, 6.625149, 9.675289, 1523440755315.8965
10.819156, 6.626992, 9.662148, 1523440755399.2522
10.899431, 6.62496, 9.664116, 1523440755482.7002
10.96699, 6.610856, 9.66463, 1523440755566.4709
11.042982, 6.585205, 9.660669, 1523440755650.5635
11.132749, 6.558907, 9.659365, 1523440755734.6106
11.201303, 6.541835, 9.679797, 1523440755818.2424
11.269067, 6.524091, 9.670538, 1523440755901.5061
11.340652, 6.485034, 9.660423, 1523440755984.6316
11.415277, 6.442442, 9.66575, 1523440756067.7568
11.472194, 6.391287, 9.663012, 1523440756150.9282
11.527747, 6.339116, 9.682184, 1523440756234.2378
11.582366, 6.298168, 9.67784, 1523440756317.4092
11.649223, 6.258686, 9.68176, 1523440756400.6265
11.713891, 6.209536, 9.676615, 1523440756484.0286
11.773582, 6.160591, 9.671631, 1523440756567.5225
11.84481, 6.11385, 9.669913, 1523440756651.0166
11.913998, 6.066008, 9.648706, 1523440756734.5103
11.979138, 6.02188, 9.653481, 1523440756817.8657
12.039084, 5.972761, 9.663476, 1523440756901.3596
12.082224, 5.914326, 9.664859, 1523440756984.9917
12.141024, 5.843652, 9.644777, 1523440757068.4392
12.185547, 5.787453, 9.647743, 1523440757151.5186
12.229377, 5.72502, 9.650857, 1523440757234.3210
12.273747, 5.655612, 9.648027, 1523440757316.8936
12.309261, 5.574792, 9.650886, 1523440757399.3735
12.332877, 5.49477, 9.670252, 1523440757481.7156
12.358103, 5.430559, 9.683872, 1523440757564.0115
12.38195, 5.367693, 9.673044, 1523440757646.4915
12.412807, 5.297019, 9.672533, 1523440757729.3865
12.446946, 5.234734, 9.649508, 1523440757812.5117
12.483203, 5.156349, 9.644394, 1523440757895.8210
12.51401, 5.080966, 9.663175, 1523440757979.1306
12.55064, 5.0007, 9.657428, 1523440758062.4399
12.566095, 4.932455, 9.668659, 1523440758146.0256
12.582104, 4.859482, 9.661362, 1523440758229.9346
12.597517, 4.779254, 9.655451, 1523440758313.8889
12.609232, 4.701101, 9.657331, 1523440758397.3826
12.617935, 4.618876, 9.637425, 1523440758480.4619
12.618015, 4.536374, 9.629421, 1523440758563.1721
12.607428, 4.450349, 9.621681, 1523440758645.7903
12.587905, 4.387688, 9.641305, 1523440758728.3625
12.563415, 4.331454, 9.642532, 1523440758811.0732
12.526046, 4.258349, 9.648293, 1523440758893.9675
12.515368, 4.174259, 9.652206, 1523440758977.0466
12.494707, 4.086909, 9.655361, 1523440759060.5405
12.476871, 4.000509, 9.6413, 1523440759144.2644
12.455074, 3.905981, 9.629258, 1523440759227.8965
12.445896, 3.815112, 9.612506, 1523440759311.3445
12.434538, 3.729527, 9.630279, 1523440759394.7461
12.401453, 3.653186, 9.634887, 1523440759478.3782
12.36977, 3.579821, 9.655245, 1523440759562.0564
12.354451, 3.502342, 9.661051, 1523440759645.5964
12.323598, 3.437383, 9.660305, 1523440759728.9521
12.270506, 3.346161, 9.633388, 1523440759812.2617
12.220592, 3.268238, 9.62322, 1523440759895.3406
12.16952, 3.197726, 9.642042, 1523440759978.3276
12.113078, 3.132127, 9.639799, 1523440760061.2222
12.071538, 3.06935, 9.642874, 1523440760144.1169
12.036586, 3.009658, 9.648557, 1523440760227.1958
11.999134, 2.945569, 9.641082, 1523440760310.3669
11.962241, 2.873879, 9.632575, 1523440760393.6763
11.917671, 2.792798, 9.628541, 1523440760477.2161
11.867153, 2.720854, 9.624377, 1523440760560.8479
11.823722, 2.639935, 9.626521, 1523440760644.5720
11.756715, 2.578258, 9.631853, 1523440760728.7112
11.694563, 2.514333, 9.623116, 1523440760813.1724
11.632138, 2.456164, 9.622405, 1523440760897.2654
11.571189, 2.396125, 9.627621, 1523440760980.8970
11.500312, 2.348429, 9.617494, 1523440761064.1602
11.425288, 2.306541, 9.608163, 1523440761147.0549
11.356183, 2.264783, 9.609268, 1523440761229.7195
11.28678, 2.242948, 9.621951, 1523440761312.2915
11.21224, 2.204552, 9.625506, 1523440761394.7712
11.147827, 2.156669, 9.638433, 1523440761477.2512
11.081839, 2.118802, 9.630545, 1523440761559.9158
11.001951, 2.076627, 9.61655, 1523440761642.8105
10.910033, 2.027723, 9.589602, 1523440761725.8894
10.820665, 1.979475, 9.601855, 1523440761809.0608
10.738347, 1.929332, 9.608964, 1523440761892.3242
10.655883, 1.889228, 9.587687, 1523440761975.9561
10.570589, 1.879737, 9.603501, 1523440762060.0486
10.500152, 1.858365, 9.619457, 1523440762143.7729
10.41948, 1.835149, 9.63392, 1523440762226.9441
10.343207, 1.807491, 9.61481, 1523440762309.8386
10.268453, 1.791845, 9.605527, 1523440762392.7793
10.195221, 1.767062, 9.5695, 1523440762475.5359
10.119001, 1.746863, 9.592339, 1523440762557.8772
10.056996, 1.717809, 9.614397, 1523440762640.1729
9.96849, 1.716806, 9.629844, 1523440762723.0215
9.900091, 1.70791, 9.622864, 1523440762806.2847
9.826408, 1.682498, 9.615442, 1523440762889.5479
9.741278, 1.646652, 9.610599, 1523440762972.9033
9.658301, 1.61744, 9.597505, 1523440763056.4890
9.589231, 1.593744, 9.619283, 1523440763140.1667
9.520521, 1.574044, 9.622101, 1523440763224.0291
9.439071, 1.577224, 9.622963, 1523440763308.2600
9.354235, 1.583688, 9.628189, 1523440763392.3984
9.28805, 1.584222, 9.636605, 1523440763476.0769
9.206854, 1.569862, 9.629595, 1523440763559.1555
9.12211, 1.572305, 9.608928, 1523440763641.8660
9.050333, 1.584668, 9.605633, 1523440763724.4382
8.985278, 1.599109, 9.61312, 1523440763807.0562
8.883468, 1.601644, 9.634743, 1523440763889.6279
8.809373, 1.601367, 9.618128, 1523440763972.3384
8.728416, 1.603884, 9.623801, 1523440764055.4175
8.641815, 1.610961, 9.6249, 1523440764138.9109
8.559393, 1.618557, 9.616996, 1523440764222.5891
8.474265, 1.614361, 9.601165, 1523440764306.3594
8.398627, 1.608414, 9.603793, 1523440764390.1750
8.326495, 1.589261, 9.615608, 1523440764473.9915
8.238361, 1.588413, 9.621977, 1523440764557.9458
8.149392, 1.590501, 9.616255, 1523440764641.9001
8.064592, 1.599086, 9.620632, 1523440764725.5320
7.982141, 1.592292, 9.61569, 1523440764808.6570
7.895298, 1.592456, 9.599161, 1523440764891.4592
7.818545, 1.610984, 9.602191, 1523440764974.3074
7.71676, 1.620154, 9.593319, 1523440765057.1560
7.638551, 1.630868, 9.620854, 1523440765140.0500
7.542226, 1.630139, 9.623745, 1523440765223.0830
7.467082, 1.632433, 9.62651, 1523440765306.4382
7.397529, 1.634836, 9.622534, 1523440765389.9314
7.323543, 1.627735, 9.600623, 1523440765473.4712
7.241714, 1.624966, 9.583573, 1523440765557.1028
7.174364, 1.606938, 9.628512, 1523440765641.0569
7.111602, 1.602682, 9.630092, 1523440765725.2417
7.045702, 1.59703, 9.612199, 1523440765809.3801
6.981683, 1.592515, 9.611111, 1523440765893.2422
6.918791, 1.609552, 9.610579, 1523440765976.7358
6.855381, 1.619457, 9.597001, 1523440766059.8145
6.791653, 1.641147, 9.573542, 1523440766142.6628
6.720323, 1.652649, 9.578325, 1523440766225.3730
6.649431, 1.681875, 9.595417, 1523440766308.0830
6.582159, 1.702163, 9.608662, 1523440766390.7468
6.522255, 1.720522, 9.602237, 1523440766473.2727
6.452932, 1.730201, 9.611617, 1523440766555.8447
6.387736, 1.744057, 9.624152, 1523440766638.6470
6.32021, 1.761583, 9.615044, 1523440766721.6794
6.24204, 1.764905, 9.628634, 1523440766804.8044
6.180794, 1.78261, 9.613564, 1523440766888.1597
6.110719, 1.777647, 9.596216, 1523440766971.7451
6.039856, 1.785979, 9.615026, 1523440767055.3765
5.970343, 1.795365, 9.61729, 1523440767139.0540
5.907186, 1.801126, 9.596849, 1523440767222.8696
5.837523, 1.825531, 9.58366, 1523440767306.5935
5.775617, 1.838564, 9.608187, 1523440767390.0408
5.712944, 1.832735, 9.610841, 1523440767473.2117
5.636458, 1.85775, 9.589059, 1523440767556.1980
5.562842, 1.885455, 9.572476, 1523440767639.0920
5.498568, 1.920519, 9.570713, 1523440767722.0325
5.447627, 1.948045, 9.592845, 1523440767805.0647
5.383168, 1.983227, 9.587384, 1523440767888.2351
5.327968, 2.018996, 9.582829, 1523440767971.6362
5.279965, 2.061896, 9.595359, 1523440768055.4978
5.224219, 2.105403, 9.580259, 1523440768139.5444
5.166284, 2.145231, 9.577826, 1523440768223.5908
5.131539, 2.199233, 9.595196, 1523440768307.5449
5.049207, 2.22104, 9.600226, 1523440768391.2686
5.000196, 2.244308, 9.610941, 1523440768474.7615
4.939642, 2.284353, 9.618363, 1523440768558.2546
4.873963, 2.338056, 9.620364, 1523440768641.4707
4.817328, 2.379003, 9.62808, 1523440768724.2732
4.763127, 2.416601, 9.620359, 1523440768806.7065
4.712654, 2.4651, 9.607028, 1523440768889.0476
4.66442, 2.52529, 9.59189, 1523440768971.2964
4.627859, 2.5985, 9.583991, 1523440769053.6375
4.603818, 2.653014, 9.588995, 1523440769136.1628
4.573679, 2.712643, 9.598536, 1523440769218.8264
4.547591, 2.769994, 9.61739, 1523440769301.9050
4.524754, 2.835505, 9.619781, 1523440769385.2598
4.50177, 2.886008, 9.616116, 1523440769468.7527
4.480254, 2.939542, 9.631256, 1523440769552.2456
4.448043, 2.995483, 9.617702, 1523440769635.7385
4.41565, 3.048707, 9.627746, 1523440769719.2317
4.384087, 3.104622, 9.633788, 1523440769802.7246
4.355933, 3.166314, 9.617876, 1523440769886.2639
4.32117, 3.244433, 9.629678, 1523440769969.6187
4.293785, 3.289919, 9.636652, 1523440770052.6509
4.27386, 3.353882, 9.64829, 1523440770135.5911
4.265011, 3.425085, 9.632684, 1523440770218.4851
4.249165, 3.493681, 9.62025, 1523440770301.2410
4.243432, 3.552686, 9.619699, 1523440770383.9043
4.247197, 3.608538, 9.640091, 1523440770466.5681
4.243564, 3.666925, 9.643547, 1523440770549.3240
4.234622, 3.734432, 9.644634, 1523440770632.3101
4.23595, 3.797999, 9.642945, 1523440770715.6187
4.229939, 3.85481, 9.651088, 1523440770799.2039
4.217798, 3.924966, 9.638823, 1523440770883.0195
4.213499, 3.991251, 9.612199, 1523440770966.9272
4.194479, 4.067119, 9.618568, 1523440771050.8347
4.189771, 4.116695, 9.632117, 1523440771134.7881
4.177445, 4.191133, 9.643666, 1523440771218.6960
4.191641, 4.261776, 9.637366, 1523440771302.5115
4.188949, 4.331071, 9.640347, 1523440771385.7744
4.186152, 4.394343, 9.643091, 1523440771468.6223
4.18313, 4.46467, 9.635568, 1523440771551.2856
4.202617, 4.531793, 9.637026, 1523440771634.1333
4.207876, 4.588151, 9.623663, 1523440771717.0735
4.213834, 4.642855, 9.643744, 1523440771800.0134
4.219908, 4.69482, 9.643167, 1523440771882.9534
4.231369, 4.753116, 9.642563, 1523440771965.9854
4.251645, 4.804831, 9.651082, 1523440772049.2944
4.263703, 4.868553, 9.653308, 1523440772132.8792
4.271397, 4.941679, 9.642144, 1523440772216.5566
4.286391, 5.00376, 9.633582, 1523440772300.3262
4.297313, 5.074718, 9.644135, 1523440772384.1414
4.300009, 5.146907, 9.632728, 1523440772467.9573
4.306985, 5.206861, 9.64903, 1523440772551.6807
4.321908, 5.270538, 9.649561, 1523440772635.3579
4.348147, 5.337626, 9.652764, 1523440772719.1272
4.36153, 5.401175, 9.654943, 1523440772802.5283
4.363226, 5.471633, 9.650992, 1523440772885.6064
4.390322, 5.541523, 9.639466, 1523440772968.5002
4.421317, 5.615298, 9.626709, 1523440773051.2561
4.449704, 5.675622, 9.633385, 1523440773133.9658
4.481644, 5.728106, 9.663931, 1523440773216.7673
4.508454, 5.786684, 9.655951, 1523440773299.5696
4.548032, 5.850298, 9.657598, 1523440773382.6013
4.578412, 5.912218, 9.662826, 1523440773466.0020
4.614624, 5.973301, 9.663511, 1523440773549.7715
4.646921, 6.045421, 9.664888, 1523440773633.5872
4.68902, 6.111529, 9.643685, 1523440773717.3103
4.71747, 6.184484, 9.648101, 1523440773801.0337
4.767797, 6.243124, 9.651586, 1523440773884.7109
4.822078, 6.293561, 9.652044, 1523440773968.5264
4.880851, 6.335288, 9.654084, 1523440774052.0190
4.928336, 6.384476, 9.645599, 1523440774135.1892
4.984748, 6.430514, 9.652587, 1523440774218.2673
5.038302, 6.464259, 9.653445, 1523440774301.2537
5.092944, 6.484227, 9.651648, 1523440774384.0090
5.144398, 6.499158, 9.654337, 1523440774466.4883
5.194219, 6.509921, 9.668168, 1523440774548.8293
5.255049, 6.520957, 9.66381, 1523440774631.3547
5.324327, 6.533897, 9.657891, 1523440774714.2488
5.388776, 6.55536, 9.664201, 1523440774797.2346
5.462797, 6.58461, 9.668457, 1523440774880.3125
5.53633, 6.615463, 9.651114, 1523440774963.4832
5.610803, 6.642803, 9.661892, 1523440775046.9302
5.68114, 6.660182, 9.664596, 1523440775130.6072
5.748714, 6.676129, 9.676463, 1523440775214.2849
5.822177, 6.698358, 9.67335, 1523440775297.6394
5.888172, 6.715795, 9.674168, 1523440775380.5332
5.958053, 6.723003, 9.669416, 1523440775463.1045
6.033296, 6.727186, 9.656763, 1523440775545.5840
6.105286, 6.741503, 9.637357, 1523440775627.9709
6.184187, 6.734679, 9.65178, 1523440775710.6343
6.257847, 6.720084, 9.666105, 1523440775793.5286
6.331756, 6.726339, 9.651169, 1523440775876.0996
6.3922, 6.75743, 9.663106, 1523440775958.3486
6.461973, 6.782995, 9.671031, 1523440776040.8276
6.536705, 6.80204, 9.651784, 1523440776123.8137
6.606413, 6.825901, 9.652651, 1523440776207.3528
6.672139, 6.851281, 9.646821, 1523440776291.3523
6.741301, 6.864079, 9.660788, 1523440776375.2598
6.813813, 6.870796, 9.664129, 1523440776458.9832
6.859744, 6.871496, 9.674443, 1523440776542.5681
6.933988, 6.852955, 9.670686, 1523440776626.1531
7.010754, 6.831133, 9.647834, 1523440776709.6460
7.066872, 6.807865, 9.650875, 1523440776793.0466
7.130705, 6.766178, 9.662372, 1523440776876.6780
7.199584, 6.731792, 9.681713, 1523440776960.3550
7.278652, 6.721006, 9.667085, 1523440777043.8940
7.345433, 6.718185, 9.681133, 1523440777127.4790
7.411232, 6.71632, 9.680537, 1523440777211.1101
7.484417, 6.714899, 9.666067, 1523440777294.6948
7.558135, 6.724722, 9.662972, 1523440777378.1418
7.640591, 6.726117, 9.665955, 1523440777461.5427
7.713373, 6.730689, 9.666664, 1523440777545.0352
7.781773, 6.734456, 9.660605, 1523440777628.6663
7.860094, 6.722229, 9.666674, 1523440777712.3430
7.933503, 6.720296, 9.675708, 1523440777795.7441
8.009646, 6.719598, 9.670633, 1523440777878.7297
8.080861, 6.717425, 9.665402, 1523440777961.3474
8.163482, 6.702293, 9.655556, 1523440778043.8726
8.246215, 6.684443, 9.635079, 1523440778126.5820
8.321913, 6.664217, 9.645154, 1523440778209.6602
8.395452, 6.646508, 9.650846, 1523440778292.7385
8.478475, 6.644294, 9.650874, 1523440778375.8167
8.556771, 6.643522, 9.667697, 1523440778458.9866
8.623501, 6.641414, 9.658644, 1523440778542.3411
8.692295, 6.643103, 9.652504, 1523440778625.8335
8.770382, 6.651021, 9.644647, 1523440778709.4646
8.859855, 6.661669, 9.635275, 1523440778793.1416
8.941896, 6.666831, 9.653766, 1523440778876.8181
9.03363, 6.661522, 9.660762, 1523440778960.5413
9.101283, 6.654327, 9.661678, 1523440779044.3562
9.177761, 6.646949, 9.665195, 1523440779127.9873
9.247065, 6.639389, 9.671163, 1523440779211.3418
9.330223, 6.629436, 9.646718, 1523440779294.4197
9.408751, 6.61973, 9.642091, 1523440779377.3132
9.472178, 6.604196, 9.641783, 1523440779460.1611
9.544863, 6.584312, 9.665309, 1523440779542.9622
9.62192, 6.584178, 9.666575, 1523440779625.6716
9.699766, 6.589391, 9.663927, 1523440779708.4272
9.772345, 6.597958, 9.655581, 1523440779791.4128
9.852729, 6.602807, 9.644584, 1523440779874.6292
9.933702, 6.615589, 9.650314, 1523440779957.9834
10.011797, 6.630133, 9.643895, 1523440780041.4756
10.097808, 6.646994, 9.646158, 1523440780125.0608
10.171347, 6.667019, 9.651295, 1523440780208.7378
10.247941, 6.674693, 9.642274, 1523440780292.5530
10.329641, 6.675575, 9.619287, 1523440780376.3679
10.408128, 6.680855, 9.635663, 1523440780459.9067
10.487304, 6.68503, 9.645434, 1523440780543.2153
10.566813, 6.683422, 9.641792, 1523440780626.3853
10.639249, 6.675042, 9.626178, 1523440780709.5095
10.714261, 6.660788, 9.647034, 1523440780792.4495
10.775801, 6.656028, 9.665761, 1523440780875.2048
10.837454, 6.657618, 9.669485, 1523440780957.8677
10.908879, 6.65975, 9.673265, 1523440781040.6694
10.978587, 6.661339, 9.674916, 1523440781123.7476
11.053991, 6.671608, 9.676698, 1523440781206.9172
11.134007, 6.677779, 9.660413, 1523440781290.2258
11.20992, 6.690044, 9.65012, 1523440781373.6265
11.293967, 6.7045, 9.650096, 1523440781457.1189
11.374446, 6.717917, 9.655752, 1523440781540.7959
11.453507, 6.716883, 9.682008, 1523440781624.6570
11.536004, 6.718565, 9.659957, 1523440781708.4260
11.6074, 6.726189, 9.663356, 1523440781791.8264
11.685839, 6.731084, 9.667815, 1523440781874.8582
11.76199, 6.728159, 9.659279, 1523440781957.6594
11.84614, 6.725537, 9.648445, 1523440782040.3689
11.919303, 6.714881, 9.654305, 1523440782123.1243
11.990501, 6.703068, 9.674624, 1523440782206.0176
12.068778, 6.701042, 9.667587, 1523440782289.0959
12.14993, 6.697436, 9.675546, 1523440782372.4045
12.229353, 6.700862, 9.660175, 1523440782455.8967
12.317118, 6.710002, 9.65034, 1523440782539.4355
12.400164, 6.723873, 9.630819, 1523440782623.0664
12.460955, 6.742263, 9.661044, 1523440782706.7429
12.517341, 6.759357, 9.680832, 1523440782790.3279
12.584638, 6.782316, 9.687858, 1523440782873.7288
12.658798, 6.788548, 9.693199, 1523440782956.9443
12.728654, 6.809319, 9.677551, 1523440783039.6997
12.78285, 6.827604, 9.669871, 1523440783122.1785
12.846666, 6.837025, 9.678334, 1523440783204.5647
12.916825, 6.849821, 9.657175, 1523440783286.9512
12.987835, 6.866371, 9.673731, 1523440783369.3379
13.05079, 6.888985, 9.668576, 1523440783451.9551
13.110333, 6.905313, 9.680771, 1523440783534.8022
13.178056, 6.937484, 9.706972, 1523440783617.8799
13.241058, 6.965127, 9.667836, 1523440783701.2805
13.29316, 7.001133, 9.664834, 1523440783784.8650
13.344166, 7.038731, 9.678208, 1523440783868.5417
13.392698, 7.076982, 9.672231, 1523440783952.4031
13.436538, 7.125259, 9.674447, 1523440784036.4944
13.475108, 7.161102, 9.658594, 1523440784120.6782
13.534925, 7.191967, 9.66205, 1523440784204.8157
13.576981, 7.243753, 9.665956, 1523440784288.5386
13.591846, 7.285323, 9.668501, 1523440784371.8008
13.622228, 7.325749, 9.666986, 1523440784454.8320
13.66648, 7.365086, 9.67743, 1523440784537.8638
13.701516, 7.399986, 9.680598, 1523440784620.9878
13.732909, 7.432061, 9.686427, 1523440784703.9731
13.769325, 7.469268, 9.67673, 1523440784786.9587
13.818202, 7.519372, 9.673216, 1523440784870.2671
13.854839, 7.563376, 9.707168, 1523440784953.7595
13.878336, 7.607569, 9.6969, 1523440785037.3440
13.908696, 7.656688, 9.675864, 1523440785121.1130
13.940968, 7.6973, 9.680614, 1523440785205.1121
13.981634, 7.742124, 9.678757, 1523440785289.3879
14.019311, 7.787576, 9.66393, 1523440785373.6177
14.048646, 7.830784, 9.65657, 1523440785457.3406
14.068036, 7.860685, 9.664243, 1523440785540.6948
14.094147, 7.8813, 9.65997, 1523440785623.7268
14.1189, 7.907709, 9.624751, 1523440785706.4355
14.134195, 7.93725, 9.602707, 1523440785788.7759
14.168101, 7.966412, 9.541898, 1523440785871.1626
14.214844, 7.981859, 9.511211, 1523440785954.1016
14.267597, 7.999326, 9.495037, 1523440786037.5483
14.286345, 8.032897, 9.499402, 1523440786120.9026
14.307036, 8.072931, 9.494382, 1523440786204.1184
14.334713, 8.112559, 9.480256, 1523440786287.3804
14.36328, 8.14886, 9.459263, 1523440786370.6426
14.38165, 8.18589, 9.398621, 1523440786453.8123
14.399165, 8.246029, 9.329846, 1523440786536.7979
14.395975, 8.313202, 9.307747, 1523440786619.4609
14.403839, 8.375566, 9.295012, 1523440786702.0320
14.437607, 8.416398, 9.255722, 1523440786784.7405
14.466932, 8.445473, 9.267669, 1523440786867.4500
14.500336, 8.484575, 9.258721, 1523440786950.2051
14.529529, 8.511982, 9.238856, 1523440787033.1907
14.574953, 8.54233, 9.198559, 1523440787116.4065
14.618073, 8.572669, 9.144874, 1523440787199.8069
14.661416, 8.597702, 9.112712, 1523440787283.3914
14.687748, 8.62769, 9.134111, 1523440787367.1143
14.693311, 8.667899, 9.128743, 1523440787450.6067
14.717421, 8.712454, 9.132586, 1523440787534.1450
14.743501, 8.762489, 9.095697, 1523440787617.8218
14.758504, 8.828082, 9.070798, 1523440787701.4524
14.771201, 8.897612, 9.007146, 1523440787784.7141
14.783747, 8.97448, 8.992098, 1523440787867.8379
14.794359, 9.039497, 8.952548, 1523440787950.9158
14.832834, 9.111805, 8.977775, 1523440788034.0393
14.857058, 9.177084, 8.992114, 1523440788117.0249
14.873988, 9.237552, 8.998391, 1523440788199.8262
14.894681, 9.299186, 8.964363, 1523440788282.6733
14.93893, 9.353199, 8.972225, 1523440788365.7969
14.998735, 9.395217, 8.970199, 1523440788449.7041
15.050898, 9.439985, 8.977407, 1523440788534.0715
15.081635, 9.473512, 8.989083, 1523440788618.2092
15.090889, 9.515884, 8.995222, 1523440788701.7480
15.105013, 9.535657, 8.990461, 1523440788785.0098
15.125988, 9.575402, 8.980714, 1523440788868.3181
15.142376, 9.606735, 8.975092, 1523440788951.6260
15.148335, 9.639361, 8.965908, 1523440789034.8877
15.157347, 9.678232, 8.933202, 1523440789118.1038
15.154774, 9.717647, 8.902147, 1523440789201.2275
15.140288, 9.758798, 8.878709, 1523440789284.0742
15.119084, 9.801196, 8.844467, 1523440789366.8296
15.087487, 9.844463, 8.807081, 1523440789449.5847
15.087907, 9.905749, 8.819112, 1523440789532.2939
15.070795, 9.939033, 8.804031, 1523440789615.2791
15.058164, 9.976694, 8.798838, 1523440789698.3569
15.053478, 10.016782, 8.771807, 1523440789781.4805
15.057332, 10.062627, 8.746129, 1523440789864.8801
15.078792, 10.100451, 8.72349, 1523440789948.5107
15.116895, 10.142568, 8.685908, 1523440790032.3718
15.15567, 10.19124, 8.630858, 1523440790116.4629
15.193139, 10.25212, 8.616172, 1523440790200.7385
15.21439, 10.299194, 8.607877, 1523440790284.7834
15.220309, 10.35553, 8.606081, 1523440790368.4141
15.224579, 10.407138, 8.597708, 1523440790451.8145
15.237014, 10.462349, 8.56102, 1523440790535.2144
15.249365, 10.517022, 8.537994, 1523440790618.5686
15.240037, 10.56062, 8.460593, 1523440790701.6003
15.225534, 10.624352, 8.41322, 1523440790784.4014
15.212429, 10.69297, 8.417076, 1523440790867.0181
15.221507, 10.743641, 8.44813, 1523440790949.7268
15.234361, 10.790276, 8.425193, 1523440791032.3435
15.227532, 10.843276, 8.417423, 1523440791114.6838
15.221161, 10.878754, 8.381168, 1523440791196.8396
15.229757, 10.919916, 8.325042, 1523440791279.2722
15.266811, 10.973557, 8.259748, 1523440791362.4421
15.295413, 11.024343, 8.224836, 1523440791446.1184
15.299718, 11.074055, 8.22505, 1523440791529.7488
15.286277, 11.128596, 8.229884, 1523440791613.1492
15.281637, 11.188243, 8.215915, 1523440791696.7329
15.293168, 11.227822, 8.189641, 1523440791780.5017
15.305247, 11.293585, 8.129299, 1523440791864.3159
15.298456, 11.37673, 8.059466, 1523440791947.8081
15.275881, 11.440085, 8.033915, 1523440792030.8396
15.265612, 11.493766, 8.050935, 1523440792113.8711
15.274947, 11.533697, 8.053852, 1523440792196.9023
15.284073, 11.575663, 8.052829, 1523440792279.7034
15.288077, 11.619869, 8.030533, 1523440792362.3201
15.303898, 11.67337, 7.987163, 1523440792445.1208
15.324638, 11.727182, 7.925852, 1523440792528.2908
15.358037, 11.784058, 7.868502, 1523440792611.9673
15.355748, 11.83276, 7.873678, 1523440792695.6895
15.341164, 11.877941, 7.889009, 1523440792779.1819
15.348546, 11.93706, 7.882775, 1523440792862.6274
15.355524, 11.998632, 7.858534, 1523440792946.1194
15.360519, 12.0574, 7.820579, 1523440793029.5652
15.349188, 12.113572, 7.774537, 1523440793112.7349
15.318765, 12.165634, 7.73045, 1523440793195.5815
15.295229, 12.225967, 7.69217, 1523440793278.1982
15.28447, 12.298875, 7.696469, 1523440793360.8606
15.293011, 12.363424, 7.69234, 1523440793443.5688
15.283779, 12.424832, 7.685352, 1523440793526.4160
15.284971, 12.478947, 7.692322, 1523440793609.4470
15.299478, 12.531429, 7.716491, 1523440793692.8467
15.315765, 12.60956, 7.696324, 1523440793776.2925
15.31194, 12.650766, 7.689963, 1523440793859.5999
15.311754, 12.693869, 7.697619, 1523440793943.0457
15.318905, 12.709086, 7.701463, 1523440794026.6294
15.324488, 12.717949, 7.717758, 1523440794110.3521
15.324449, 12.716809, 7.723129, 1523440794194.0745
15.297709, 12.735484, 7.742455, 1523440794277.7046
15.284538, 12.723484, 7.719546, 1523440794361.3347
15.273244, 12.734717, 7.718718, 1523440794445.0107
15.269868, 12.746411, 7.714868, 1523440794528.7791
15.265251, 12.748053, 7.712983, 1523440794612.4553
15.260293, 12.743054, 7.722004, 1523440794695.8555
15.256569, 12.748768, 7.726068, 1523440794779.0247
15.251354, 12.749365, 7.733931, 1523440794862.0095
15.244946, 12.742099, 7.713367, 1523440794944.8103
15.234045, 12.741652, 7.708127, 1523440795027.7031
15.214576, 12.739609, 7.701486, 1523440795110.6421
15.191116, 12.734948, 7.69825, 1523440795193.6733
15.171471, 12.714252, 7.69436, 1523440795276.7043
15.145471, 12.72981, 7.690287, 1523440795359.8274
15.128734, 12.725147, 7.670928, 1523440795443.1809
15.118979, 12.718062, 7.689427, 1523440795526.4885
15.107025, 12.691988, 7.673095, 1523440795609.1970
15.098453, 12.643462, 7.680656, 1523440795691.6289
15.108787, 12.630048, 7.687293, 1523440795774.3835
15.137328, 12.649039, 7.692433, 1523440795857.4143
15.146716, 12.667918, 7.681211, 1523440795940.4915
15.161024, 12.671307, 7.682354, 1523440796023.7065
15.175346, 12.681879, 7.689451, 1523440796107.1982
15.182713, 12.666669, 7.673366, 1523440796190.7817
15.187177, 12.658015, 7.678208, 1523440796274.4578
15.190009, 12.644574, 7.694657, 1523440796358.2720
15.190254, 12.610098, 7.709445, 1523440796442.1785
15.196843, 12.568789, 7.692953, 1523440796526.1770
15.195292, 12.531629, 7.684474, 1523440796610.2217
15.191468, 12.490988, 7.672422, 1523440796694.1741
15.188148, 12.455087, 7.657986, 1523440796777.8501
15.178919, 12.430191, 7.66391, 1523440796861.2957
15.177808, 12.396246, 7.667451, 1523440796944.6030
15.181118, 12.355043, 7.683475, 1523440797027.7725
15.182864, 12.317043, 7.673102, 1523440797110.7576
15.189746, 12.284251, 7.667417, 1523440797193.4663
15.2033, 12.24809, 7.680564, 1523440797275.9443
15.22318, 12.233902, 7.670576, 1523440797358.3298
15.243633, 12.213175, 7.690681, 1523440797440.5315
15.270199, 12.208005, 7.69561, 1523440797522.8250
15.281844, 12.225932, 7.683684, 1523440797605.3027
15.301411, 12.234237, 7.677459, 1523440797687.8271
15.304146, 12.263271, 7.652023, 1523440797770.5359
15.309651, 12.271502, 7.657452, 1523440797853.5205
15.326233, 12.291359, 7.679319, 1523440797936.7820
15.361429, 12.281201, 7.676318, 1523440798020.2275
15.406937, 12.276573, 7.674427, 1523440798103.9041
15.452319, 12.260196, 7.675072, 1523440798187.7644
15.516478, 12.245193, 7.680377, 1523440798271.5786
15.575775, 12.242519, 7.672329, 1523440798355.4392
15.632491, 12.227896, 7.684467, 1523440798439.3457
15.680894, 12.204685, 7.666796, 1523440798523.1599
15.72385, 12.186833, 7.680571, 1523440798606.7900
15.762197, 12.193279, 7.66057, 1523440798690.3738
15.791908, 12.197684, 7.66572, 1523440798773.7737
15.821469, 12.192763, 7.659697, 1523440798856.9431
15.844536, 12.213438, 7.673825, 1523440798939.9280
15.859213, 12.224771, 7.676394, 1523440799022.7285
15.861768, 12.253899, 7.68083, 1523440799105.4370
15.853145, 12.272873, 7.688318, 1523440799188.2378
15.846564, 12.264105, 7.678021, 1523440799271.0842
15.846798, 12.279202, 7.672796, 1523440799353.9312
15.851742, 12.289919, 7.664619, 1523440799436.9160
15.860809, 12.28708, 7.680281, 1523440799520.2695
15.878123, 12.317234, 7.693389, 1523440799603.8997
15.900486, 12.377856, 7.693394, 1523440799687.5759
15.919017, 12.433017, 7.697787, 1523440799771.3442
15.93565, 12.49521, 7.698452, 1523440799855.2507
15.956134, 12.542522, 7.691655, 1523440799939.0652
15.970985, 12.579011, 7.677166, 1523440800022.8337
15.974752, 12.618668, 7.679972, 1523440800106.3713
15.972515, 12.652172, 7.683373, 1523440800189.8167
15.968314, 12.670094, 7.671085, 1523440800273.2166
15.957633, 12.68301, 7.676079, 1523440800356.3394
15.943748, 12.689363, 7.681891, 1523440800439.3245
15.925991, 12.699528, 7.677145, 1523440800522.1711
15.910823, 12.697795, 7.677851, 1523440800604.7874
15.901625, 12.685618, 7.677772, 1523440800687.3115
15.88583, 12.688683, 7.666846, 1523440800770.0200
15.869232, 12.695229, 7.683175, 1523440800852.8665
15.846091, 12.69811, 7.684672, 1523440800935.8516
15.803644, 12.710536, 7.696047, 1523440801018.9287
15.761729, 12.734277, 7.690678, 1523440801102.2361
15.720458, 12.746165, 7.697821, 1523440801185.6360
15.670862, 12.772557, 7.728357, 1523440801269.1279
15.632957, 12.781631, 7.717728, 1523440801352.8499
15.585771, 12.809116, 7.725038, 1523440801436.7102
15.555101, 12.8176, 7.697001, 1523440801520.6169
15.520403, 12.82155, 7.707023, 1523440801604.4312
15.488403, 12.840693, 7.695158, 1523440801688.1995
15.457806, 12.826415, 7.692463, 1523440801771.6448
15.432568, 12.807213, 7.712656, 1523440801854.8145
15.400787, 12.813064, 7.731131, 1523440801937.7068
15.369637, 12.800406, 7.724521, 1523440802020.4617
15.36929, 12.785437, 7.715493, 1523440802103.1704
15.361822, 12.761825, 7.706919, 1523440802185.9709
15.364789, 12.747018, 7.703612, 1523440802269.0022
15.364842, 12.746218, 7.719007, 1523440802352.0793
15.354275, 12.751322, 7.707106, 1523440802435.2024
15.347995, 12.74753, 7.675217, 1523440802518.6941
15.344877, 12.745009, 7.673396, 1523440802602.3701
15.325803, 12.739989, 7.655791, 1523440802686.0925
15.303072, 12.718197, 7.634451, 1523440802769.8606
15.275195, 12.74735, 7.650285, 1523440802853.6753
15.256112, 12.732341, 7.705318, 1523440802937.5820
15.200074, 12.749967, 7.680171, 1523440803021.4885
15.165021, 12.758693, 7.685366, 1523440803105.3953
15.125971, 12.769196, 7.686665, 1523440803189.2097
15.089481, 12.76756, 7.702453, 1523440803272.9319
15.057326, 12.787762, 7.701302, 1523440803356.6077
15.018664, 12.797707, 7.693244, 1523440803440.1455
14.98871, 12.807079, 7.665563, 1523440803523.4065
14.952139, 12.848548, 7.677816, 1523440803606.3916
14.905478, 12.865979, 7.661164, 1523440803689.1001
14.867829, 12.888222, 7.684968, 1523440803771.5322
14.837961, 12.909903, 7.702224, 1523440803853.7336
14.812572, 12.911149, 7.707829, 1523440803935.9812
14.785828, 12.955603, 7.698628, 1523440804018.5974
14.760533, 12.995708, 7.687089, 1523440804101.5825
14.731788, 13.017752, 7.686307, 1523440804184.6594
14.700631, 13.043956, 7.681331, 1523440804268.0591
14.674406, 13.050837, 7.673418, 1523440804351.5964
14.628402, 13.067433, 7.638665, 1523440804435.1345
14.585751, 13.06247, 7.602201, 1523440804518.6260
14.525018, 13.078945, 7.581828, 1523440804601.9336
14.467141, 13.07194, 7.512577, 1523440804684.8267
14.410082, 13.08721, 7.500027, 1523440804767.6267
14.366473, 13.118612, 7.488886, 1523440804850.6121
14.328627, 13.143788, 7.489769, 1523440804933.6428
14.285027, 13.164584, 7.46409, 1523440805016.6738
14.249681, 13.183635, 7.417236, 1523440805099.7048
14.223854, 13.210469, 7.367059, 1523440805182.9663
14.196296, 13.277077, 7.33947, 1523440805266.7805
14.167489, 13.339721, 7.333285, 1523440805350.8713
14.144618, 13.363733, 7.36378, 1523440805434.8699
14.120662, 13.375895, 7.362716, 1523440805518.8228
14.090841, 13.406493, 7.323005, 1523440805602.7290
14.042867, 13.425818, 7.287519, 1523440805686.2212
13.985569, 13.414012, 7.249534, 1523440805769.0681
13.921422, 13.409204, 7.187196, 1523440805851.3616
13.83882, 13.422223, 7.119537, 1523440805933.5632
13.772996, 13.425331, 7.140891, 1523440806015.8108
13.719862, 13.436163, 7.139984, 1523440806098.1506
13.677357, 13.4313, 7.126534, 1523440806180.3523
13.625364, 13.449873, 7.09467, 1523440806262.8303
13.576416, 13.489017, 7.056778, 1523440806345.7229
13.519524, 13.526466, 6.999213, 1523440806429.1687
13.454276, 13.580037, 6.977209, 1523440806513.3054
13.392994, 13.612173, 6.980866, 1523440806597.6729
13.335992, 13.605685, 6.994902, 1523440806681.5330
13.262589, 13.603477, 6.996921, 1523440806765.1631
13.204419, 13.603928, 6.983884, 1523440806848.7473
13.147394, 13.588115, 6.9772, 1523440806932.4692
13.098281, 13.56232, 6.991416, 1523440807016.2375
13.037418, 13.539848, 6.978096, 1523440807099.9592
12.984487, 13.520782, 6.984212, 1523440807183.4509
12.940431, 13.496579, 6.999554, 1523440807266.3435
12.898817, 13.479204, 6.986977, 1523440807348.8210
12.8499, 13.482649, 6.968658, 1523440807431.4377
12.807182, 13.49623, 6.966842, 1523440807514.3306
12.761711, 13.524954, 6.950769, 1523440807597.3154
12.718064, 13.545552, 6.921722, 1523440807680.3464
12.676908, 13.563581, 6.891402, 1523440807763.6074
12.642419, 13.580684, 6.838328, 1523440807846.9604
12.595833, 13.614933, 6.798556, 1523440807930.7749
12.54026, 13.64977, 6.788618, 1523440808014.9575
12.490593, 13.639466, 6.809333, 1523440808098.7717
12.44556, 13.63413, 6.796449, 1523440808182.3557
12.396933, 13.635771, 6.7661, 1523440808265.9395
12.35014, 13.636626, 6.724805, 1523440808349.4771
12.295176, 13.620722, 6.661798, 1523440808432.6921
12.230003, 13.59166, 6.614357, 1523440808515.3542
12.168563, 13.545849, 6.606736, 1523440808597.6021
12.122479, 13.533059, 6.61202, 1523440808680.0339
12.079018, 13.534931, 6.61081, 1523440808762.6042
12.03985, 13.531213, 6.586248, 1523440808845.0359
11.999873, 13.516766, 6.540218, 1523440808927.6060
11.961908, 13.533203, 6.501166, 1523440809010.8213
11.914391, 13.574121, 6.443884, 1523440809094.8196
11.859853, 13.602507, 6.42862, 1523440809178.9104
11.817884, 13.577329, 6.440298, 1523440809262.4941
11.777331, 13.566427, 6.448724, 1523440809346.0317
11.725635, 13.585705, 6.422292, 1523440809429.9841
11.670094, 13.595614, 6.361723, 1523440809514.0283
11.614193, 13.572701, 6.292303, 1523440809597.3357
11.544731, 13.534892, 6.248004, 1523440809679.9980
11.4859, 13.498764, 6.229475, 1523440809762.4761
11.429533, 13.501542, 6.229401, 1523440809845.1841
11.374119, 13.493501, 6.242669, 1523440809927.8923
11.318989, 13.483021, 6.198739, 1523440810010.3704
11.277733, 13.482402, 6.15687, 1523440810092.7561
11.235718, 13.490868, 6.117436, 1523440810175.2798
11.178582, 13.514017, 6.045685, 1523440810258.3572
11.113448, 13.557033, 6.020391, 1523440810342.2634
11.055758, 13.576571, 6.036712, 1523440810426.3540
11.016594, 13.563341, 6.04514, 1523440810510.2141
10.963325, 13.566382, 6.049731, 1523440810594.1660
10.921185, 13.579998, 6.002975, 1523440810678.3948
10.874587, 13.588528, 5.931926, 1523440810762.3931
10.816954, 13.56193, 5.870369, 1523440810845.6543
10.770577, 13.518237, 5.853774, 1523440810928.3167
10.717304, 13.490842, 5.869648, 1523440811010.7944
10.66704, 13.490986, 5.874604, 1523440811093.4568
10.622694, 13.49197, 5.843843, 1523440811176.0728
10.572814, 13.48728, 5.79504, 1523440811258.6892
10.530625, 13.493953, 5.720967, 1523440811341.6736
10.472047, 13.525554, 5.670393, 1523440811425.3958
10.411278, 13.555712, 5.666512, 1523440811509.5327
10.365294, 13.532698, 5.673667, 1523440811593.1621
10.326802, 13.497874, 5.691187, 1523440811676.4695
10.284258, 13.488114, 5.678996, 1523440811760.0535
10.231096, 13.489892, 5.627149, 1523440811844.0518
10.175582, 13.469816, 5.569657, 1523440811927.5896
10.121174, 13.419179, 5.500749, 1523440812010.3901
10.061955, 13.383699, 5.476756, 1523440812092.8679
10.015106, 13.367522, 5.472833, 1523440812175.4839
9.960261, 13.364445, 5.460992, 1523440812258.1001
9.910416, 13.35447, 5.435403, 1523440812340.7166
9.863288, 13.357213, 5.382493, 1523440812423.5166
9.811795, 13.366296, 5.361901, 1523440812506.7778
9.741377, 13.386783, 5.338898, 1523440812590.5459
9.671762, 13.377273, 5.33317, 1523440812674.2678
9.624187, 13.342895, 5.33429, 1523440812757.6672
9.566002, 13.302049, 5.316411, 1523440812840.7903
9.516529, 13.251301, 5.303741, 1523440812923.8210
9.469075, 13.193039, 5.291682, 1523440813006.8057
9.432741, 13.121341, 5.293547, 1523440813089.8826
9.392065, 13.05788, 5.294743, 1523440813173.2822
9.341484, 13.007777, 5.303205, 1523440813257.1428
9.298673, 12.957961, 5.329809, 1523440813341.2329
9.278731, 12.915392, 5.334135, 1523440813424.9089
9.243224, 12.877516, 5.33959, 1523440813508.1699
9.199683, 12.842434, 5.344365, 1523440813591.3386
9.155025, 12.812501, 5.342428, 1523440813674.4155
9.115003, 12.788358, 5.34649, 1523440813757.2625
9.064949, 12.769738, 5.330629, 1523440813840.1548
9.009212, 12.738915, 5.342604, 1523440813923.1853
8.968447, 12.685953, 5.335434, 1523440814006.2161
8.932081, 12.640565, 5.339932, 1523440814089.3853
8.908563, 12.59367, 5.343467, 1523440814172.9226
8.89388, 12.54904, 5.325809, 1523440814256.7368
8.883706, 12.498934, 5.315479, 1523440814340.6431
8.892884, 12.450801, 5.290675, 1523440814424.3650
8.896159, 12.41272, 5.255415, 1523440814508.0872
8.90495, 12.363946, 5.208052, 1523440814591.8552
8.923211, 12.303714, 5.160981, 1523440814675.3469
8.967262, 12.24157, 5.135715, 1523440814758.1475
9.002253, 12.184175, 5.121422, 1523440814840.8555
8.999674, 12.137593, 5.121075, 1523440814923.7939
8.997858, 12.095822, 5.097703, 1523440815006.7327
8.998398, 12.056806, 5.069859, 1523440815089.7175
8.976327, 12.026931, 5.041547, 1523440815173.0247
8.944617, 11.997031, 4.993359, 1523440815256.7004
8.897479, 11.957881, 4.968001, 1523440815340.8831
8.857778, 11.907491, 4.944769, 1523440815425.1580
8.858294, 11.864115, 4.95449, 1523440815508.9724
8.859509, 11.827043, 4.964888, 1523440815592.6941
8.846276, 11.782406, 4.954781, 1523440815676.4622
8.828891, 11.739161, 4.909638, 1523440815760.1379
8.837751, 11.686179, 4.855777, 1523440815843.2144
8.883189, 11.62436, 4.770411, 1523440815925.5999
8.91871, 11.557302, 4.76378, 1523440816007.5708
8.923091, 11.503518, 4.776743, 1523440816089.7720
8.921451, 11.455738, 4.768891, 1523440816172.0652
8.925883, 11.410833, 4.747385, 1523440816254.2664
8.929393, 11.369762, 4.712594, 1523440816336.5139
8.912366, 11.331814, 4.6755, 1523440816419.1301
8.884544, 11.290318, 4.625782, 1523440816502.3447
8.843064, 11.235368, 4.611897, 1523440816586.1589
8.833755, 11.175309, 4.600365, 1523440816670.1111
8.83834, 11.120142, 4.604965, 1523440816754.0168
8.833944, 11.070217, 4.596487, 1523440816837.9233
8.811873, 11.016712, 4.55896, 1523440816922.1055
8.801482, 10.959642, 4.507316, 1523440817006.1501
8.821923, 10.90657, 4.446877, 1523440817089.5955
8.849935, 10.839933, 4.416815, 1523440817172.5339
8.87854, 10.777599, 4.418064, 1523440817255.1497
8.887973, 10.717332, 4.423094, 1523440817337.7197
8.871601, 10.674152, 4.421981, 1523440817420.4741
8.865918, 10.627871, 4.388951, 1523440817503.2278
8.860264, 10.588744, 4.34228, 1523440817586.0745
8.84534, 10.551675, 4.304523, 1523440817669.1973
8.820675, 10.515216, 4.225724, 1523440817752.6423
8.779762, 10.465223, 4.216106, 1523440817836.5486
8.776977, 10.407818, 4.202475, 1523440817920.4548
8.790202, 10.3602, 4.216179, 1523440818003.9919
8.791367, 10.321727, 4.213759, 1523440818087.6216
8.780776, 10.278776, 4.170705, 1523440818171.2976
8.793162, 10.228677, 4.122364, 1523440818254.5581
8.836331, 10.161839, 4.06364, 1523440818337.0818
8.882161, 10.089724, 4.010898, 1523440818419.3752
8.907485, 10.026662, 4.020798, 1523440818501.9915
8.909005, 9.971836, 4.049889, 1523440818584.8374
8.91456, 9.916577, 4.05607, 1523440818667.6836
8.920549, 9.875205, 3.983083, 1523440818750.5759
8.910741, 9.828528, 3.941455, 1523440818833.8369
8.88392, 9.78918, 3.898064, 1523440818917.6047
8.86603, 9.746067, 3.840599, 1523440819001.5112
8.858497, 9.691015, 3.845878, 1523440819085.5095
8.869843, 9.635098, 3.844936, 1523440819169.2769
8.873128, 9.594471, 3.836426, 1523440819252.9529
8.865908, 9.543477, 3.849931, 1523440819336.6746
8.860783, 9.481294, 3.789435, 1523440819420.3960
8.857869, 9.411839, 3.710866, 1523440819503.8411
8.868978, 9.339061, 3.662669, 1523440819586.9180
8.885552, 9.269134, 3.636946, 1523440819669.6719
8.894598, 9.211245, 3.64947, 1523440819752.1492
8.893455, 9.159071, 3.651421, 1523440819834.4883
8.88494, 9.104823, 3.637073, 1523440819916.7817
8.880602, 9.052063, 3.633306, 1523440819999.1672
8.863801, 9.010046, 3.567815, 1523440820082.0132
8.829729, 8.969834, 3.530719, 1523440820165.3662
8.80345, 8.91426, 3.456019, 1523440820249.0876
8.78455, 8.854473, 3.466918, 1523440820332.9014
8.790273, 8.804872, 3.476638, 1523440820416.6692
8.789289, 8.758639, 3.439454, 1523440820500.6211
8.785991, 8.70328, 3.401696, 1523440820584.8037
8.797145, 8.638026, 3.326664, 1523440820668.5713
8.831827, 8.560439, 3.281212, 1523440820751.6477
8.861249, 8.493382, 3.278689, 1523440820834.3096
8.865929, 8.441549, 3.316675, 1523440820916.9258
8.865912, 8.38812, 3.298178, 1523440820999.4492
8.866797, 8.338775, 3.26354, 1523440821082.0649
8.861518, 8.291678, 3.205732, 1523440821165.0032
8.839445, 8.245882, 3.166165, 1523440821248.4944
8.793913, 8.190689, 3.15476, 1523440821332.6306
8.760736, 8.125041, 3.158896, 1523440821417.1355
8.755798, 8.065915, 3.177817, 1523440821501.3635
8.756277, 8.016471, 3.128453, 1523440821585.5464
8.744351, 7.948566, 3.062205, 1523440821669.6824
8.742945, 7.882531, 3.005694, 1523440821753.3118
8.773729, 7.806808, 2.955972, 1523440821836.2036
8.802242, 7.74438, 2.937438, 1523440821918.5889
8.815799, 7.682446, 2.934069, 1523440822000.7444
8.809296, 7.627156, 2.927792, 1523440822082.8074
8.801644, 7.576061, 2.888255, 1523440822164.8242
8.802152, 7.541425, 2.844373, 1523440822246.9797
8.78366, 7.508224, 2.772674, 1523440822329.6414
8.758362, 7.459496, 2.750802, 1523440822413.1323
8.733874, 7.400646, 2.771644, 1523440822497.0383
8.743909, 7.356814, 2.797506, 1523440822580.7600
8.754642, 7.303436, 2.769611, 1523440822664.5737
8.743754, 7.251492, 2.72916, 1523440822748.5720
8.746101, 7.196106, 2.694708, 1523440822832.4783
8.754963, 7.116337, 2.585962, 1523440822916.0156
8.771161, 7.045498, 2.538822, 1523440822999.1382
8.788875, 6.978396, 2.541186, 1523440823081.8005
8.78396, 6.924766, 2.540678, 1523440823164.2781
8.779881, 6.869689, 2.549274, 1523440823246.8943
8.767731, 6.810143, 2.516759, 1523440823329.7864
8.742653, 6.761546, 2.477496, 1523440823412.8628
8.724276, 6.720808, 2.435974, 1523440823496.0320
8.698052, 6.669363, 2.368398, 1523440823579.6614
8.656414, 6.610437, 2.358453, 1523440823663.7976
8.645033, 6.556855, 2.359218, 1523440823747.7959
8.649785, 6.49888, 2.347308, 1523440823831.6104
8.649799, 6.441075, 2.340108, 1523440823915.5164
8.6384, 6.392999, 2.306086, 1523440823999.5144
8.637417, 6.323561, 2.241537, 1523440824083.1438
8.653067, 6.253875, 2.197387, 1523440824166.4048
8.663031, 6.179481, 2.191005, 1523440824249.3892
8.662025, 6.112477, 2.213332, 1523440824332.2356
8.662777, 6.052727, 2.223709, 1523440824415.0815
8.650692, 5.977142, 2.21177, 1523440824497.8362
8.647078, 5.904708, 2.185152, 1523440824580.6360
8.609292, 5.843877, 2.191518, 1523440824663.4824
8.597301, 5.784421, 2.190742, 1523440824746.0525
8.589406, 5.710601, 2.16691, 1523440824828.7144
8.566257, 5.636965, 2.171127, 1523440824911.9753
8.545857, 5.558624, 2.164092, 1523440824995.7434
8.537189, 5.487228, 2.149931, 1523440825079.6033
8.52946, 5.414838, 2.120047, 1523440825163.4634
8.532713, 5.339007, 2.089065, 1523440825247.3694
8.535789, 5.255355, 2.040615, 1523440825331.1831
8.532191, 5.154054, 1.983121, 1523440825414.8589
8.535852, 5.055751, 1.992046, 1523440825498.2119
8.533414, 4.960519, 2.003928, 1523440825581.4265
8.523203, 4.871633, 2.007766, 1523440825664.4568
8.495646, 4.765483, 1.992088, 1523440825747.4414
8.470321, 4.668374, 1.983278, 1523440825830.3340
8.449288, 4.592023, 1.99507, 1523440825913.1799
8.405813, 4.507079, 2.016964, 1523440825996.4409
8.380026, 4.408987, 2.031799, 1523440826079.8862
8.352672, 4.314042, 2.021142, 1523440826163.5156
8.32767, 4.218464, 2.007032, 1523440826247.2832
8.307829, 4.1072, 1.999271, 1523440826330.9592
8.30602, 4.000204, 2.001399, 1523440826414.5425
8.265532, 3.908751, 2.016123, 1523440826498.6331
8.206221, 3.822883, 2.024677, 1523440826582.7695
8.171972, 3.722988, 2.019628, 1523440826666.3069
8.147964, 3.640861, 2.009164, 1523440826749.1531
8.108663, 3.561043, 1.995159, 1523440826831.9531
8.04135, 3.485985, 2.000032, 1523440826914.8914
7.970949, 3.426245, 2.017165, 1523440826998.0601
7.924575, 3.347975, 2.007329, 1523440827081.0906
7.887507, 3.251368, 2.017613, 1523440827164.0293
7.836185, 3.179478, 2.004676, 1523440827247.1057
7.771892, 3.097568, 1.985974, 1523440827330.2747
7.706592, 3.014487, 1.977238, 1523440827413.4434
7.650682, 2.922013, 1.99219, 1523440827496.6584
7.584705, 2.841826, 1.993506, 1523440827580.2883
7.492148, 2.813896, 1.991295, 1523440827664.6550
7.399113, 2.759585, 1.986839, 1523440827748.9297
7.314187, 2.708296, 1.985121, 1523440827832.5596
7.227351, 2.666555, 1.967299, 1523440827915.6362
7.147932, 2.630597, 1.964171, 1523440827998.3442
7.054438, 2.615738, 1.974252, 1523440828080.9141
6.966989, 2.608649, 1.985895, 1523440828163.3918
6.904166, 2.582587, 1.986318, 1523440828245.9614
6.837119, 2.545818, 1.99926, 1523440828328.7615
6.764757, 2.516171, 2.005428, 1523440828411.6541
6.670681, 2.483773, 1.988085, 1523440828494.7310
6.58513, 2.436574, 1.974723, 1523440828577.9463
6.497903, 2.413953, 1.95054, 1523440828661.2073
6.410466, 2.381917, 1.969823, 1523440828744.6526
6.320306, 2.368436, 1.980385, 1523440828828.5583
6.232158, 2.36347, 2.001809, 1523440828912.6951
6.154383, 2.354452, 2.002349, 1523440828996.1406
6.072635, 2.343455, 1.992393, 1523440829078.9407
5.991991, 2.323283, 1.985731, 1523440829161.4185
5.920728, 2.336896, 1.977086, 1523440829243.9424
5.847132, 2.356096, 1.989239, 1523440829326.6045
5.753879, 2.36209, 1.995815, 1523440829409.2664
5.693625, 2.35865, 2.001226, 1523440829491.9744
5.638762, 2.362983, 2.012661, 1523440829575.1892
5.577572, 2.37405, 2.007116, 1523440829658.6807
5.508803, 2.37958, 1.990686, 1523440829742.3103
5.445649, 2.379729, 1.995496, 1523440829825.9856
5.379479, 2.358714, 1.982767, 1523440829909.5693
5.305505, 2.342406, 1.988988, 1523440829993.1064
5.225976, 2.314557, 1.99741, 1523440830076.5056
5.147793, 2.313758, 1.995639, 1523440830160.1812
5.079398, 2.336823, 1.99575, 1523440830243.9951
5.016805, 2.328105, 1.994953, 1523440830327.3479
4.965147, 2.311085, 1.983405, 1523440830410.1482
4.931746, 2.299935, 1.994656, 1523440830492.7642
4.921727, 2.305146, 2.009315, 1523440830575.3337
4.933592, 2.320306, 2.034093, 1523440830658.0420
4.949971, 2.32852, 2.047508, 1523440830740.8882
