1523432476162.0000
9.442372, 2.545724, 2.095741, 1523432476162.0000
9.441762, 2.54875, 2.102012, 1523432476245.1707
9.445157, 2.551595, 2.099743, 1523432476328.4795
9.437843, 2.558483, 2.09808, 1523432476411.9268
9.4368, 2.565932, 2.099579, 1523432476495.4202
9.43355, 2.574986, 2.101635, 1523432476578.9133
9.432392, 2.583435, 2.106455, 1523432476662.3606
9.419621, 2.597711, 2.098618, 1523432476745.9004
9.404613, 2.60853, 2.094763, 1523432476829.4399
9.379523, 2.623971, 2.075572, 1523432476912.9333
9.360991, 2.625123, 2.075036, 1523432476996.2422
9.338401, 2.635837, 2.071825, 1523432477079.3208
9.312769, 2.637012, 2.084548, 1523432477162.2151
9.273991, 2.620409, 2.068006, 1523432477245.0173
9.23294, 2.606369, 2.064823, 1523432477327.9119
9.184206, 2.582156, 2.06875, 1523432477410.7603
9.132289, 2.560582, 2.050552, 1523432477493.7927
9.055596, 2.531416, 2.057334, 1523432477576.9170
8.998043, 2.516074, 2.067147, 1523432477660.5024
8.924987, 2.510924, 2.074296, 1523432477744.4104
8.856035, 2.505342, 2.086467, 1523432477828.3184
8.805122, 2.500172, 2.086841, 1523432477912.0879
8.755441, 2.504307, 2.080725, 1523432477995.5815
8.702889, 2.51868, 2.080708, 1523432478078.7063
8.646841, 2.542837, 2.071034, 1523432478161.5549
8.598505, 2.562057, 2.097193, 1523432478244.2646
8.563662, 2.592234, 2.100093, 1523432478326.8823
8.51683, 2.626679, 2.100498, 1523432478409.6384
8.462841, 2.652771, 2.096338, 1523432478492.4873
8.422397, 2.685035, 2.109028, 1523432478575.7959
8.373862, 2.718325, 2.112493, 1523432478659.6121
8.331018, 2.753428, 2.106511, 1523432478743.9807
8.270831, 2.780661, 2.092672, 1523432478828.4419
8.236093, 2.776129, 2.096234, 1523432478912.8105
8.17562, 2.794684, 2.097183, 1523432478996.8105
8.110671, 2.808933, 2.09277, 1523432479080.5342
8.044246, 2.827228, 2.100957, 1523432479163.9814
7.982242, 2.849508, 2.098796, 1523432479247.0139
7.937951, 2.877727, 2.1187, 1523432479329.7698
7.920221, 2.940802, 2.105055, 1523432479412.2493
7.902139, 3.01732, 2.096061, 1523432479494.5906
7.885763, 3.089807, 2.088979, 1523432479576.7935
7.891116, 3.176711, 2.066627, 1523432479658.8584
7.899738, 3.243727, 2.070832, 1523432479740.8772
7.915278, 3.3112, 2.074847, 1523432479823.0342
7.937582, 3.362015, 2.088068, 1523432479905.7900
7.943743, 3.427063, 2.079141, 1523432479988.8228
7.935414, 3.47175, 2.094736, 1523432480071.9009
7.924291, 3.535926, 2.082856, 1523432480154.8411
7.906528, 3.604275, 2.075872, 1523432480237.6892
7.889558, 3.691727, 2.05959, 1523432480320.4912
7.864129, 3.766362, 2.025073, 1523432480403.6616
7.865696, 3.853918, 2.051672, 1523432480487.2930
7.869197, 3.941154, 2.075481, 1523432480571.0627
7.864957, 4.017946, 2.081614, 1523432480654.5559
7.864037, 4.096207, 2.090873, 1523432480738.0027
7.887836, 4.17373, 2.077822, 1523432480821.2654
7.898934, 4.261235, 2.0766, 1523432480904.3440
7.926705, 4.340125, 2.073791, 1523432480987.2844
7.953146, 4.425557, 2.078402, 1523432481069.8101
7.974638, 4.508601, 2.07837, 1523432481152.2896
8.00542, 4.593713, 2.084343, 1523432481235.1838
8.01343, 4.679009, 2.093905, 1523432481318.3086
8.012037, 4.761697, 2.097091, 1523432481401.6172
8.019837, 4.857679, 2.084758, 1523432481485.2485
8.012222, 4.942722, 2.07107, 1523432481568.8801
7.997914, 5.032608, 2.073262, 1523432481652.6038
7.992763, 5.119288, 2.068317, 1523432481736.3735
8.003043, 5.231488, 2.071205, 1523432481820.6045
8.0218, 5.332466, 2.084643, 1523432481904.7429
8.034698, 5.427746, 2.093846, 1523432481988.6052
8.04606, 5.531154, 2.083701, 1523432482072.1445
8.067351, 5.639948, 2.083576, 1523432482155.3613
8.094006, 5.745791, 2.083243, 1523432482238.4402
8.127503, 5.835557, 2.091194, 1523432482321.3347
8.151295, 5.929103, 2.111062, 1523432482403.8606
8.171538, 6.004941, 2.153076, 1523432482486.5247
8.186725, 6.064446, 2.199538, 1523432482569.2808
8.19528, 6.123606, 2.22688, 1523432482652.0369
8.189086, 6.178916, 2.242621, 1523432482734.8391
8.186439, 6.235649, 2.246895, 1523432482817.8257
8.182499, 6.298599, 2.240809, 1523432482900.9504
8.177831, 6.369974, 2.239238, 1523432482984.3054
8.167881, 6.451408, 2.237202, 1523432483067.6606
8.139046, 6.558166, 2.234349, 1523432483150.9238
8.12195, 6.651543, 2.249168, 1523432483234.5093
8.113996, 6.738575, 2.291476, 1523432483318.3713
8.097902, 6.806969, 2.352717, 1523432483402.4172
8.10791, 6.870234, 2.399782, 1523432483486.6938
8.120725, 6.926427, 2.426741, 1523432483570.9248
8.135338, 6.979882, 2.436217, 1523432483654.9248
8.144436, 7.031211, 2.438921, 1523432483738.4644
8.15975, 7.084515, 2.439542, 1523432483821.6809
8.190726, 7.147889, 2.44978, 1523432483904.7136
8.219587, 7.205007, 2.483333, 1523432483987.3315
8.23034, 7.257277, 2.527193, 1523432484069.5806
8.243457, 7.311332, 2.564453, 1523432484151.8760
8.246239, 7.355323, 2.605529, 1523432484234.1716
8.237477, 7.399883, 2.630528, 1523432484316.6052
8.228083, 7.450456, 2.630081, 1523432484399.3154
8.212248, 7.500141, 2.635972, 1523432484482.2097
8.19434, 7.546393, 2.635298, 1523432484565.3806
8.159682, 7.60269, 2.661576, 1523432484648.8738
8.146476, 7.667178, 2.702868, 1523432484733.0125
8.143554, 7.724807, 2.742893, 1523432484817.4739
8.141306, 7.769832, 2.783633, 1523432484901.9348
8.144702, 7.810562, 2.814944, 1523432484986.3496
8.159568, 7.844494, 2.823848, 1523432485070.3960
8.173645, 7.881661, 2.825979, 1523432485154.1199
8.189848, 7.91572, 2.828939, 1523432485237.4751
8.199346, 7.956295, 2.850893, 1523432485320.4158
8.209054, 8.001843, 2.886634, 1523432485402.8955
8.212156, 8.039204, 2.926318, 1523432485485.1909
8.220785, 8.076941, 2.978338, 1523432485567.5784
8.228215, 8.105882, 2.999544, 1523432485650.1501
8.218297, 8.134739, 3.008021, 1523432485732.7683
8.211709, 8.172959, 3.015539, 1523432485815.5706
8.207016, 8.215771, 3.021988, 1523432485898.5574
8.205537, 8.256913, 3.030114, 1523432485981.8203
8.190869, 8.303311, 3.052036, 1523432486065.2214
8.181658, 8.345886, 3.094974, 1523432486149.0376
8.174048, 8.390121, 3.141071, 1523432486232.9917
8.16246, 8.425895, 3.177846, 1523432486316.7615
8.162306, 8.462644, 3.204667, 1523432486400.3933
8.182523, 8.5026, 3.200555, 1523432486483.8865
8.208508, 8.55146, 3.207726, 1523432486567.3342
8.221762, 8.599836, 3.21918, 1523432486650.4592
8.229175, 8.65031, 3.231394, 1523432486733.3997
8.23504, 8.695155, 3.259399, 1523432486815.9717
8.233784, 8.735676, 3.297843, 1523432486898.4517
8.239763, 8.777528, 3.336938, 1523432486981.1616
8.245007, 8.804379, 3.364994, 1523432487063.8716
8.237523, 8.837193, 3.384374, 1523432487146.6738
8.231756, 8.874673, 3.375767, 1523432487229.7065
8.229559, 8.925724, 3.382446, 1523432487312.9233
8.227364, 8.972843, 3.383509, 1523432487396.3242
8.218236, 9.026697, 3.397233, 1523432487479.8174
8.211395, 9.094513, 3.431416, 1523432487563.5874
8.210258, 9.154802, 3.462717, 1523432487647.5415
8.207284, 9.204899, 3.500289, 1523432487731.5417
8.201135, 9.24351, 3.545844, 1523432487815.4495
8.206068, 9.266873, 3.566904, 1523432487899.3577
8.215123, 9.300233, 3.578257, 1523432487983.0356
8.210225, 9.33671, 3.587518, 1523432488066.4370
8.207173, 9.376982, 3.602837, 1523432488149.5620
8.203609, 9.424024, 3.625751, 1523432488232.3184
8.203009, 9.472687, 3.65301, 1523432488314.8901
8.210725, 9.515166, 3.684703, 1523432488397.4619
8.212295, 9.54845, 3.71545, 1523432488480.0798
8.205447, 9.566572, 3.733246, 1523432488562.8362
8.207089, 9.586979, 3.742162, 1523432488645.8228
8.202488, 9.622302, 3.739681, 1523432488728.9934
8.192099, 9.665835, 3.733136, 1523432488812.3027
8.185215, 9.718328, 3.738963, 1523432488895.6116
8.159285, 9.78303, 3.753736, 1523432488978.8748
8.148788, 9.863327, 3.793979, 1523432489062.6909
8.15068, 9.922703, 3.827419, 1523432489146.8293
8.152619, 9.97145, 3.876761, 1523432489231.0601
8.15704, 10.004286, 3.915227, 1523432489315.1985
8.171009, 10.042426, 3.936708, 1523432489399.0139
8.18488, 10.092278, 3.945579, 1523432489482.5071
8.193737, 10.148453, 3.95811, 1523432489565.5396
8.200343, 10.201822, 3.987349, 1523432489648.2034
8.190227, 10.253195, 4.018763, 1523432489730.4524
8.193927, 10.305233, 4.05507, 1523432489812.8860
8.199367, 10.345489, 4.096569, 1523432489895.4116
8.187839, 10.391056, 4.119999, 1523432489978.0293
8.189392, 10.433487, 4.114183, 1523432490060.9697
8.191747, 10.479804, 4.122558, 1523432490144.0942
8.193317, 10.536852, 4.123563, 1523432490227.4954
8.180597, 10.592814, 4.148993, 1523432490311.1729
8.168949, 10.641637, 4.17347, 1523432490395.1270
8.17709, 10.699843, 4.216921, 1523432490479.4038
8.176016, 10.744256, 4.258174, 1523432490563.5422
8.178528, 10.777143, 4.294425, 1523432490647.5422
8.190885, 10.810832, 4.318811, 1523432490731.4045
8.203731, 10.844323, 4.331828, 1523432490814.9900
8.212981, 10.885324, 4.341845, 1523432490898.2991
8.225366, 10.926682, 4.355877, 1523432490981.2856
8.235607, 10.976826, 4.390657, 1523432491063.7649
8.24461, 11.021962, 4.430665, 1523432491146.0603
8.252812, 11.055881, 4.467695, 1523432491228.4480
8.251678, 11.095882, 4.488104, 1523432491310.8811
8.242871, 11.142509, 4.499294, 1523432491393.4529
8.245147, 11.196964, 4.500902, 1523432491476.2092
8.239685, 11.247816, 4.505161, 1523432491559.1956
8.234564, 11.306799, 4.521815, 1523432491642.5508
8.22809, 11.370161, 4.548774, 1523432491726.3669
8.228902, 11.436856, 4.583694, 1523432491810.5054
8.230557, 11.492146, 4.629277, 1523432491894.6436
8.238416, 11.534533, 4.662221, 1523432491978.6897
8.243622, 11.571806, 4.675717, 1523432492062.5056
8.250511, 11.615691, 4.682674, 1523432492145.9990
8.26286, 11.663532, 4.700574, 1523432492229.2622
8.265269, 11.715536, 4.71659, 1523432492312.2026
8.27581, 11.771292, 4.740195, 1523432492394.6360
8.279028, 11.824572, 4.782397, 1523432492476.8850
8.275717, 11.863312, 4.821727, 1523432492559.0881
8.262473, 11.90621, 4.847367, 1523432492641.3833
8.24474, 11.950103, 4.845764, 1523432492723.9089
8.232841, 11.994469, 4.851808, 1523432492806.7573
8.224407, 12.046391, 4.856478, 1523432492889.9739
8.214083, 12.096442, 4.876605, 1523432492973.5593
8.196589, 12.150174, 4.902681, 1523432493057.4211
8.180877, 12.207187, 4.940523, 1523432493141.6980
8.172713, 12.24279, 4.97866, 1523432493226.1128
8.16976, 12.274077, 5.023824, 1523432493310.3435
8.176284, 12.294608, 5.053075, 1523432493394.3899
8.184954, 12.325321, 5.072288, 1523432493478.1597
8.196674, 12.366165, 5.073977, 1523432493561.4229
8.203763, 12.413012, 5.078429, 1523432493644.3169
8.214225, 12.472051, 5.085553, 1523432493726.9810
8.224148, 12.521297, 5.116381, 1523432493809.5066
8.239068, 12.5707, 5.152544, 1523432493891.8943
8.245752, 12.616262, 5.187995, 1523432493974.3279
8.251769, 12.653589, 5.222976, 1523432494056.9460
8.247976, 12.697104, 5.230736, 1523432494139.7019
8.236525, 12.741492, 5.228083, 1523432494222.7805
8.223247, 12.786492, 5.229708, 1523432494306.1355
8.213995, 12.837634, 5.23605, 1523432494389.6748
8.181997, 12.890353, 5.257829, 1523432494473.2603
8.156241, 12.934182, 5.298521, 1523432494557.2141
8.120938, 12.973277, 5.337313, 1523432494641.1685
8.093482, 13.004168, 5.379873, 1523432494724.9841
8.06638, 13.025735, 5.409107, 1523432494808.5234
8.047336, 13.039604, 5.426342, 1523432494891.8323
8.029998, 13.064395, 5.43196, 1523432494975.0032
8.008238, 13.096402, 5.435527, 1523432495057.9436
7.979924, 13.139503, 5.433801, 1523432495140.7917
7.941327, 13.184853, 5.424438, 1523432495223.5017
7.914863, 13.234842, 5.42636, 1523432495306.3499
7.880089, 13.27987, 5.445148, 1523432495389.0137
7.839427, 13.323376, 5.44435, 1523432495471.4932
7.80595, 13.357232, 5.441506, 1523432495554.1570
7.762325, 13.394465, 5.452598, 1523432495637.0054
7.717412, 13.431101, 5.449586, 1523432495720.1299
7.667585, 13.464509, 5.446779, 1523432495803.6230
7.613397, 13.495197, 5.447237, 1523432495887.3005
7.555954, 13.516044, 5.451109, 1523432495971.1624
7.496945, 13.534883, 5.461432, 1523432496055.2546
7.436278, 13.55941, 5.463912, 1523432496139.5312
7.370338, 13.571172, 5.473856, 1523432496223.5774
7.31064, 13.582373, 5.469542, 1523432496307.2087
7.249972, 13.599749, 5.471053, 1523432496390.5178
7.187552, 13.643064, 5.459797, 1523432496473.7803
7.119009, 13.685882, 5.456591, 1523432496557.0894
7.068397, 13.73183, 5.450896, 1523432496640.3523
7.016634, 13.777332, 5.452331, 1523432496723.3845
6.947834, 13.817967, 5.443519, 1523432496806.1868
6.889805, 13.855668, 5.44344, 1523432496888.9888
6.839822, 13.874444, 5.458312, 1523432496971.7449
6.779995, 13.890281, 5.449976, 1523432497054.7312
6.707494, 13.90415, 5.437679, 1523432497137.9019
6.641438, 13.912409, 5.443135, 1523432497221.3032
6.578311, 13.910314, 5.461768, 1523432497304.9810
6.509039, 13.911287, 5.482143, 1523432497389.0730
6.454178, 13.927741, 5.517734, 1523432497473.4417
6.399398, 13.936415, 5.56391, 1523432497557.6721
6.372801, 13.960114, 5.600219, 1523432497641.8103
6.340613, 13.985117, 5.613896, 1523432497725.7646
6.292786, 14.011817, 5.622554, 1523432497809.3037
6.237494, 14.027426, 5.628427, 1523432497892.2439
6.178812, 14.045156, 5.645001, 1523432497974.7698
6.127098, 14.064941, 5.681847, 1523432498056.9729
6.081828, 14.080097, 5.718351, 1523432498139.1763
6.039091, 14.091935, 5.759984, 1523432498221.6558
6.000838, 14.09979, 5.788153, 1523432498304.1814
5.96205, 14.100026, 5.791928, 1523432498386.7993
5.914927, 14.101324, 5.791215, 1523432498469.6477
5.869302, 14.107922, 5.800895, 1523432498552.7266
5.814213, 14.100487, 5.823061, 1523432498636.1274
5.769428, 14.097971, 5.850585, 1523432498719.8975
5.724197, 14.113127, 5.883544, 1523432498804.0359
5.671616, 14.121919, 5.918334, 1523432498888.0823
5.620502, 14.135395, 5.942012, 1523432498971.9441
5.576206, 14.159924, 5.955257, 1523432499055.6680
5.519371, 14.181649, 5.966759, 1523432499139.0691
5.468518, 14.200538, 5.976829, 1523432499222.2400
5.414972, 14.210179, 6.003616, 1523432499304.9043
5.372702, 14.22042, 6.042532, 1523432499387.1538
5.325021, 14.230201, 6.076581, 1523432499469.4490
5.270863, 14.22341, 6.11348, 1523432499551.7444
5.229878, 14.208152, 6.129429, 1523432499634.1777
5.178883, 14.205621, 6.138204, 1523432499717.1643
5.130182, 14.191938, 6.145798, 1523432499800.2429
5.079675, 14.181931, 6.162567, 1523432499883.7363
5.032025, 14.178208, 6.200382, 1523432499967.7368
4.99051, 14.16873, 6.237906, 1523432500051.6912
4.957666, 14.165008, 6.26616, 1523432500135.7378
4.921187, 14.163439, 6.302484, 1523432500219.6458
4.907678, 14.1711, 6.320607, 1523432500303.4158
4.857095, 14.175142, 6.325688, 1523432500387.0474
4.814399, 14.175427, 6.33313, 1523432500470.2642
4.758211, 14.180153, 6.349301, 1523432500553.2048
4.698655, 14.188068, 6.382022, 1523432500635.7769
4.647067, 14.191388, 6.414379, 1523432500718.2104
4.594664, 14.201161, 6.446401, 1523432500800.7825
4.548748, 14.189435, 6.46564, 1523432500883.2161
4.502308, 14.183189, 6.47049, 1523432500965.8340
4.439334, 14.175943, 6.475646, 1523432501048.6824
4.380567, 14.16535, 6.484848, 1523432501131.6687
4.322718, 14.151752, 6.504373, 1523432501215.1624
4.250424, 14.14945, 6.530222, 1523432501299.2087
4.195695, 14.150357, 6.560048, 1523432501383.4397
4.152684, 14.145829, 6.619315, 1523432501467.5779
4.132598, 14.157434, 6.658475, 1523432501551.5784
4.100633, 14.167163, 6.664301, 1523432501635.3025
4.047238, 14.175719, 6.668527, 1523432501718.7959
3.988289, 14.187662, 6.665846, 1523432501801.8748
3.926296, 14.190638, 6.685801, 1523432501884.5388
3.880594, 14.198589, 6.720943, 1523432501966.7881
3.830179, 14.210232, 6.757836, 1523432502049.1296
3.776448, 14.208033, 6.797095, 1523432502131.5171
3.746628, 14.198188, 6.819378, 1523432502213.9507
3.701365, 14.198136, 6.820168, 1523432502296.7529
3.661126, 14.198585, 6.820245, 1523432502379.6936
3.618608, 14.196604, 6.820444, 1523432502463.0027
3.56457, 14.18119, 6.823431, 1523432502546.4504
3.503965, 14.156116, 6.823051, 1523432502630.0359
3.43361, 14.135608, 6.843629, 1523432502714.0359
3.373146, 14.112489, 6.870124, 1523432502797.9441
3.333079, 14.089884, 6.917028, 1523432502881.8059
3.307403, 14.072966, 6.952405, 1523432502965.5300
3.296061, 14.056355, 6.983036, 1523432503048.9778
3.29359, 14.056204, 7.000359, 1523432503132.3330
3.278164, 14.063246, 7.012038, 1523432503215.5959
3.270617, 14.06381, 7.026064, 1523432503298.8132
3.251545, 14.068933, 7.031465, 1523432503381.9380
3.24069, 14.079299, 7.042387, 1523432503464.9709
3.223163, 14.09016, 7.045467, 1523432503548.0498
3.198521, 14.104006, 7.041656, 1523432503631.2668
3.179151, 14.111847, 7.04758, 1523432503714.6221
3.157859, 14.11923, 7.045755, 1523432503798.2078
3.145568, 14.116463, 7.051131, 1523432503881.7932
3.135495, 14.117126, 7.055909, 1523432503965.6091
3.138281, 14.122837, 7.053583, 1523432504049.3792
3.14926, 14.114436, 7.061241, 1523432504133.1033
3.166217, 14.109052, 7.059922, 1523432504216.7349
3.150873, 14.096065, 7.053339, 1523432504300.2744
3.141806, 14.083721, 7.051111, 1523432504383.6760
3.138052, 14.072595, 7.050201, 1523432504466.8469
3.13111, 14.059913, 7.044993, 1523432504549.8340
3.13019, 14.054491, 7.043197, 1523432504632.6821
3.13017, 14.042565, 7.049605, 1523432504715.3923
3.136654, 14.03647, 7.04585, 1523432504797.9180
3.144856, 14.032804, 7.046435, 1523432504880.2595
3.155844, 14.026045, 7.047353, 1523432504962.3245
3.17485, 14.012862, 7.051496, 1523432505044.3894
3.183286, 14.000205, 7.045194, 1523432505126.6853
3.194495, 13.991002, 7.0426, 1523432505209.2112
3.211842, 13.983393, 7.041525, 1523432505292.0137
3.246258, 13.981366, 7.044685, 1523432505375.1387
3.283057, 13.976583, 7.050158, 1523432505458.4480
3.319184, 13.975619, 7.0561, 1523432505541.8032
3.339852, 13.978026, 7.063323, 1523432505625.2502
3.36931, 13.979207, 7.062163, 1523432505708.7434
3.386472, 13.979358, 7.064848, 1523432505792.1909
3.390786, 13.981387, 7.066782, 1523432505875.7302
3.390694, 13.980112, 7.060238, 1523432505959.4543
3.376479, 13.979073, 7.070929, 1523432506043.5007
3.348856, 13.968258, 7.070273, 1523432506127.9158
3.328243, 13.952066, 7.071692, 1523432506212.5146
3.322738, 13.95561, 7.070602, 1523432506297.0217
3.309565, 13.946157, 7.065721, 1523432506381.5288
3.302407, 13.935868, 7.059358, 1523432506465.7598
3.297718, 13.932868, 7.059482, 1523432506549.7144
3.293714, 13.924528, 7.063559, 1523432506633.3923
3.291125, 13.927195, 7.063254, 1523432506716.7942
3.291883, 13.927594, 7.060741, 1523432506800.0574
3.294631, 13.932878, 7.056023, 1523432506883.0898
3.300265, 13.93211, 7.055895, 1523432506966.0305
3.302015, 13.928942, 7.057349, 1523432507049.0173
3.306597, 13.922765, 7.050611, 1523432507132.0959
3.310817, 13.909239, 7.055761, 1523432507215.4050
3.30598, 13.90027, 7.05883, 1523432507298.9448
3.298058, 13.889208, 7.058764, 1523432507382.7610
3.294864, 13.880153, 7.042282, 1523432507466.8074
3.293233, 13.864015, 7.040446, 1523432507550.9463
3.28733, 13.844397, 7.032627, 1523432507635.1313
3.272523, 13.834071, 7.021835, 1523432507719.2241
3.268128, 13.82612, 7.014339, 1523432507803.0862
3.259788, 13.822202, 7.013109, 1523432507886.4417
3.251276, 13.823751, 7.015761, 1523432507969.4285
3.225129, 13.828511, 7.018321, 1523432508052.1389
3.196279, 13.847503, 7.018286, 1523432508134.5730
3.165414, 13.859362, 7.025146, 1523432508216.6841
3.134478, 13.868557, 7.024309, 1523432508298.3804
3.097753, 13.879747, 7.024288, 1523432508380.0769
3.058174, 13.894926, 7.024347, 1523432508461.7732
3.024641, 13.910022, 7.01589, 1523432508543.5618
2.990805, 13.917422, 7.01474, 1523432508625.4883
2.96279, 13.925911, 7.010127, 1523432508707.6914
2.932798, 13.92362, 7.000799, 1523432508790.1714
2.908609, 13.921195, 7.002907, 1523432508873.0657
2.894768, 13.917661, 7.011262, 1523432508956.2368
2.884931, 13.920969, 7.006091, 1523432509039.7305
2.869122, 13.911993, 7.00106, 1523432509123.3625
2.849643, 13.911123, 6.991434, 1523432509206.9941
2.826398, 13.899766, 6.993114, 1523432509290.6260
2.804147, 13.891428, 6.988603, 1523432509374.1196
2.781616, 13.870934, 6.975242, 1523432509457.3367
2.750673, 13.839355, 6.971929, 1523432509540.4614
2.716384, 13.812252, 6.961205, 1523432509623.6326
2.672607, 13.773948, 6.95813, 1523432509706.8958
2.621461, 13.729168, 6.951997, 1523432509790.3433
2.575954, 13.668356, 6.957901, 1523432509873.7908
2.549412, 13.607392, 6.965446, 1523432509957.1001
2.508197, 13.534953, 6.973117, 1523432510040.4556
2.460867, 13.482084, 7.013794, 1523432510124.1794
2.423201, 13.442652, 7.061721, 1523432510207.9956
2.400024, 13.429202, 7.115744, 1523432510291.9038
2.370093, 13.432607, 7.162197, 1523432510376.0425
2.34113, 13.430487, 7.174182, 1523432510460.0891
2.305806, 13.425264, 7.178537, 1523432510543.9973
2.26567, 13.399769, 7.186899, 1523432510627.6292
2.216429, 13.375277, 7.20015, 1523432510710.8467
2.174232, 13.357709, 7.228, 1523432510793.6028
2.129493, 13.32614, 7.266444, 1523432510876.0364
2.103032, 13.307564, 7.307127, 1523432510958.4241
2.084297, 13.27894, 7.327241, 1523432511040.6736
2.076182, 13.241416, 7.338689, 1523432511122.8767
2.053902, 13.202057, 7.332716, 1523432511205.2646
2.028557, 13.156562, 7.331136, 1523432511287.9285
2.005202, 13.101705, 7.345774, 1523432511370.9153
1.978419, 13.045721, 7.365459, 1523432511454.4546
1.935533, 12.990285, 7.40195, 1523432511538.6853
1.904927, 12.954384, 7.452405, 1523432511623.0083
1.891874, 12.924519, 7.497717, 1523432511707.1929
1.86708, 12.912962, 7.523483, 1523432511791.1934
1.838759, 12.881297, 7.523163, 1523432511874.9172
1.794095, 12.827247, 7.52284, 1523432511958.5027
1.755798, 12.786547, 7.517841, 1523432512041.9502
1.705391, 12.738109, 7.51244, 1523432512125.0291
1.647078, 12.684216, 7.523641, 1523432512207.9233
1.593288, 12.633449, 7.556917, 1523432512290.6794
1.561339, 12.598321, 7.601958, 1523432512373.2515
1.544107, 12.563388, 7.638627, 1523432512455.7773
1.544337, 12.530668, 7.665307, 1523432512538.4412
1.551287, 12.497098, 7.676057, 1523432512621.1052
1.557078, 12.461828, 7.689141, 1523432512703.9998
1.561507, 12.416759, 7.678254, 1523432512787.1245
1.570742, 12.364635, 7.667799, 1523432512870.3877
1.57404, 12.298586, 7.667599, 1523432512953.8352
1.578472, 12.220578, 7.670823, 1523432513037.5591
1.567956, 12.146348, 7.67899, 1523432513121.6521
1.563941, 12.084882, 7.687089, 1523432513205.6987
1.553758, 12.030412, 7.704046, 1523432513289.6072
1.550362, 11.974517, 7.6976, 1523432513373.3313
1.523259, 11.88711, 7.695649, 1523432513456.7327
1.506191, 11.810864, 7.695284, 1523432513540.0420
1.480157, 11.742737, 7.711004, 1523432513623.3054
1.457382, 11.684299, 7.744667, 1523432513706.3379
1.435615, 11.627939, 7.777917, 1523432513789.3708
1.410799, 11.568762, 7.807966, 1523432513872.3574
1.40667, 11.535105, 7.834621, 1523432513955.4360
1.4018, 11.497638, 7.847797, 1523432514038.6992
1.401148, 11.45003, 7.849794, 1523432514122.0549
1.405022, 11.393388, 7.85184, 1523432514205.4563
1.406951, 11.33355, 7.86407, 1523432514288.9961
1.422821, 11.270338, 7.891277, 1523432514372.8586
1.427407, 11.197066, 7.934793, 1523432514457.1355
1.440541, 11.160293, 7.977108, 1523432514541.2744
1.450879, 11.133955, 8.016733, 1523432514625.1829
1.447983, 11.128668, 8.037704, 1523432514708.8149
1.445302, 11.105522, 8.048385, 1523432514792.0320
1.435136, 11.065026, 8.051966, 1523432514874.9727
1.425747, 11.012013, 8.050234, 1523432514957.7751
1.417114, 10.945691, 8.055623, 1523432515040.4851
1.402438, 10.882668, 8.08149, 1523432515123.1951
1.396185, 10.825504, 8.109689, 1523432515205.6748
1.381313, 10.774433, 8.146308, 1523432515288.3853
1.375654, 10.741426, 8.182096, 1523432515371.0952
1.380845, 10.714882, 8.202568, 1523432515453.8975
1.382728, 10.679357, 8.206152, 1523432515536.8843
1.387368, 10.627384, 8.208785, 1523432515619.9167
1.39273, 10.565644, 8.212276, 1523432515703.0415
1.401763, 10.506107, 8.236175, 1523432515786.3049
1.408973, 10.445978, 8.268002, 1523432515870.0288
1.411914, 10.387192, 8.308686, 1523432515954.0288
1.412345, 10.341373, 8.359015, 1523432516037.9370
1.407198, 10.322394, 8.398322, 1523432516121.6609
1.398195, 10.302243, 8.424201, 1523432516205.2463
1.381223, 10.272607, 8.424983, 1523432516288.6475
1.366972, 10.237343, 8.426853, 1523432516371.8643
1.357128, 10.18741, 8.436989, 1523432516454.8049
1.340758, 10.131951, 8.45758, 1523432516537.4690
1.327848, 10.080791, 8.49046, 1523432516619.7644
1.314483, 10.03667, 8.523511, 1523432516702.1523
1.316697, 10.009336, 8.564213, 1523432516784.4019
1.327947, 9.983923, 8.588591, 1523432516866.8816
1.336598, 9.962515, 8.588239, 1523432516949.7300
1.352235, 9.908243, 8.58297, 1523432517032.7629
1.365423, 9.860312, 8.584714, 1523432517116.0720
1.385558, 9.806756, 8.584481, 1523432517199.5195
1.412045, 9.740339, 8.586054, 1523432517283.1514
1.433878, 9.662816, 8.622491, 1523432517367.1516
1.444671, 9.597006, 8.658109, 1523432517451.3823
1.455863, 9.556508, 8.712633, 1523432517535.6133
1.46424, 9.534413, 8.760998, 1523432517619.6597
1.46974, 9.512302, 8.790867, 1523432517703.3376
1.475289, 9.479441, 8.790144, 1523432517786.6931
1.483329, 9.432456, 8.793521, 1523432517869.7261
1.494243, 9.375398, 8.797099, 1523432517952.4822
1.492442, 9.311296, 8.804675, 1523432518035.2385
1.492889, 9.246429, 8.835433, 1523432518117.8567
1.492387, 9.192532, 8.874356, 1523432518200.5208
1.495233, 9.153554, 8.915209, 1523432518283.3694
1.507209, 9.127912, 8.949197, 1523432518366.3103
1.531222, 9.100866, 8.969034, 1523432518449.2971
1.561675, 9.07294, 8.978015, 1523432518532.2378
1.590165, 9.038938, 8.974671, 1523432518615.3628
1.627294, 9.006853, 8.974895, 1523432518698.6721
1.664092, 8.96459, 8.973068, 1523432518781.9812
1.719324, 8.914884, 8.966795, 1523432518865.2444
1.7683, 8.845067, 8.973276, 1523432518948.8762
1.803015, 8.778145, 8.98365, 1523432519032.8308
1.834286, 8.717143, 8.984481, 1523432519116.7393
1.859142, 8.666016, 8.993033, 1523432519200.6013
1.881828, 8.607852, 8.98786, 1523432519284.2793
1.908305, 8.548048, 8.991277, 1523432519367.6809
1.935972, 8.486783, 8.984357, 1523432519450.8982
1.967887, 8.419938, 8.994984, 1523432519533.8848
1.985828, 8.356026, 9.015233, 1523432519616.9177
2.010502, 8.291858, 9.044907, 1523432519699.9045
2.029378, 8.238042, 9.083494, 1523432519782.9375
2.060508, 8.204887, 9.120546, 1523432519865.9246
2.089466, 8.190798, 9.143257, 1523432519948.9114
2.126447, 8.176482, 9.152338, 1523432520032.0364
2.169132, 8.149812, 9.148489, 1523432520115.2537
2.21144, 8.114112, 9.147613, 1523432520198.6550
2.264221, 8.073687, 9.146029, 1523432520282.1948
2.316073, 8.040279, 9.173165, 1523432520365.8728
2.363749, 8.007067, 9.203046, 1523432520449.8733
2.400756, 7.983733, 9.250653, 1523432520534.0122
2.427422, 7.957532, 9.29239, 1523432520618.1047
2.439759, 7.936203, 9.325789, 1523432520701.9670
2.45225, 7.911578, 9.350384, 1523432520785.5530
2.470871, 7.886431, 9.353416, 1523432520868.7241
2.497227, 7.853878, 9.358959, 1523432520951.5728
2.529738, 7.820786, 9.359271, 1523432521034.2368
2.553506, 7.775846, 9.374851, 1523432521117.0396
2.578914, 7.736368, 9.396366, 1523432521199.6118
2.606941, 7.696009, 9.43141, 1523432521282.1836
2.620614, 7.671798, 9.473807, 1523432521364.8018
2.639469, 7.663416, 9.508688, 1523432521447.4658
2.672724, 7.656107, 9.521826, 1523432521530.2222
2.708893, 7.642562, 9.521182, 1523432521613.0708
2.741652, 7.624009, 9.523155, 1523432521696.0115
2.7759, 7.604748, 9.524386, 1523432521779.1826
2.823037, 7.570742, 9.524478, 1523432521862.6760
2.87116, 7.54367, 9.540779, 1523432521946.3999
2.918538, 7.514003, 9.568865, 1523432522030.4927
2.949749, 7.485735, 9.60795, 1523432522114.6775
2.96837, 7.470262, 9.660563, 1523432522198.6780
2.976316, 7.460551, 9.705478, 1523432522282.4944
2.974077, 7.442309, 9.725407, 1523432522366.2180
2.975749, 7.429644, 9.730474, 1523432522449.8040
2.990997, 7.406584, 9.72574, 1523432522533.2056
3.011575, 7.370193, 9.724496, 1523432522616.3306
3.033381, 7.335415, 9.729017, 1523432522699.2253
3.057971, 7.281734, 9.728026, 1523432522781.9817
3.0937, 7.231577, 9.737909, 1523432522864.6462
3.137058, 7.191443, 9.744954, 1523432522947.1721
3.180082, 7.152932, 9.744832, 1523432523029.8823
3.208964, 7.119633, 9.755991, 1523432523112.8232
3.253249, 7.091805, 9.761262, 1523432523195.8560
3.305846, 7.075216, 9.744658, 1523432523278.9348
3.367027, 7.050931, 9.739852, 1523432523362.1057
3.429852, 7.028385, 9.729047, 1523432523445.3232
3.500405, 7.0106, 9.727986, 1523432523528.6326
3.566941, 6.970222, 9.730926, 1523432523612.2644
3.621334, 6.922594, 9.729741, 1523432523695.9426
3.690238, 6.880115, 9.720393, 1523432523779.2981
3.740908, 6.836179, 9.727684, 1523432523862.7000
3.785819, 6.799152, 9.722159, 1523432523945.9631
3.840228, 6.767915, 9.722096, 1523432524028.9038
3.892797, 6.72919, 9.711493, 1523432524111.6604
3.945419, 6.685358, 9.731855, 1523432524194.4626
3.994329, 6.644515, 9.731579, 1523432524277.2190
4.046586, 6.614177, 9.735942, 1523432524360.0217
4.094611, 6.581755, 9.746989, 1523432524443.1008
4.14867, 6.557807, 9.753082, 1523432524526.2720
4.208668, 6.53225, 9.746647, 1523432524609.6736
4.271027, 6.511568, 9.741901, 1523432524693.1213
4.340088, 6.496315, 9.731378, 1523432524776.6609
4.417688, 6.490868, 9.733435, 1523432524860.2468
4.492823, 6.472732, 9.740476, 1523432524944.0630
4.568105, 6.448995, 9.737256, 1523432525027.7412
4.636463, 6.451984, 9.737034, 1523432525110.9126
4.690918, 6.440932, 9.733603, 1523432525193.9458
4.753821, 6.438243, 9.735214, 1523432525276.5642
4.817285, 6.428081, 9.732415, 1523432525359.0903
4.880649, 6.418231, 9.73325, 1523432525441.8010
4.936962, 6.411844, 9.731582, 1523432525524.5576
5.009329, 6.416148, 9.731502, 1523432525607.4065
5.074907, 6.424339, 9.726313, 1523432525690.5320
5.127541, 6.435931, 9.72651, 1523432525773.7957
5.197526, 6.458363, 9.712857, 1523432525857.2893
5.272312, 6.476188, 9.717285, 1523432525941.0596
5.340175, 6.508, 9.714065, 1523432526024.9216
5.404429, 6.536388, 9.717154, 1523432526109.0603
5.47372, 6.567182, 9.738767, 1523432526193.1992
5.545671, 6.580505, 9.749053, 1523432526277.4763
5.618042, 6.605445, 9.75092, 1523432526361.4309
5.684838, 6.627603, 9.745625, 1523432526445.2471
5.747662, 6.634049, 9.742338, 1523432526528.6948
5.822018, 6.64382, 9.739241, 1523432526611.8660
5.884902, 6.644118, 9.730517, 1523432526694.8528
5.95318, 6.645773, 9.742043, 1523432526777.7476
6.004896, 6.643748, 9.743886, 1523432526860.4578
6.076063, 6.64853, 9.74463, 1523432526943.0762
6.143266, 6.678509, 9.740016, 1523432527025.6946
6.209142, 6.686757, 9.757726, 1523432527108.4050
6.285478, 6.704555, 9.766067, 1523432527191.2998
6.364176, 6.718984, 9.748074, 1523432527274.3787
6.44155, 6.74053, 9.736281, 1523432527357.5037
6.51712, 6.764758, 9.720117, 1523432527440.8132
6.593612, 6.788553, 9.748239, 1523432527524.4451
6.668273, 6.801186, 9.749681, 1523432527608.3997
6.749399, 6.812172, 9.761296, 1523432527691.9856
6.814204, 6.82378, 9.76055, 1523432527775.4792
6.885166, 6.822582, 9.759057, 1523432527858.6501
6.952021, 6.827258, 9.755265, 1523432527941.6370
7.034723, 6.818754, 9.735225, 1523432528024.6699
7.117448, 6.80967, 9.735352, 1523432528107.6108
7.188897, 6.798734, 9.741912, 1523432528190.4595
7.261818, 6.795603, 9.754563, 1523432528273.2158
7.347881, 6.783514, 9.760843, 1523432528356.2944
7.423399, 6.773264, 9.76327, 1523432528439.4656
7.503916, 6.789811, 9.75081, 1523432528522.8208
7.585372, 6.790865, 9.736796, 1523432528606.3608
7.664356, 6.807918, 9.730453, 1523432528689.8547
7.743816, 6.81979, 9.735446, 1523432528773.6248
7.820671, 6.82583, 9.746119, 1523432528857.5791
7.91147, 6.824018, 9.743361, 1523432528941.4875
7.997658, 6.828049, 9.759216, 1523432529025.1194
8.069142, 6.824353, 9.754682, 1523432529108.5208
8.147353, 6.820767, 9.753253, 1523432529191.5535
8.222381, 6.820206, 9.743975, 1523432529274.3562
8.296523, 6.810983, 9.743051, 1523432529356.9744
8.363299, 6.801156, 9.747934, 1523432529439.5464
8.433922, 6.803048, 9.76304, 1523432529521.9802
8.509424, 6.803389, 9.757048, 1523432529604.6443
8.589674, 6.794034, 9.758389, 1523432529687.6772
8.658257, 6.804706, 9.756587, 1523432529770.7561
8.737116, 6.80659, 9.746026, 1523432529854.1580
8.817955, 6.812162, 9.73228, 1523432529937.6975
8.896438, 6.830554, 9.730235, 1523432530021.3293
8.984546, 6.836944, 9.745674, 1523432530105.2837
9.072324, 6.845028, 9.744637, 1523432530189.2842
9.151518, 6.845851, 9.74515, 1523432530272.9158
9.22811, 6.849535, 9.754981, 1523432530356.3633
9.288817, 6.842737, 9.749133, 1523432530439.5803
9.364824, 6.843806, 9.747358, 1523432530522.5210
9.434088, 6.828227, 9.724113, 1523432530605.4158
9.511698, 6.818184, 9.748503, 1523432530688.2644
9.585276, 6.800808, 9.749763, 1523432530771.1130
9.653996, 6.797664, 9.75194, 1523432530853.8232
9.73235, 6.792716, 9.744854, 1523432530936.8101
9.804433, 6.782167, 9.755772, 1523432531020.0273
9.875017, 6.796141, 9.753545, 1523432531103.3364
9.951864, 6.795352, 9.747111, 1523432531186.8762
10.041683, 6.803897, 9.740531, 1523432531270.4160
10.116527, 6.803195, 9.747663, 1523432531354.1399
10.194797, 6.797462, 9.75598, 1523432531438.1404
10.273954, 6.784777, 9.768608, 1523432531522.2334
10.350594, 6.782574, 9.772005, 1523432531605.9573
10.41373, 6.77455, 9.775927, 1523432531689.4973
10.478932, 6.76352, 9.775492, 1523432531772.7605
10.543226, 6.748526, 9.764014, 1523432531855.8857
10.618277, 6.729877, 9.754272, 1523432531938.9646
10.687159, 6.70777, 9.761832, 1523432532021.9976
10.757949, 6.686296, 9.765993, 1523432532104.9846
10.822641, 6.666158, 9.761925, 1523432532188.1558
10.897348, 6.645631, 9.771461, 1523432532271.2808
10.97235, 6.638115, 9.771717, 1523432532354.4517
11.043607, 6.618044, 9.76164, 1523432532437.9915
11.125722, 6.610523, 9.748074, 1523432532521.4392
11.197703, 6.59803, 9.744067, 1523432532605.0251
11.278882, 6.580075, 9.754999, 1523432532688.6570
11.345604, 6.548968, 9.757739, 1523432532772.5193
11.429092, 6.506566, 9.762833, 1523432532856.3352
11.504869, 6.47783, 9.747795, 1523432532940.0129
11.565662, 6.434407, 9.755181, 1523432533023.5527
11.629162, 6.399704, 9.742929, 1523432533106.5393
11.689187, 6.349164, 9.736468, 1523432533189.4343
11.741847, 6.291883, 9.745812, 1523432533272.0986
11.790538, 6.22825, 9.753471, 1523432533354.6245
11.848736, 6.179193, 9.755311, 1523432533437.1968
11.894448, 6.127485, 9.769046, 1523432533519.9993
11.953412, 6.076111, 9.763096, 1523432533602.8477
12.007051, 6.02082, 9.752117, 1523432533685.9727
12.066622, 5.971544, 9.748918, 1523432533769.0977
12.122799, 5.924605, 9.745455, 1523432533852.2688
12.185114, 5.871564, 9.750722, 1523432533935.5781
12.24781, 5.816056, 9.76688, 1523432534019.0256
12.288129, 5.739088, 9.743536, 1523432534102.5657
12.350221, 5.681859, 9.74568, 1523432534185.6445
12.3939, 5.613041, 9.750031, 1523432534268.5393
12.437785, 5.554048, 9.743253, 1523432534351.2036
12.469195, 5.480721, 9.747672, 1523432534434.0522
12.494747, 5.396168, 9.735043, 1523432534517.0388
12.51544, 5.307379, 9.732236, 1523432534599.9795
12.550644, 5.230028, 9.740936, 1523432534683.0586
12.563079, 5.151917, 9.744486, 1523432534766.5522
12.58121, 5.07722, 9.751485, 1523432534849.9998
12.603493, 5.007478, 9.746189, 1523432534933.5857
12.622805, 4.928708, 9.731848, 1523432535017.2637
12.651625, 4.853569, 9.719075, 1523432535100.7576
12.681757, 4.773086, 9.718497, 1523432535184.3433
12.6814, 4.68394, 9.737431, 1523432535268.2976
12.674289, 4.593357, 9.731567, 1523432535352.3440
12.683471, 4.506695, 9.735359, 1523432535435.9761
12.671161, 4.427078, 9.732592, 1523432535519.4700
12.655181, 4.355602, 9.730927, 1523432535602.5027
12.641746, 4.282624, 9.718878, 1523432535685.3049
12.614318, 4.212987, 9.722134, 1523432535767.9695
12.589556, 4.151343, 9.734305, 1523432535850.4033
12.547815, 4.079839, 9.730856, 1523432535933.1140
12.520372, 4.01713, 9.749121, 1523432536016.2388
12.501579, 3.952405, 9.7541, 1523432536099.2258
12.481145, 3.877163, 9.731274, 1523432536182.4431
12.442896, 3.791709, 9.724401, 1523432536265.7986
12.421344, 3.691477, 9.707894, 1523432536349.0620
12.391823, 3.600849, 9.710135, 1523432536432.3713
12.355544, 3.520848, 9.713757, 1523432536515.9570
12.295454, 3.450874, 9.715183, 1523432536599.9114
12.248556, 3.373533, 9.733745, 1523432536683.4973
12.1915, 3.316497, 9.721982, 1523432536766.8987
12.129846, 3.241599, 9.727341, 1523432536849.9316
12.071647, 3.198954, 9.716311, 1523432536932.8264
12.010278, 3.13981, 9.709508, 1523432537015.6750
11.957119, 3.083691, 9.713387, 1523432537098.1550
11.897314, 3.040815, 9.729339, 1523432537180.5889
11.813673, 3.005403, 9.730416, 1523432537263.6680
11.755795, 2.973232, 9.728683, 1523432537346.9775
11.697311, 2.925705, 9.739783, 1523432537430.3789
11.62413, 2.873381, 9.722548, 1523432537513.7344
11.55549, 2.811692, 9.695867, 1523432537596.9514
11.486044, 2.763672, 9.710351, 1523432537680.2148
11.420288, 2.715277, 9.70361, 1523432537763.6626
11.344142, 2.671681, 9.721557, 1523432537847.3406
11.27233, 2.615638, 9.72014, 1523432537930.7419
11.206945, 2.58545, 9.715124, 1523432538014.0515
11.128036, 2.559344, 9.71643, 1523432538097.0845
11.046473, 2.534054, 9.707974, 1523432538180.0254
10.967065, 2.527035, 9.696033, 1523432538262.8740
10.869308, 2.517961, 9.710038, 1523432538345.6306
10.792521, 2.50124, 9.719953, 1523432538428.3870
10.714294, 2.483551, 9.716512, 1523432538511.3274
10.631411, 2.462722, 9.725529, 1523432538594.4988
10.549733, 2.430316, 9.724075, 1523432538677.6240
10.462144, 2.408885, 9.700355, 1523432538760.9333
10.385967, 2.38104, 9.694223, 1523432538844.2886
10.28473, 2.350518, 9.677934, 1523432538927.8284
10.217053, 2.319214, 9.700931, 1523432539011.5989
10.143535, 2.30274, 9.709875, 1523432539095.6458
10.069182, 2.296548, 9.697093, 1523432539179.4158
9.985032, 2.284992, 9.702138, 1523432539263.0479
9.91256, 2.283052, 9.713304, 1523432539346.4492
9.828552, 2.268878, 9.690837, 1523432539429.4822
9.744197, 2.267297, 9.681841, 1523432539512.4231
9.687039, 2.265097, 9.693148, 1523432539595.1335
9.614569, 2.268538, 9.706721, 1523432539677.7517
9.534354, 2.264565, 9.702569, 1523432539760.6462
9.459105, 2.2564, 9.710436, 1523432539843.7717
9.388062, 2.241922, 9.721755, 1523432539927.0352
9.320676, 2.225509, 9.714311, 1523432540010.3442
9.249262, 2.207312, 9.700828, 1523432540093.7000
9.163544, 2.183152, 9.695073, 1523432540177.0554
9.079903, 2.15525, 9.698561, 1523432540260.6875
9.000484, 2.159348, 9.688282, 1523432540344.5959
8.93958, 2.12193, 9.715729, 1523432540428.2742
8.857785, 2.120295, 9.695168, 1523432540511.7219
8.776361, 2.115611, 9.703138, 1523432540594.8008
8.699291, 2.097956, 9.706113, 1523432540677.6492
8.633095, 2.090719, 9.690838, 1523432540760.3594
8.568536, 2.081969, 9.691987, 1523432540842.8394
8.507518, 2.065853, 9.716355, 1523432540925.3196
8.427342, 2.048195, 9.711813, 1523432541008.1682
8.339985, 2.023624, 9.703541, 1523432541091.2935
8.254409, 1.995511, 9.695734, 1523432541174.5569
8.179677, 1.972103, 9.681524, 1523432541258.1887
8.098279, 1.947855, 9.67989, 1523432541341.9131
8.020353, 1.913608, 9.668531, 1523432541425.8218
7.947194, 1.88802, 9.676929, 1523432541510.0066
7.868396, 1.867737, 9.691881, 1523432541594.2380
7.787423, 1.852428, 9.691518, 1523432541678.2385
7.7121, 1.829967, 9.700077, 1523432541761.8704
7.637009, 1.822671, 9.708049, 1523432541845.3645
7.549369, 1.801231, 9.679482, 1523432541928.5359
7.465004, 1.784069, 9.678473, 1523432542011.6150
7.39191, 1.777305, 9.668185, 1523432542094.3716
7.326675, 1.765025, 9.694054, 1523432542176.9441
7.256529, 1.74873, 9.690675, 1523432542259.7468
7.171301, 1.733141, 9.68639, 1523432542343.0103
7.090722, 1.704575, 9.693175, 1523432542426.4119
7.012878, 1.684044, 9.673898, 1523432542509.9978
6.927361, 1.653893, 9.667139, 1523432542593.5835
6.846879, 1.624515, 9.666883, 1523432542677.3079
6.769416, 1.593099, 9.677311, 1523432542761.1238
6.694956, 1.582583, 9.678139, 1523432542845.0322
6.614752, 1.574234, 9.678066, 1523432542928.6182
6.535583, 1.567799, 9.695753, 1523432543012.0657
6.474665, 1.568321, 9.704951, 1523432543095.4670
6.407515, 1.577212, 9.67659, 1523432543178.6843
6.333393, 1.592339, 9.666606, 1523432543261.8098
6.24922, 1.609598, 9.672504, 1523432543344.7507
6.182289, 1.64124, 9.680296, 1523432543427.4612
6.105467, 1.656888, 9.69799, 1523432543510.2178
6.046257, 1.678466, 9.707869, 1523432543593.2969
5.981236, 1.692759, 9.715231, 1523432543676.3301
5.908802, 1.702821, 9.707746, 1523432543759.4553
5.829005, 1.714017, 9.689522, 1523432543842.5806
5.74431, 1.716936, 9.678317, 1523432543925.7056
5.673366, 1.733949, 9.691405, 1523432544009.0610
5.603344, 1.756052, 9.692072, 1523432544092.5549
5.524437, 1.787266, 9.71031, 1523432544176.0029
5.439305, 1.807242, 9.705426, 1523432544259.1741
5.373254, 1.84299, 9.705271, 1523432544342.3452
5.304484, 1.877372, 9.70596, 1523432544425.3320
5.242497, 1.912666, 9.69686, 1523432544508.3652
5.184737, 1.958786, 9.668673, 1523432544591.3979
5.137656, 2.005041, 9.681757, 1523432544674.3848
5.081714, 2.056073, 9.688061, 1523432544757.4177
5.007584, 2.100384, 9.691101, 1523432544840.5891
4.972029, 2.152226, 9.710705, 1523432544924.0830
4.89859, 2.202417, 9.714142, 1523432545007.5767
4.84234, 2.2549, 9.700835, 1523432545091.2087
4.78465, 2.312001, 9.694433, 1523432545174.8408
4.719514, 2.365158, 9.700588, 1523432545258.6111
4.670896, 2.422046, 9.702955, 1523432545342.4272
4.627425, 2.491628, 9.704608, 1523432545426.4739
4.584642, 2.55998, 9.704217, 1523432545510.2441
4.533326, 2.629384, 9.700056, 1523432545593.7380
4.5075, 2.704106, 9.701593, 1523432545677.0933
4.476838, 2.769774, 9.708182, 1523432545760.0801
4.44931, 2.84759, 9.694862, 1523432545842.8362
4.436593, 2.936359, 9.693348, 1523432545925.4084
4.425765, 3.012944, 9.708958, 1523432546007.7505
4.402402, 3.100537, 9.699813, 1523432546090.0000
4.390162, 3.176821, 9.708088, 1523432546172.5261
4.364884, 3.249809, 9.719357, 1523432546255.2366
4.347873, 3.327164, 9.710276, 1523432546338.2695
4.327066, 3.403253, 9.700404, 1523432546421.5330
4.303067, 3.486343, 9.691968, 1523432546504.8887
4.279239, 3.561839, 9.701711, 1523432546588.4746
4.265683, 3.654279, 9.714956, 1523432546672.2449
4.252423, 3.758828, 9.714839, 1523432546755.9688
4.229208, 3.846932, 9.724765, 1523432546839.3240
4.22058, 3.918133, 9.735039, 1523432546922.6794
4.220272, 3.995585, 9.730405, 1523432547005.6663
4.217577, 4.096733, 9.704785, 1523432547088.6995
4.24747, 4.164503, 9.701016, 1523432547171.6863
4.268468, 4.226905, 9.714602, 1523432547254.6274
4.2813, 4.315039, 9.710958, 1523432547337.5684
4.297482, 4.397531, 9.722074, 1523432547420.7856
4.304389, 4.475827, 9.728124, 1523432547504.0488
4.303371, 4.554368, 9.719666, 1523432547587.4504
4.315996, 4.628267, 9.711355, 1523432547670.9902
4.312137, 4.708261, 9.708151, 1523432547754.4377
4.319616, 4.774806, 9.718997, 1523432547838.3000
4.342741, 4.837543, 9.729321, 1523432547922.3008
4.357392, 4.938159, 9.729577, 1523432548005.9790
4.372421, 5.033981, 9.739305, 1523432548089.4270
4.399837, 5.105655, 9.735162, 1523432548172.5061
4.423534, 5.171681, 9.724875, 1523432548255.3088
4.456512, 5.238287, 9.726652, 1523432548338.1116
4.501085, 5.303426, 9.729149, 1523432548420.9143
4.525925, 5.349472, 9.740675, 1523432548503.6709
4.552552, 5.411751, 9.742932, 1523432548586.5657
4.593516, 5.462548, 9.738028, 1523432548669.8752
4.620511, 5.510733, 9.760725, 1523432548753.2307
4.635819, 5.561567, 9.757767, 1523432548836.6785
4.663395, 5.616063, 9.743613, 1523432548920.3105
4.684082, 5.67204, 9.746237, 1523432549003.9421
4.706203, 5.727406, 9.750904, 1523432549087.5740
4.729814, 5.787418, 9.752285, 1523432549171.2063
4.76316, 5.838065, 9.735135, 1523432549254.7458
4.799254, 5.910858, 9.735999, 1523432549337.9167
4.828026, 5.95755, 9.746964, 1523432549420.9041
4.871744, 5.994745, 9.746916, 1523432549503.8909
4.909775, 6.030037, 9.743506, 1523432549586.9238
4.957156, 6.064761, 9.733076, 1523432549669.9111
4.999958, 6.098683, 9.735953, 1523432549752.6677
5.039221, 6.134768, 9.745937, 1523432549835.3782
5.080518, 6.150635, 9.734447, 1523432549918.4573
5.118418, 6.169861, 9.747135, 1523432550001.6746
5.158172, 6.198996, 9.745107, 1523432550084.8918
5.201693, 6.238295, 9.735855, 1523432550168.1091
5.232729, 6.284242, 9.731009, 1523432550251.2344
5.266989, 6.330065, 9.743484, 1523432550334.5901
5.308194, 6.357745, 9.709044, 1523432550418.0840
5.353828, 6.395557, 9.71617, 1523432550501.4856
5.392564, 6.443836, 9.726064, 1523432550584.6108
5.442257, 6.48215, 9.741507, 1523432550667.5518
5.497898, 6.514062, 9.726662, 1523432550750.6309
5.565793, 6.541647, 9.713208, 1523432550833.8018
5.632063, 6.56708, 9.715909, 1523432550917.0652
5.704178, 6.580647, 9.71432, 1523432551000.3745
5.778325, 6.594573, 9.732068, 1523432551083.6838
5.853669, 6.611436, 9.718973, 1523432551166.9934
5.926015, 6.624889, 9.720558, 1523432551250.4412
5.982907, 6.650415, 9.743078, 1523432551333.8889
6.058929, 6.672975, 9.734454, 1523432551417.4746
6.136034, 6.701327, 9.720364, 1523432551501.1067
6.203357, 6.729494, 9.709309, 1523432551584.7388
6.277193, 6.76375, 9.728678, 1523432551668.3245
6.365364, 6.784028, 9.727267, 1523432551752.3250
6.447972, 6.79174, 9.742752, 1523432551836.2334
6.522315, 6.817182, 9.745303, 1523432551919.7271
6.583111, 6.81306, 9.753002, 1523432552003.2205
6.648911, 6.81672, 9.749007, 1523432552086.1611
6.721591, 6.820254, 9.738969, 1523432552168.9177
6.795731, 6.812546, 9.736575, 1523432552251.5818
6.858077, 6.811619, 9.742213, 1523432552333.9697
6.917368, 6.815562, 9.759323, 1523432552416.2654
6.990951, 6.808524, 9.751761, 1523432552499.0220
7.056864, 6.80766, 9.761917, 1523432552581.9631
7.119214, 6.822539, 9.758249, 1523432552664.9961
7.188928, 6.826177, 9.742642, 1523432552748.1216
7.270824, 6.832084, 9.7361, 1523432552831.3391
7.352232, 6.839217, 9.738061, 1523432552914.6487
7.42119, 6.853795, 9.737862, 1523432552998.1426
7.503469, 6.841925, 9.740435, 1523432553081.8669
7.584906, 6.834076, 9.748439, 1523432553165.5452
7.655371, 6.836715, 9.756064, 1523432553249.0852
7.724887, 6.831397, 9.764296, 1523432553332.6250
7.797303, 6.828153, 9.752156, 1523432553415.8882
7.881183, 6.825872, 9.744854, 1523432553498.9675
7.961801, 6.817636, 9.744297, 1523432553581.8623
8.034966, 6.818151, 9.742297, 1523432553664.5728
8.109653, 6.820962, 9.746541, 1523432553747.1909
8.185491, 6.811467, 9.75534, 1523432553830.1318
8.255947, 6.808232, 9.76717, 1523432553913.3032
8.338643, 6.818688, 9.760302, 1523432553996.5667
8.426474, 6.826187, 9.75076, 1523432554079.8762
8.514831, 6.835883, 9.736387, 1523432554163.1860
8.605087, 6.84547, 9.733835, 1523432554246.6797
8.693208, 6.852827, 9.740075, 1523432554330.5422
8.791619, 6.835754, 9.742584, 1523432554414.6814
8.881808, 6.836657, 9.752878, 1523432554498.4517
8.971744, 6.833447, 9.747866, 1523432554582.1299
9.052078, 6.82397, 9.743086, 1523432554665.3931
9.14054, 6.819307, 9.740379, 1523432554748.4260
9.210644, 6.803055, 9.737404, 1523432554831.4592
9.277809, 6.794337, 9.745054, 1523432554914.2158
9.358935, 6.79321, 9.747425, 1523432554996.8804
9.435942, 6.787091, 9.7453, 1523432555079.7754
9.518146, 6.778328, 9.759895, 1523432555162.7163
9.593787, 6.789274, 9.758981, 1523432555245.7495
9.677271, 6.79156, 9.743324, 1523432555329.0591
9.757966, 6.800699, 9.735519, 1523432555412.4148
9.840326, 6.810159, 9.744569, 1523432555496.0469
9.925707, 6.816223, 9.752117, 1523432555579.8174
10.015039, 6.811292, 9.751679, 1523432555663.5876
10.102206, 6.824689, 9.757468, 1523432555746.9893
10.178678, 6.827697, 9.764539, 1523432555830.2529
10.252766, 6.831036, 9.757731, 1523432555913.1941
10.325949, 6.833317, 9.744749, 1523432555996.1350
10.404755, 6.826419, 9.744245, 1523432556079.0300
10.466416, 6.821764, 9.753056, 1523432556161.7405
10.542669, 6.828126, 9.762057, 1523432556244.3127
10.623907, 6.82492, 9.753191, 1523432556327.3459
10.703668, 6.810398, 9.762739, 1523432556410.7478
10.779773, 6.823751, 9.758034, 1523432556494.0571
10.853921, 6.833683, 9.754587, 1523432556577.5051
10.941971, 6.842235, 9.746804, 1523432556660.9070
11.021444, 6.858305, 9.745543, 1523432556744.4006
11.090524, 6.871108, 9.753087, 1523432556828.1250
11.16434, 6.870584, 9.759624, 1523432556912.1719
11.239218, 6.864415, 9.763718, 1523432556996.0342
11.311853, 6.869921, 9.768028, 1523432557079.6663
11.37862, 6.859656, 9.767038, 1523432557162.9299
11.452572, 6.858537, 9.761221, 1523432557245.7788
11.534067, 6.859345, 9.760038, 1523432557328.4893
11.605046, 6.856001, 9.757767, 1523432557411.0613
11.661978, 6.85519, 9.764805, 1523432557493.5413
11.721057, 6.85285, 9.764703, 1523432557576.0674
11.787601, 6.841769, 9.763153, 1523432557659.1003
11.847839, 6.842043, 9.779508, 1523432557742.5020
11.908232, 6.848283, 9.781462, 1523432557825.9956
11.97541, 6.86027, 9.763867, 1523432557909.4895
12.04834, 6.87516, 9.751388, 1523432557993.0293
12.12964, 6.890778, 9.748897, 1523432558076.6150
12.200634, 6.900203, 9.758276, 1523432558160.3855
12.272117, 6.909546, 9.763088, 1523432558244.2017
12.34118, 6.928713, 9.773555, 1523432558327.4651
12.393181, 6.950628, 9.766952, 1523432558410.3596
12.458009, 6.961114, 9.762834, 1523432558493.1624
12.522671, 6.983438, 9.759014, 1523432558575.7805
12.579703, 7.001388, 9.754006, 1523432558658.3528
12.639312, 7.019305, 9.752633, 1523432558741.0635
12.692882, 7.037862, 9.76612, 1523432558823.8201
12.745649, 7.06199, 9.758053, 1523432558906.6228
12.803808, 7.08098, 9.758627, 1523432558989.7019
12.868921, 7.109115, 9.766903, 1523432559072.9656
12.939736, 7.144422, 9.766758, 1523432559156.4136
13.004246, 7.177524, 9.759995, 1523432559240.1375
13.061946, 7.216549, 9.759907, 1523432559323.9539
13.120313, 7.247474, 9.769136, 1523432559408.0930
13.178101, 7.286523, 9.771515, 1523432559492.2317
13.254094, 7.324705, 9.763336, 1523432559576.3708
13.317698, 7.37327, 9.768878, 1523432559660.0950
13.384595, 7.403753, 9.768876, 1523432559743.5891
13.443072, 7.435803, 9.771792, 1523432559826.8064
13.500835, 7.474575, 9.756604, 1523432559909.8394
13.574429, 7.49311, 9.762289, 1523432559992.7344
13.622695, 7.529427, 9.770992, 1523432560075.2607
13.678167, 7.555397, 9.759732, 1523432560157.9712
13.74381, 7.575075, 9.75883, 1523432560241.0964
13.802618, 7.615761, 9.77729, 1523432560324.2681
13.845403, 7.653752, 9.776816, 1523432560407.5317
13.897917, 7.693247, 9.761146, 1523432560490.7490
13.944131, 7.730336, 9.747827, 1523432560574.1973
13.996976, 7.761546, 9.757053, 1523432560657.8755
14.040892, 7.801713, 9.735754, 1523432560741.3694
14.083744, 7.836299, 9.746602, 1523432560824.7712
14.117629, 7.860465, 9.73562, 1523432560907.9885
14.144126, 7.878854, 9.718903, 1523432560991.1135
14.185308, 7.904385, 9.680881, 1523432561074.2849
14.217033, 7.911818, 9.649274, 1523432561157.3640
14.260944, 7.911285, 9.610766, 1523432561240.6274
14.308002, 7.91328, 9.586926, 1523432561324.3516
14.349687, 7.929907, 9.583591, 1523432561408.0759
14.375144, 7.962076, 9.576845, 1523432561491.7080
14.406933, 7.99679, 9.568892, 1523432561575.1558
14.444145, 8.03329, 9.543328, 1523432561658.6497
14.477815, 8.058528, 9.500495, 1523432561742.2815
14.508766, 8.105268, 9.454921, 1523432561825.6375
14.547434, 8.173031, 9.416289, 1523432561908.6704
14.58476, 8.241854, 9.391596, 1523432561991.5190
14.631964, 8.277801, 9.385992, 1523432562074.5061
14.663759, 8.310045, 9.378856, 1523432562157.3552
14.707723, 8.332417, 9.351683, 1523432562240.2961
14.755668, 8.357242, 9.315203, 1523432562323.3293
14.790329, 8.371017, 9.25922, 1523432562406.3625
14.839867, 8.383795, 9.222774, 1523432562489.5798
14.914932, 8.393406, 9.201052, 1523432562573.3962
14.96356, 8.432347, 9.195399, 1523432562657.1665
14.995153, 8.466115, 9.189612, 1523432562740.9829
15.018497, 8.512517, 9.161007, 1523432562824.6147
15.046202, 8.575203, 9.115984, 1523432562907.9705
15.072417, 8.646255, 9.079037, 1523432562990.9119
15.104935, 8.708655, 9.058644, 1523432563073.7607
15.142757, 8.769968, 9.056024, 1523432563156.5171
15.199572, 8.822118, 9.066608, 1523432563239.2739
15.240874, 8.873204, 9.067636, 1523432563321.9844
15.289028, 8.933137, 9.051113, 1523432563404.8333
15.337614, 8.978641, 9.046832, 1523432563487.7739
15.363189, 9.015692, 9.065271, 1523432563570.7151
15.395508, 9.050432, 9.061148, 1523432563653.7483
15.428231, 9.10013, 9.056808, 1523432563737.1956
15.439625, 9.152067, 9.064494, 1523432563820.6436
15.438522, 9.191282, 9.067276, 1523432563904.0913
15.450705, 9.237234, 9.054205, 1523432563987.7231
15.457353, 9.286676, 9.050974, 1523432564071.3550
15.45643, 9.330699, 9.060833, 1523432564155.0793
15.458397, 9.381334, 9.062364, 1523432564238.8955
15.462854, 9.429037, 9.055876, 1523432564322.7117
15.453255, 9.473858, 9.058616, 1523432564406.2515
15.448051, 9.505895, 9.072718, 1523432564489.8833
15.450913, 9.546592, 9.064855, 1523432564573.3311
15.452927, 9.58124, 9.059618, 1523432564656.6868
15.463826, 9.619948, 9.034719, 1523432564740.0420
15.47658, 9.655028, 9.004683, 1523432564823.2590
15.493562, 9.694972, 8.967862, 1523432564906.6147
15.519324, 9.736522, 8.925443, 1523432564990.0164
15.541763, 9.773325, 8.904943, 1523432565073.3257
15.574387, 9.82545, 8.881099, 1523432565156.7275
15.586492, 9.893492, 8.881995, 1523432565240.0371
15.586662, 9.953585, 8.886289, 1523432565323.3928
15.585132, 10.008394, 8.868436, 1523432565406.6562
15.5846, 10.062653, 8.832122, 1523432565489.9197
15.589562, 10.118506, 8.771731, 1523432565573.1829
15.57443, 10.180874, 8.718153, 1523432565656.2161
15.553579, 10.240792, 8.694491, 1523432565739.0647
15.523589, 10.306026, 8.680295, 1523432565821.7290
15.519684, 10.367466, 8.674692, 1523432565904.5317
15.519076, 10.417655, 8.655322, 1523432565987.1963
15.53418, 10.465281, 8.617599, 1523432566069.9526
15.55275, 10.511688, 8.56743, 1523432566152.8013
15.589691, 10.55576, 8.523933, 1523432566236.0186
15.628252, 10.611402, 8.501688, 1523432566319.7429
15.644278, 10.66823, 8.495481, 1523432566403.4670
15.643761, 10.719408, 8.497793, 1523432566487.1453
15.63772, 10.775743, 8.483336, 1523432566570.5933
15.635578, 10.825078, 8.443808, 1523432566654.0874
15.625535, 10.878468, 8.396115, 1523432566737.4895
15.601629, 10.945605, 8.351902, 1523432566820.7068
15.570864, 11.016048, 8.317638, 1523432566903.6016
15.55076, 11.081507, 8.30514, 1523432566986.2200
15.541811, 11.134715, 8.308836, 1523432567068.7920
15.535875, 11.182779, 8.289811, 1523432567151.3645
15.544086, 11.238356, 8.251509, 1523432567234.2590
15.549891, 11.28639, 8.212846, 1523432567317.2002
15.561369, 11.333836, 8.163125, 1523432567400.3252
15.588136, 11.385734, 8.133694, 1523432567483.8191
15.613552, 11.446658, 8.125915, 1523432567567.7278
15.606653, 11.501005, 8.132895, 1523432567651.6824
15.596323, 11.557072, 8.133698, 1523432567735.6370
15.579737, 11.607986, 8.108555, 1523432567819.3149
15.567219, 11.671599, 8.061576, 1523432567902.9009
15.55286, 11.725585, 8.001613, 1523432567986.1646
15.532567, 11.786592, 7.956889, 1523432568069.2437
15.501143, 11.845833, 7.930225, 1523432568151.9080
15.481493, 11.905117, 7.9208, 1523432568234.5725
15.476124, 11.955492, 7.92239, 1523432568317.2371
15.472042, 12.004675, 7.900495, 1523432568399.9937
15.469349, 12.054173, 7.871745, 1523432568482.8423
15.466744, 12.093441, 7.828329, 1523432568565.7371
15.473639, 12.143496, 7.798298, 1523432568648.9084
15.469909, 12.210777, 7.776231, 1523432568732.3098
15.448351, 12.287017, 7.78251, 1523432568815.7578
15.416353, 12.350137, 7.797652, 1523432568899.0212
15.380603, 12.41712, 7.789629, 1523432568982.1924
15.345183, 12.473496, 7.77798, 1523432569065.3635
15.299198, 12.519842, 7.779534, 1523432569148.5349
15.25338, 12.576641, 7.768505, 1523432569231.7063
15.222061, 12.617421, 7.767081, 1523432569314.6934
15.192743, 12.653679, 7.774312, 1523432569397.5879
15.184201, 12.677656, 7.785042, 1523432569480.5288
15.178769, 12.683279, 7.78556, 1523432569563.4236
15.192712, 12.694782, 7.797285, 1523432569646.5491
15.217459, 12.701065, 7.809354, 1523432569729.9048
15.243988, 12.704194, 7.828053, 1523432569813.6753
15.26376, 12.711766, 7.826499, 1523432569897.5376
15.278633, 12.710868, 7.829766, 1523432569981.4001
15.29477, 12.716476, 7.830132, 1523432570065.4468
15.30383, 12.725798, 7.824626, 1523432570149.4937
15.303171, 12.73277, 7.826347, 1523432570233.4946
15.299819, 12.745737, 7.820822, 1523432570317.3572
15.293482, 12.749156, 7.820694, 1523432570401.0352
15.282095, 12.760735, 7.816777, 1523432570484.3906
15.274707, 12.764251, 7.819713, 1523432570567.5618
15.265226, 12.766039, 7.818703, 1523432570650.5950
15.263917, 12.763921, 7.818879, 1523432570733.5359
15.258943, 12.763317, 7.821121, 1523432570816.4768
15.259905, 12.75872, 7.821305, 1523432570899.4636
15.256855, 12.758067, 7.818247, 1523432570982.5427
15.25337, 12.761336, 7.818125, 1523432571065.6218
15.255284, 12.754205, 7.81681, 1523432571148.7932
15.253373, 12.761261, 7.815013, 1523432571231.9644
15.249726, 12.764043, 7.809413, 1523432571315.0898
15.238757, 12.772163, 7.809858, 1523432571398.1689
15.230004, 12.779707, 7.8022, 1523432571481.1560
15.216355, 12.786175, 7.79793, 1523432571563.9124
15.192533, 12.784026, 7.788161, 1523432571646.3926
15.168862, 12.777354, 7.785485, 1523432571728.8728
15.15318, 12.76307, 7.787491, 1523432571811.4448
15.135708, 12.734847, 7.789558, 1523432571894.1091
15.123113, 12.687693, 7.796358, 1523432571976.8198
15.112759, 12.633576, 7.798777, 1523432572059.6689
15.100777, 12.589125, 7.793659, 1523432572142.6099
15.094071, 12.540697, 7.793596, 1523432572225.6431
15.091527, 12.501609, 7.788905, 1523432572308.7683
15.096875, 12.465934, 7.793566, 1523432572391.8938
15.101335, 12.440745, 7.795077, 1523432572475.1575
15.100916, 12.432837, 7.794634, 1523432572558.4668
15.100701, 12.417614, 7.792281, 1523432572641.7766
15.098302, 12.41319, 7.793288, 1523432572725.0862
15.095991, 12.4169, 7.800671, 1523432572808.3958
15.094963, 12.419497, 7.801178, 1523432572891.6594
15.066296, 12.421355, 7.789743, 1523432572974.8770
15.050385, 12.418719, 7.789883, 1523432573058.0483
15.044098, 12.409867, 7.785145, 1523432573141.2656
15.051332, 12.406154, 7.781, 1523432573224.5291
15.076346, 12.403908, 7.790722, 1523432573308.0232
15.105585, 12.41694, 7.794683, 1523432573391.5171
15.151141, 12.421398, 7.797568, 1523432573475.0110
15.188839, 12.43308, 7.790168, 1523432573558.6433
15.227526, 12.441801, 7.788926, 1523432573642.2756
15.259747, 12.463848, 7.786907, 1523432573725.9998
15.291605, 12.480805, 7.784947, 1523432573809.7241
15.313793, 12.495382, 7.789646, 1523432573893.4944
15.332872, 12.516227, 7.793542, 1523432573977.1267
15.349664, 12.536901, 7.808692, 1523432574060.6206
15.35906, 12.564078, 7.798801, 1523432574143.9763
15.361422, 12.582991, 7.801163, 1523432574227.2859
15.364028, 12.594584, 7.7961, 1523432574310.5493
15.364706, 12.594018, 7.806145, 1523432574393.6743
15.35813, 12.601506, 7.809691, 1523432574476.6611
15.353507, 12.61407, 7.798498, 1523432574559.6943
15.364876, 12.590618, 7.792786, 1523432574642.6814
15.37634, 12.601457, 7.793571, 1523432574725.7146
15.390301, 12.592926, 7.78673, 1523432574808.8398
15.385639, 12.610628, 7.783228, 1523432574892.0574
15.375965, 12.634215, 7.781734, 1523432574975.4131
15.363216, 12.651461, 7.783224, 1523432575058.9531
15.340662, 12.673802, 7.78651, 1523432575142.6313
15.322338, 12.686677, 7.785402, 1523432575226.4016
15.298527, 12.70214, 7.78765, 1523432575310.3103
15.266068, 12.724535, 7.78748, 1523432575394.2190
15.238212, 12.738112, 7.78933, 1523432575478.0354
15.206847, 12.746634, 7.786815, 1523432575561.7595
15.181231, 12.755806, 7.788245, 1523432575645.2996
15.15963, 12.762895, 7.790681, 1523432575728.6089
15.152437, 12.767368, 7.794252, 1523432575811.7800
15.152165, 12.773577, 7.79279, 1523432575894.8132
15.161365, 12.77672, 7.795493, 1523432575977.6157
15.176768, 12.778509, 7.794058, 1523432576060.5569
15.19272, 12.799141, 7.789584, 1523432576143.8201
15.199591, 12.81776, 7.789875, 1523432576227.3604
15.211216, 12.824016, 7.793792, 1523432576311.2688
15.213343, 12.825056, 7.79862, 1523432576395.3157
15.209155, 12.827986, 7.795965, 1523432576479.4548
15.201267, 12.827744, 7.798804, 1523432576563.5481
15.188681, 12.826562, 7.794675, 1523432576647.5486
15.178036, 12.829812, 7.794649, 1523432576731.3191
15.170998, 12.827288, 7.797252, 1523432576814.7664
15.163138, 12.821484, 7.791354, 1523432576897.8918
15.157531, 12.826216, 7.791265, 1523432576980.7410
15.155902, 12.829014, 7.791039, 1523432577063.4976
15.155257, 12.822214, 7.794712, 1523432577146.1160
15.149956, 12.824199, 7.795699, 1523432577228.7349
15.148437, 12.81853, 7.799279, 1523432577311.4915
15.143326, 12.816672, 7.798953, 1523432577394.2942
15.137151, 12.814333, 7.794722, 1523432577477.0967
15.12778, 12.808323, 7.791224, 1523432577559.8994
15.104913, 12.812146, 7.788515, 1523432577642.8865
15.087074, 12.81488, 7.781941, 1523432577726.0122
15.068717, 12.816754, 7.778549, 1523432577809.2756
15.057912, 12.821615, 7.776985, 1523432577892.5852
15.040999, 12.834796, 7.772101, 1523432577975.9409
15.021648, 12.855474, 7.765014, 1523432578059.2505
15.001986, 12.887187, 7.764771, 1523432578142.6067
14.986897, 12.920216, 7.758154, 1523432578225.8704
14.964958, 12.95521, 7.753786, 1523432578309.0417
14.950028, 12.993554, 7.764087, 1523432578392.0288
14.923447, 13.032555, 7.765908, 1523432578474.6934
14.896654, 13.075181, 7.767429, 1523432578557.4043
14.871146, 13.131883, 7.76435, 1523432578640.4373
14.843047, 13.160517, 7.770639, 1523432578723.4702
14.816755, 13.19191, 7.772171, 1523432578806.8259
14.792244, 13.213092, 7.762096, 1523432578890.1355
14.757674, 13.24417, 7.734605, 1523432578973.5374
14.734215, 13.258492, 7.705911, 1523432579057.0776
14.710824, 13.270658, 7.6682, 1523432579140.7556
14.669747, 13.273633, 7.63252, 1523432579224.2495
14.61469, 13.293639, 7.600152, 1523432579307.5129
14.564895, 13.315559, 7.587781, 1523432579390.5464
14.532895, 13.335011, 7.598078, 1523432579473.4409
14.506579, 13.33916, 7.598844, 1523432579556.1057
14.471835, 13.359909, 7.564874, 1523432579638.6780
14.437922, 13.387709, 7.525602, 1523432579721.3889
14.411067, 13.42379, 7.476339, 1523432579804.4683
14.378811, 13.460661, 7.444129, 1523432579887.6858
14.337166, 13.502568, 7.414291, 1523432579971.0410
14.275431, 13.537327, 7.414513, 1523432580054.3508
14.216812, 13.565712, 7.405512, 1523432580137.7986
14.164047, 13.583239, 7.376227, 1523432580221.2927
14.109101, 13.599917, 7.317124, 1523432580304.7866
14.037797, 13.621115, 7.267342, 1523432580388.1421
13.968946, 13.625919, 7.233805, 1523432580471.4058
13.899578, 13.627732, 7.23372, 1523432580554.4390
13.851089, 13.637691, 7.236045, 1523432580637.4260
13.801643, 13.648771, 7.221504, 1523432580720.1370
13.753412, 13.680132, 7.19264, 1523432580803.0317
13.701537, 13.712562, 7.153629, 1523432580885.9265
13.650623, 13.749671, 7.116633, 1523432580969.0522
13.616987, 13.767783, 7.093752, 1523432581052.1316
13.563051, 13.801952, 7.088631, 1523432581135.5791
13.491833, 13.8225, 7.091869, 1523432581219.0266
13.421839, 13.839846, 7.100713, 1523432581302.7048
13.367586, 13.848517, 7.082276, 1523432581386.3369
13.306088, 13.852743, 7.06851, 1523432581469.8767
13.242791, 13.865137, 7.064935, 1523432581553.5088
13.17845, 13.858222, 7.09146, 1523432581637.4172
13.104688, 13.863106, 7.08454, 1523432581721.2798
13.01568, 13.868497, 7.072543, 1523432581804.6814
12.947724, 13.875345, 7.083214, 1523432581887.8987
12.896693, 13.879353, 7.085703, 1523432581970.8396
12.844809, 13.875324, 7.076487, 1523432582053.8267
12.793568, 13.882984, 7.065271, 1523432582136.9519
12.753692, 13.88847, 7.051013, 1523432582220.1694
12.71599, 13.896847, 7.028871, 1523432582303.4329
12.684997, 13.908775, 6.991317, 1523432582386.6960
12.645447, 13.929923, 6.935791, 1523432582469.9133
12.626371, 13.949994, 6.908237, 1523432582553.2693
12.594561, 13.982709, 6.893346, 1523432582636.8555
12.549772, 13.980203, 6.893471, 1523432582720.3494
12.498965, 13.981134, 6.886063, 1523432582803.8435
12.454174, 13.963493, 6.87369, 1523432582887.0610
12.407544, 13.953444, 6.835585, 1523432582970.4626
12.352935, 13.947004, 6.79006, 1523432583053.7725
12.302955, 13.929299, 6.745521, 1523432583136.9897
12.241443, 13.903751, 6.713809, 1523432583219.9766
12.17193, 13.881223, 6.698439, 1523432583302.8716
12.132049, 13.888692, 6.706457, 1523432583385.9048
12.082156, 13.88518, 6.6995, 1523432583468.7078
12.027126, 13.892897, 6.672857, 1523432583551.6489
11.974269, 13.908, 6.634308, 1523432583634.6357
11.92248, 13.927204, 6.579007, 1523432583717.7610
11.872192, 13.951197, 6.532444, 1523432583801.0244
11.82035, 13.977521, 6.520537, 1523432583884.4260
11.767376, 13.993305, 6.512877, 1523432583967.9663
11.715404, 13.98509, 6.508836, 1523432584051.5522
11.658236, 13.977851, 6.494583, 1523432584135.0920
11.614, 13.969727, 6.455008, 1523432584218.5398
11.574352, 13.957137, 6.40333, 1523432584301.8496
11.520705, 13.935432, 6.35586, 1523432584384.8828
11.449687, 13.907377, 6.327154, 1523432584467.6855
11.400088, 13.901123, 6.332529, 1523432584550.5806
11.364752, 13.896359, 6.33997, 1523432584633.3372
11.319061, 13.895676, 6.312888, 1523432584716.1863
11.273658, 13.908397, 6.268365, 1523432584799.0813
11.220777, 13.922853, 6.219539, 1523432584882.0686
11.186511, 13.944784, 6.185627, 1523432584965.2397
11.120785, 13.972348, 6.144906, 1523432585048.7795
11.05384, 13.98344, 6.138571, 1523432585132.4578
11.011625, 13.96712, 6.148952, 1523432585216.1360
10.962392, 13.950485, 6.134624, 1523432585299.7681
10.91479, 13.930292, 6.097493, 1523432585383.3540
10.859995, 13.919542, 6.054524, 1523432585466.9397
10.813405, 13.899904, 6.010413, 1523432585550.4800
10.745646, 13.879605, 5.972462, 1523432585633.7893
10.686666, 13.845193, 5.96452, 1523432585716.8684
10.639839, 13.832458, 5.977343, 1523432585799.9016
10.593333, 13.823462, 5.968468, 1523432585882.8425
10.545171, 13.830215, 5.929097, 1523432585966.0139
10.49038, 13.840014, 5.875212, 1523432586049.3694
10.45173, 13.842123, 5.825499, 1523432586132.6328
10.405434, 13.845, 5.801959, 1523432586215.7581
10.341639, 13.860946, 5.781975, 1523432586299.2517
10.287504, 13.841144, 5.786433, 1523432586382.7454
10.24035, 13.817885, 5.785169, 1523432586466.4236
10.190156, 13.800254, 5.760438, 1523432586550.0554
10.151628, 13.793511, 5.72212, 1523432586633.7336
10.098376, 13.78281, 5.663831, 1523432586717.2742
10.041975, 13.759291, 5.620892, 1523432586800.5374
9.969338, 13.722332, 5.599083, 1523432586883.2480
9.90882, 13.714308, 5.60689, 1523432586965.8665
9.856763, 13.701948, 5.613939, 1523432587048.2544
9.799422, 13.706434, 5.587958, 1523432587130.9189
9.749767, 13.710575, 5.557943, 1523432587213.6755
9.706325, 13.715973, 5.514209, 1523432587296.5242
9.656249, 13.736188, 5.479219, 1523432587379.5576
9.608999, 13.738512, 5.462797, 1523432587462.5447
9.541696, 13.739747, 5.446402, 1523432587545.7158
9.471445, 13.722104, 5.45853, 1523432587628.7954
9.407054, 13.706825, 5.471787, 1523432587711.9668
9.338147, 13.682438, 5.457442, 1523432587795.1379
9.268373, 13.659693, 5.438829, 1523432587878.3093
9.20617, 13.615793, 5.447369, 1523432587961.4810
9.152738, 13.570225, 5.451799, 1523432588044.8826
9.095962, 13.539147, 5.447526, 1523432588128.4226
9.037457, 13.493504, 5.450095, 1523432588211.4094
8.980366, 13.455376, 5.447071, 1523432588294.1201
8.935375, 13.417814, 5.449041, 1523432588376.5542
8.885032, 13.384061, 5.442348, 1523432588458.8960
8.846454, 13.358348, 5.443437, 1523432588541.4224
8.821098, 13.333791, 5.45314, 1523432588623.9485
8.803782, 13.309003, 5.463169, 1523432588706.4287
8.789105, 13.273561, 5.466087, 1523432588788.8630
8.750159, 13.241465, 5.462049, 1523432588871.7581
8.718732, 13.19999, 5.467243, 1523432588954.9758
8.687715, 13.15792, 5.463084, 1523432589038.6543
8.661422, 13.103931, 5.447096, 1523432589122.5630
8.648229, 13.050198, 5.44855, 1523432589206.7942
8.640346, 13.005054, 5.451783, 1523432589291.3479
8.624405, 12.949647, 5.447178, 1523432589375.9478
8.609553, 12.890961, 5.439666, 1523432589460.5015
8.599435, 12.837019, 5.439268, 1523432589544.8247
8.58591, 12.784391, 5.438852, 1523432589628.9639
8.560587, 12.733136, 5.431233, 1523432589712.8269
8.524829, 12.692845, 5.428883, 1523432589796.4590
8.514924, 12.655171, 5.440546, 1523432589879.4922
8.50983, 12.621436, 5.43792, 1523432589962.2949
8.472969, 12.589764, 5.426155, 1523432590045.1899
8.456591, 12.554777, 5.431097, 1523432590128.1309
8.462512, 12.516068, 5.428974, 1523432590211.2102
8.452362, 12.485192, 5.413813, 1523432590294.4280
8.450396, 12.445457, 5.387812, 1523432590377.6917
8.436752, 12.411772, 5.344548, 1523432590461.1858
8.439057, 12.377518, 5.301607, 1523432590544.6335
8.453156, 12.336871, 5.274207, 1523432590628.0815
8.469959, 12.28077, 5.248898, 1523432590711.4373
8.476313, 12.23231, 5.258741, 1523432590794.7930
8.48127, 12.18937, 5.255336, 1523432590877.8721
8.481343, 12.143079, 5.228751, 1523432590960.9973
8.474759, 12.090929, 5.187006, 1523432591044.0767
8.465638, 12.048875, 5.134985, 1523432591127.2021
8.445006, 12.010046, 5.097553, 1523432591210.5117
8.43506, 11.966446, 5.079412, 1523432591293.7292
8.419119, 11.912003, 5.06921, 1523432591377.0852
8.424802, 11.846433, 5.065242, 1523432591460.5791
8.41834, 11.795526, 5.048052, 1523432591544.1191
8.416904, 11.73229, 5.002387, 1523432591627.7053
8.425383, 11.659369, 4.943976, 1523432591711.2456
8.443678, 11.588497, 4.890186, 1523432591794.4629
8.455383, 11.521058, 4.857906, 1523432591877.5422
8.465476, 11.455031, 4.83872, 1523432591960.3911
8.468797, 11.392098, 4.836007, 1523432592043.2859
8.462475, 11.338335, 4.810957, 1523432592126.2268
8.454068, 11.294415, 4.777042, 1523432592209.1218
8.43796, 11.252913, 4.737677, 1523432592292.1089
8.415961, 11.211674, 4.710105, 1523432592375.0039
8.395817, 11.165974, 4.686979, 1523432592458.0371
8.382643, 11.107728, 4.675282, 1523432592541.3467
8.388629, 11.053491, 4.665934, 1523432592624.7485
8.393743, 11.000081, 4.642628, 1523432592708.2424
8.389332, 10.943317, 4.600478, 1523432592791.7366
8.394135, 10.883128, 4.555019, 1523432592875.1848
8.390265, 10.820168, 4.520858, 1523432592958.6790
8.4087, 10.745507, 4.495068, 1523432593041.7578
8.404804, 10.680679, 4.482372, 1523432593124.7910
8.39907, 10.626133, 4.462887, 1523432593207.5940
8.391608, 10.569973, 4.425989, 1523432593290.3508
8.382913, 10.515414, 4.374458, 1523432593373.0615
8.366936, 10.471813, 4.332872, 1523432593455.8640
8.346101, 10.422241, 4.314837, 1523432593538.9893
8.339395, 10.358788, 4.309095, 1523432593622.3909
8.345211, 10.29268, 4.304444, 1523432593705.9771
8.351305, 10.236388, 4.284096, 1523432593789.4709
8.354321, 10.178542, 4.231822, 1523432593873.1033
8.364163, 10.11713, 4.17659, 1523432593956.6895
8.371202, 10.056252, 4.137068, 1523432594040.1836
8.390572, 9.980991, 4.111248, 1523432594123.4006
8.399903, 9.922694, 4.119832, 1523432594206.4797
8.398773, 9.868329, 4.114255, 1523432594289.3284
8.392762, 9.813477, 4.077701, 1523432594372.0847
8.378782, 9.76238, 4.024102, 1523432594454.8416
8.365855, 9.719676, 3.976776, 1523432594537.7366
8.351756, 9.670354, 3.951118, 1523432594620.9082
8.335187, 9.608126, 3.945532, 1523432594704.5405
8.33034, 9.550048, 3.951337, 1523432594788.2646
8.338253, 9.488832, 3.935477, 1523432594871.8972
8.341196, 9.428904, 3.895118, 1523432594955.2986
8.347304, 9.371169, 3.838272, 1523432595038.6082
8.353681, 9.309275, 3.791102, 1523432595121.8718
8.361584, 9.251977, 3.76608, 1523432595204.9971
8.37261, 9.187914, 3.759338, 1523432595287.8459
8.36152, 9.134079, 3.752401, 1523432595370.6951
8.352822, 9.088365, 3.734006, 1523432595453.5437
8.344127, 9.035074, 3.684189, 1523432595536.4849
8.333264, 8.977346, 3.626292, 1523432595619.4719
8.318665, 8.928668, 3.588275, 1523432595702.6436
8.292478, 8.863528, 3.568234, 1523432595786.1836
8.283775, 8.793469, 3.559871, 1523432595869.7239
8.288775, 8.732312, 3.554281, 1523432595953.5405
8.288828, 8.67253, 3.519697, 1523432596037.3108
8.293356, 8.613681, 3.466475, 1523432596121.0813
8.303008, 8.557519, 3.419788, 1523432596204.6213
8.313979, 8.488362, 3.381147, 1523432596287.9312
8.331718, 8.415059, 3.365091, 1523432596370.8262
8.331553, 8.359583, 3.355308, 1523432596453.6289
8.327445, 8.306252, 3.325457, 1523432596536.3396
8.331178, 8.262987, 3.293426, 1523432596619.1426
8.317006, 8.214869, 3.242844, 1523432596702.1758
8.289991, 8.182734, 3.211024, 1523432596785.4392
8.270796, 8.127759, 3.191816, 1523432596869.0715
8.263005, 8.057652, 3.181318, 1523432596952.7957
8.262804, 7.993447, 3.176137, 1523432597036.4280
8.259343, 7.935453, 3.144794, 1523432597120.0142
8.254392, 7.873183, 3.092862, 1523432597203.6924
8.263617, 7.809018, 3.037798, 1523432597287.0483
8.282067, 7.736082, 3.003446, 1523432597370.0815
8.300604, 7.666527, 2.989431, 1523432597452.7922
8.302569, 7.601947, 2.986663, 1523432597535.3186
8.316216, 7.546505, 2.956612, 1523432597617.7068
8.30407, 7.502805, 2.917836, 1523432597700.4172
8.282058, 7.458444, 2.863137, 1523432597783.3123
8.262869, 7.421296, 2.831362, 1523432597866.4377
8.226152, 7.367414, 2.821583, 1523432597950.1624
8.201499, 7.299214, 2.816173, 1523432598034.1631
8.198451, 7.237812, 2.805928, 1523432598118.0718
8.205506, 7.181878, 2.776591, 1523432598201.8882
8.190608, 7.121002, 2.721452, 1523432598285.6587
8.205128, 7.060142, 2.677414, 1523432598369.1987
8.213924, 6.99957, 2.645281, 1523432598452.6467
8.241138, 6.926167, 2.619521, 1523432598535.6335
8.255363, 6.855716, 2.60386, 1523432598618.4827
8.265556, 6.79828, 2.592906, 1523432598700.9165
8.273309, 6.760695, 2.567807, 1523432598783.3047
8.258188, 6.71258, 2.510943, 1523432598865.8770
8.244392, 6.669662, 2.478004, 1523432598948.6797
8.221554, 6.619415, 2.461949, 1523432599031.9893
8.204043, 6.533434, 2.442036, 1523432599115.7136
8.204016, 6.469804, 2.433138, 1523432599199.6682
8.205238, 6.392812, 2.401844, 1523432599283.5769
8.206268, 6.329472, 2.360319, 1523432599367.2549
8.214194, 6.271346, 2.317853, 1523432599450.6108
8.219636, 6.208571, 2.289319, 1523432599533.9207
8.225645, 6.118973, 2.281062, 1523432599616.9539
8.213569, 6.039827, 2.284944, 1523432599700.0791
8.207864, 5.973093, 2.287153, 1523432599782.9739
8.200967, 5.910833, 2.269758, 1523432599865.8687
8.193539, 5.859247, 2.272939, 1523432599948.5330
8.200711, 5.800169, 2.269731, 1523432600031.1055
8.181408, 5.735088, 2.26604, 1523432600114.3691
8.165835, 5.679773, 2.274728, 1523432600197.7249
8.171414, 5.633049, 2.273115, 1523432600281.1729
8.169082, 5.567563, 2.248057, 1523432600364.5745
8.17442, 5.49291, 2.221285, 1523432600447.8379
8.19103, 5.406577, 2.174209, 1523432600531.1013
8.205948, 5.321435, 2.137033, 1523432600614.5493
8.221086, 5.22522, 2.113957, 1523432600698.0896
8.251552, 5.104219, 2.101974, 1523432600781.2151
8.262626, 4.993048, 2.114419, 1523432600864.3401
8.276294, 4.892004, 2.115389, 1523432600947.2810
8.287644, 4.778925, 2.087311, 1523432601030.2678
8.287342, 4.672453, 2.063839, 1523432601113.6697
8.272578, 4.582192, 2.072856, 1523432601196.9333
8.286123, 4.494789, 2.080745, 1523432601280.0125
8.262028, 4.415026, 2.107166, 1523432601363.7827
8.252337, 4.329566, 2.1113, 1523432601447.7375
8.255445, 4.234459, 2.101171, 1523432601531.6921
8.251392, 4.137377, 2.079379, 1523432601615.5547
8.268769, 4.045474, 2.0948, 1523432601699.1870
8.247278, 3.956098, 2.093674, 1523432601783.3259
8.223828, 3.857902, 2.102429, 1523432601867.2349
8.229998, 3.754568, 2.099602, 1523432601950.6370
8.209465, 3.655785, 2.07957, 1523432602033.8083
8.197137, 3.563652, 2.08128, 1523432602116.4727
8.166739, 3.481736, 2.082653, 1523432602199.2754
8.127811, 3.393347, 2.077209, 1523432602282.2625
8.100575, 3.309094, 2.092585, 1523432602364.8809
8.075414, 3.224425, 2.089759, 1523432602447.8679
8.031442, 3.15581, 2.098748, 1523432602531.2236
7.99797, 3.080439, 2.101739, 1523432602614.5332
7.958293, 3.003018, 2.091223, 1523432602698.1191
7.916062, 2.923083, 2.077809, 1523432602781.4749
7.892452, 2.840528, 2.096502, 1523432602864.7844
7.831222, 2.779028, 2.090898, 1523432602948.5549
7.761036, 2.717016, 2.094979, 1523432603032.4639
7.70909, 2.654039, 2.110924, 1523432603116.0500
7.645354, 2.601189, 2.116382, 1523432603199.5898
7.573606, 2.554723, 2.096999, 1523432603282.6233
7.511451, 2.516951, 2.071277, 1523432603365.4722
7.43679, 2.487968, 2.071348, 1523432603448.0444
7.363371, 2.454062, 2.082994, 1523432603530.2019
7.28749, 2.445019, 2.082182, 1523432603612.7283
7.210713, 2.436953, 2.09226, 1523432603695.7153
7.144263, 2.411644, 2.097736, 1523432603778.7485
7.080123, 2.365273, 2.099432, 1523432603861.9199
6.975147, 2.348158, 2.074669, 1523432603944.9993
6.900028, 2.307001, 2.076905, 1523432604027.8481
6.818047, 2.281711, 2.087235, 1523432604110.9734
6.721251, 2.279573, 2.085145, 1523432604194.5596
6.643848, 2.265172, 2.095933, 1523432604277.9155
6.575825, 2.265789, 2.099458, 1523432604361.1790
6.508047, 2.272038, 2.097681, 1523432604444.3044
6.437471, 2.271929, 2.090203, 1523432604527.1074
6.365788, 2.288463, 2.082516, 1523432604610.0024
6.304988, 2.305462, 2.0916, 1523432604692.6670
6.235345, 2.310411, 2.09795, 1523432604774.9170
6.163291, 2.331349, 2.090975, 1523432604857.6274
6.09301, 2.358442, 2.106532, 1523432604940.6145
6.023473, 2.359475, 2.109179, 1523432605023.7395
5.949231, 2.365011, 2.10863, 1523432605107.1875
5.876487, 2.370117, 2.105021, 1523432605190.5891
5.804907, 2.361703, 2.098872, 1523432605274.1294
5.730004, 2.358116, 2.101852, 1523432605357.9919
5.646441, 2.372854, 2.096395, 1523432605441.9927
5.568516, 2.372181, 2.091488, 1523432605525.5789
5.501548, 2.379184, 2.103211, 1523432605609.1189
5.449143, 2.388218, 2.102264, 1523432605692.4285
5.394721, 2.402275, 2.10411, 1523432605775.5999
5.349181, 2.427606, 2.095633, 1523432605858.8635
5.306395, 2.45461, 2.097806, 1523432605941.9888
5.271758, 2.480667, 2.108149, 1523432606024.9758
5.221882, 2.51336, 2.093996, 1523432606108.0552
5.167284, 2.553366, 2.083439, 1523432606191.3650
5.116272, 2.560288, 2.109215, 1523432606274.6746
5.080925, 2.573506, 2.108844, 1523432606358.0764
5.051394, 2.595142, 2.101397, 1523432606441.7090
5.035482, 2.594476, 2.101611, 1523432606525.2493
5.022022, 2.588366, 2.133896, 1523432606608.9275
5.017443, 2.587686, 2.11447, 1523432606692.7439
5.017694, 2.571405, 2.119506, 1523432606776.2842
5.018124, 2.557457, 2.127271, 1523432606859.7781
5.016668, 2.551249, 2.12641, 1523432606943.1799
5.01495, 2.542409, 2.115647, 1523432607026.5356
5.016464, 2.532625, 2.124764, 1523432607109.7993
5.006566, 2.525947, 2.119148, 1523432607192.9709
5.001576, 2.519888, 2.114484, 1523432607276.0500
4.992795, 2.513261, 2.113721, 1523432607359.1292
4.985024, 2.507217, 2.111419, 1523432607442.1624
4.978487, 2.502733, 2.11076, 1523432607525.2417
4.97211, 2.501491, 2.112425, 1523432607608.3669
4.967755, 2.501624, 2.120725, 1523432607691.4924
4.960241, 2.50353, 2.116819, 1523432607774.6179
4.95401, 2.50095, 2.104418, 1523432607857.7434
4.957144, 2.503531, 2.116997, 1523432607940.9612
4.955441, 2.501297, 2.117908, 1523432608024.3171
4.950591, 2.505367, 2.117151, 1523432608107.6729
4.954261, 2.505373, 2.112681, 1523432608191.0747
4.952054, 2.508321, 2.115625, 1523432608274.3845
4.952236, 2.506989, 2.111598, 1523432608357.7402
4.950732, 2.507738, 2.11009, 1523432608441.0039
4.947372, 2.506304, 2.107256, 1523432608524.3132
4.943674, 2.509009, 2.096561, 1523432608607.5310
4.945621, 2.508437, 2.11081, 1523432608690.7483
4.945052, 2.507581, 2.112682, 1523432608773.9658
4.943678, 2.50811, 2.109957, 1523432608857.2295
