1523455229622.0000
9.912665, 2.122245, 1.960094, 1523455229622.0000
9.912667, 2.125701, 1.958475, 1523455229705.3086
9.922406, 2.126316, 1.956896, 1523455229788.5251
9.923817, 2.125779, 1.953561, 1523455229871.7419
9.927702, 2.121297, 1.943075, 1523455229955.0510
9.931026, 2.127042, 1.940107, 1523455230038.3599
9.934266, 2.122547, 1.925494, 1523455230121.6228
9.937061, 2.122162, 1.925081, 1523455230204.7932
9.938786, 2.118758, 1.92963, 1523455230287.9639
9.940254, 2.123914, 1.931516, 1523455230371.1804
9.936119, 2.123568, 1.931296, 1523455230454.3513
9.941311, 2.1312, 1.945314, 1523455230537.5676
9.936539, 2.133653, 1.937963, 1523455230620.8762
9.933577, 2.132862, 1.943056, 1523455230704.2771
9.927341, 2.13264, 1.947648, 1523455230787.7241
9.921402, 2.13068, 1.94296, 1523455230871.2634
9.919065, 2.127598, 1.939404, 1523455230954.7102
9.920988, 2.129164, 1.946082, 1523455231038.1111
9.915906, 2.131446, 1.947956, 1523455231121.4199
9.914444, 2.127428, 1.964564, 1523455231204.6367
9.898846, 2.123168, 1.955646, 1523455231287.6230
9.904915, 2.127183, 1.94701, 1523455231370.4250
9.905939, 2.124818, 1.94953, 1523455231453.1809
9.906558, 2.121462, 1.95425, 1523455231536.0288
9.901345, 2.12337, 1.960433, 1523455231619.0151
9.887089, 2.124299, 1.97628, 1523455231702.2319
9.865889, 2.124374, 1.979041, 1523455231785.7251
9.829009, 2.124449, 1.989266, 1523455231869.5405
9.785458, 2.122973, 1.996837, 1523455231953.5867
9.735403, 2.130426, 1.998729, 1523455232037.7249
9.682566, 2.138165, 1.99893, 1523455232121.8169
9.630638, 2.156033, 1.980674, 1523455232205.6785
9.592283, 2.182379, 1.990225, 1523455232289.3560
9.54382, 2.20726, 1.992002, 1523455232372.8953
9.507503, 2.229097, 2.010542, 1523455232456.3425
9.454616, 2.245354, 2.020583, 1523455232539.9277
9.384562, 2.254122, 2.006053, 1523455232623.7437
9.315533, 2.269405, 2.008017, 1523455232707.6978
9.242411, 2.286194, 2.015094, 1523455232791.5593
9.162963, 2.301094, 2.014443, 1523455232875.2368
9.08728, 2.320205, 2.023697, 1523455232958.6377
8.998014, 2.341156, 2.009242, 1523455233041.8083
8.914146, 2.363247, 2.007362, 1523455233124.9326
8.817516, 2.383426, 2.01137, 1523455233208.3796
8.715676, 2.414087, 1.989456, 1523455233292.0110
8.640383, 2.451355, 2.00353, 1523455233375.5962
8.564732, 2.500591, 1.988356, 1523455233458.9050
8.494862, 2.558864, 1.978004, 1523455233541.8447
8.444814, 2.628582, 1.970853, 1523455233624.3699
8.417109, 2.698616, 1.978028, 1523455233706.5728
8.398107, 2.765634, 1.991044, 1523455233788.5911
8.390724, 2.829333, 1.998276, 1523455233870.4253
8.385467, 2.884068, 1.997647, 1523455233952.3518
8.370817, 2.948171, 1.993929, 1523455234034.6929
8.351538, 3.021, 1.993841, 1523455234117.4949
8.325109, 3.108709, 1.984761, 1523455234200.5732
8.299881, 3.193921, 1.980091, 1523455234283.6519
8.259042, 3.280094, 1.973601, 1523455234366.7302
8.230206, 3.370095, 1.981078, 1523455234449.9468
8.182919, 3.469715, 2.003, 1523455234533.7627
8.129846, 3.579898, 2.011821, 1523455234618.2236
8.088533, 3.683408, 2.018667, 1523455234702.8687
8.056009, 3.784021, 2.010224, 1523455234787.2371
8.043775, 3.874306, 1.989927, 1523455234870.7764
8.047291, 3.957212, 1.977531, 1523455234953.6704
8.072664, 4.026917, 2.010903, 1523455235036.1501
8.090491, 4.096557, 2.007506, 1523455235118.6755
8.100997, 4.172768, 2.009665, 1523455235201.2471
8.102077, 4.236455, 2.009706, 1523455235283.9573
8.104298, 4.313257, 2.000774, 1523455235366.8975
8.104072, 4.405261, 2.002816, 1523455235450.0220
8.099115, 4.501498, 1.996103, 1523455235533.1924
8.094151, 4.591498, 1.97548, 1523455235616.3169
8.077482, 4.691738, 1.984654, 1523455235699.5339
8.051621, 4.79059, 2.008239, 1523455235783.3035
8.030373, 4.894084, 2.003978, 1523455235867.5339
8.018613, 4.997247, 2.015833, 1523455235951.9026
8.016956, 5.100595, 2.026444, 1523455236035.9028
8.033406, 5.190675, 2.026903, 1523455236119.2576
8.047707, 5.265177, 2.034282, 1523455236202.1516
8.080576, 5.335392, 2.063919, 1523455236284.9077
8.115872, 5.4003, 2.106292, 1523455236367.6636
8.151652, 5.45223, 2.14838, 1523455236450.3274
8.179632, 5.493925, 2.178603, 1523455236532.8987
8.203259, 5.538377, 2.19099, 1523455236615.6086
8.226707, 5.597553, 2.209791, 1523455236698.5950
8.23836, 5.662316, 2.206798, 1523455236781.6736
8.248498, 5.720133, 2.183893, 1523455236864.6597
8.24737, 5.786098, 2.191386, 1523455236947.6460
8.235526, 5.849282, 2.193944, 1523455237030.8625
8.219694, 5.923599, 2.204267, 1523455237114.6321
8.207056, 6.004711, 2.221998, 1523455237198.9087
8.188969, 6.080556, 2.228281, 1523455237283.1848
8.186526, 6.146549, 2.222719, 1523455237367.1851
8.187503, 6.206536, 2.222713, 1523455237450.7241
8.19867, 6.271143, 2.23118, 1523455237533.9409
8.218077, 6.326462, 2.270759, 1523455237617.0654
8.24397, 6.371718, 2.321989, 1523455237700.0979
8.266294, 6.418818, 2.36094, 1523455237783.0381
8.280092, 6.453393, 2.383275, 1523455237865.8862
8.290936, 6.503287, 2.398722, 1523455237948.8267
8.298799, 6.555546, 2.402146, 1523455238031.8591
8.305545, 6.614575, 2.41208, 1523455238115.0298
8.306069, 6.668088, 2.429878, 1523455238198.2004
8.298554, 6.709717, 2.467769, 1523455238281.3250
8.279696, 6.761317, 2.509187, 1523455238364.6335
8.257978, 6.813982, 2.544045, 1523455238448.3110
8.24295, 6.858126, 2.572005, 1523455238532.0806
8.238307, 6.904428, 2.589028, 1523455238615.8501
8.224995, 6.960451, 2.585423, 1523455238699.4353
8.224911, 7.022118, 2.588339, 1523455238782.9282
8.220752, 7.076238, 2.606275, 1523455238866.1912
8.228858, 7.123915, 2.648436, 1523455238949.2695
8.243203, 7.165156, 2.693345, 1523455239032.2561
8.249879, 7.200146, 2.730782, 1523455239115.2424
8.252398, 7.234982, 2.760994, 1523455239198.4131
8.251589, 7.275828, 2.773385, 1523455239281.6299
8.248644, 7.320368, 2.785069, 1523455239364.7544
8.249554, 7.363358, 2.794395, 1523455239447.6946
8.251111, 7.40025, 2.819216, 1523455239530.4961
8.243556, 7.439828, 2.854804, 1523455239613.4363
8.21761, 7.483285, 2.886961, 1523455239696.7451
8.192793, 7.531344, 2.917872, 1523455239780.3765
8.174651, 7.563962, 2.937101, 1523455239864.0078
8.159893, 7.594075, 2.946608, 1523455239947.5469
8.152561, 7.63243, 2.944549, 1523455240030.9478
8.145057, 7.67296, 2.932357, 1523455240114.3027
8.147355, 7.729696, 2.945515, 1523455240197.4731
8.153672, 7.778466, 2.976339, 1523455240280.4597
8.168189, 7.82509, 3.02184, 1523455240363.3997
8.187647, 7.863648, 3.070763, 1523455240446.2939
8.20083, 7.904262, 3.109127, 1523455240529.2339
8.211966, 7.946735, 3.134622, 1523455240612.0820
8.21304, 7.991874, 3.137875, 1523455240694.9761
8.215752, 8.047285, 3.1556, 1523455240777.9624
8.216175, 8.10813, 3.168051, 1523455240861.0408
8.21721, 8.166649, 3.191761, 1523455240944.1194
8.204161, 8.212627, 3.2193, 1523455241027.2437
8.183797, 8.258911, 3.26549, 1523455241110.5984
8.16314, 8.298274, 3.293607, 1523455241194.3679
8.146624, 8.340563, 3.317638, 1523455241278.4602
8.137746, 8.380665, 3.334751, 1523455241362.5061
8.134443, 8.426629, 3.336812, 1523455241446.2297
8.135699, 8.465724, 3.335821, 1523455241529.5847
8.142766, 8.516956, 3.346883, 1523455241612.7090
8.158473, 8.566377, 3.381104, 1523455241695.9258
8.175647, 8.60943, 3.425419, 1523455241779.0039
8.190051, 8.646617, 3.46659, 1523455241861.9443
8.215583, 8.682286, 3.500163, 1523455241944.7000
8.23324, 8.727554, 3.528166, 1523455242027.6401
8.241722, 8.779943, 3.534931, 1523455242110.7646
8.249132, 8.840028, 3.538218, 1523455242193.9355
8.253448, 8.89505, 3.546512, 1523455242277.0598
8.251421, 8.951966, 3.578591, 1523455242360.0461
8.249551, 9.008651, 3.619259, 1523455242443.0325
8.235878, 9.052696, 3.661075, 1523455242526.3411
8.221851, 9.100547, 3.686274, 1523455242610.0186
8.211914, 9.142738, 3.705212, 1523455242693.9265
8.205832, 9.182717, 3.712029, 1523455242777.8804
8.206399, 9.22896, 3.71476, 1523455242861.6501
8.214716, 9.276142, 3.717907, 1523455242945.1431
8.231725, 9.327277, 3.742644, 1523455243028.4060
8.257112, 9.376665, 3.788831, 1523455243111.4382
8.281659, 9.414735, 3.844634, 1523455243194.1941
8.311137, 9.445958, 3.882457, 1523455243276.8582
8.332174, 9.478728, 3.899156, 1523455243359.6602
8.350638, 9.515071, 3.910486, 1523455243442.6462
8.359163, 9.559862, 3.913194, 1523455243525.7708
8.369143, 9.604358, 3.916228, 1523455243608.8953
8.377588, 9.658964, 3.933507, 1523455243692.0200
8.377104, 9.708268, 3.961235, 1523455243775.1904
8.366839, 9.758286, 4.003545, 1523455243858.6836
8.356124, 9.809106, 4.049272, 1523455243942.4993
8.351522, 9.851669, 4.083681, 1523455244026.4531
8.342769, 9.88561, 4.092191, 1523455244110.2688
8.336185, 9.92488, 4.090405, 1523455244193.9001
8.329635, 9.971037, 4.090319, 1523455244277.3472
8.323182, 10.021374, 4.102288, 1523455244360.7483
8.328907, 10.062547, 4.138461, 1523455244444.0110
8.344074, 10.097898, 4.183777, 1523455244527.1357
8.362952, 10.126983, 4.228765, 1523455244610.1221
8.378358, 10.155776, 4.255548, 1523455244693.1084
8.385064, 10.191323, 4.267755, 1523455244776.0952
8.389453, 10.237738, 4.276927, 1523455244859.1736
8.390364, 10.281982, 4.274919, 1523455244942.2979
8.395098, 10.328239, 4.279308, 1523455245025.3303
8.397556, 10.378677, 4.291963, 1523455245108.2705
8.391941, 10.435538, 4.325869, 1523455245191.3489
8.388803, 10.487118, 4.373118, 1523455245274.4734
8.381718, 10.527119, 4.415115, 1523455245357.8281
8.37857, 10.557736, 4.439713, 1523455245441.2292
8.367516, 10.591289, 4.455188, 1523455245524.8145
8.356064, 10.636106, 4.457653, 1523455245608.4919
8.343966, 10.687956, 4.461958, 1523455245692.0769
8.326652, 10.740091, 4.462752, 1523455245775.4778
8.319726, 10.796407, 4.49989, 1523455245858.6023
8.319249, 10.841886, 4.544289, 1523455245941.5886
8.320349, 10.886621, 4.595943, 1523455246024.4365
8.327652, 10.928071, 4.622468, 1523455246107.1462
8.320801, 10.968551, 4.633169, 1523455246189.8557
8.314054, 11.017585, 4.635947, 1523455246272.6116
8.308871, 11.070543, 4.635789, 1523455246355.5518
8.301021, 11.125724, 4.644935, 1523455246438.7683
8.29059, 11.188296, 4.674086, 1523455246522.1692
8.274581, 11.242582, 4.718982, 1523455246605.7085
8.247689, 11.296116, 4.766936, 1523455246689.5239
8.218414, 11.353839, 4.81062, 1523455246773.6624
8.191097, 11.40745, 4.830951, 1523455246857.9387
8.169359, 11.463242, 4.844146, 1523455246942.1230
8.155985, 11.519071, 4.846755, 1523455247025.9849
8.150662, 11.570754, 4.855009, 1523455247109.4319
8.155768, 11.611347, 4.890597, 1523455247192.5103
8.173059, 11.63859, 4.93716, 1523455247275.3120
8.191387, 11.662998, 4.975139, 1523455247358.1140
8.204556, 11.693006, 5.002569, 1523455247441.0083
8.213531, 11.731796, 5.01587, 1523455247523.9944
8.223894, 11.777274, 5.023292, 1523455247606.9805
8.23709, 11.834641, 5.027676, 1523455247689.9207
8.243631, 11.89525, 5.03996, 1523455247772.8147
8.247746, 11.956385, 5.062138, 1523455247855.7549
8.240786, 12.012795, 5.099491, 1523455247938.7871
8.22845, 12.065619, 5.149827, 1523455248021.9575
8.223208, 12.103512, 5.183903, 1523455248105.3584
8.219076, 12.138583, 5.206109, 1523455248188.9434
8.210472, 12.176726, 5.219965, 1523455248272.6208
8.203214, 12.234067, 5.221417, 1523455248356.2522
8.200101, 12.286975, 5.224539, 1523455248439.6531
8.208883, 12.326978, 5.237893, 1523455248522.6394
8.226315, 12.369345, 5.270505, 1523455248605.5798
8.242592, 12.403605, 5.307693, 1523455248688.5198
8.254968, 12.431887, 5.339749, 1523455248771.4138
8.263057, 12.455667, 5.365393, 1523455248854.2156
8.264387, 12.473401, 5.377553, 1523455248937.0176
8.261902, 12.504335, 5.373238, 1523455249019.9578
8.257054, 12.538481, 5.37313, 1523455249102.9441
8.249014, 12.583916, 5.369564, 1523455249186.0686
8.219708, 12.639401, 5.354798, 1523455249269.3774
8.182637, 12.693016, 5.347869, 1523455249352.8242
8.140139, 12.753848, 5.354302, 1523455249436.3633
8.105104, 12.808137, 5.364342, 1523455249519.9026
8.072891, 12.8617, 5.370917, 1523455249603.5801
8.044144, 12.917162, 5.370577, 1523455249687.1191
8.025922, 12.969823, 5.362911, 1523455249770.4741
8.007421, 13.028921, 5.354868, 1523455249853.5525
7.993169, 13.092705, 5.339169, 1523455249936.3081
7.984863, 13.162599, 5.328918, 1523455250018.9719
7.97528, 13.234213, 5.340313, 1523455250101.6816
7.963041, 13.305443, 5.349053, 1523455250184.5298
7.943713, 13.378094, 5.363551, 1523455250267.4697
7.932944, 13.44258, 5.367049, 1523455250350.4099
7.897527, 13.505615, 5.374762, 1523455250433.5806
7.854256, 13.563736, 5.364009, 1523455250516.9814
7.801576, 13.616634, 5.354384, 1523455250600.5664
7.742654, 13.657265, 5.341972, 1523455250684.3359
7.674113, 13.691256, 5.345861, 1523455250768.2437
7.579278, 13.722328, 5.357264, 1523455250852.3823
7.492694, 13.754355, 5.363612, 1523455250936.6589
7.41528, 13.782734, 5.365617, 1523455251020.7971
7.347952, 13.817561, 5.376978, 1523455251104.5671
7.278881, 13.850625, 5.375103, 1523455251187.8296
7.219131, 13.8879, 5.382333, 1523455251270.7698
7.164832, 13.931244, 5.397068, 1523455251353.4795
7.118346, 13.978961, 5.436668, 1523455251436.3735
7.069328, 14.024959, 5.490483, 1523455251519.4980
7.024853, 14.063008, 5.525703, 1523455251602.6226
7.000877, 14.096683, 5.54646, 1523455251685.5166
6.957347, 14.127309, 5.563598, 1523455251768.4109
6.905288, 14.159236, 5.572977, 1523455251851.4890
6.848343, 14.185456, 5.580244, 1523455251934.8438
6.792472, 14.209359, 5.595963, 1523455252018.2449
6.740138, 14.224713, 5.609354, 1523455252101.5999
6.688056, 14.2269, 5.652653, 1523455252185.0466
6.644514, 14.221229, 5.691759, 1523455252268.8623
6.590688, 14.213598, 5.730079, 1523455252353.0466
6.538696, 14.20448, 5.753158, 1523455252437.3232
6.480839, 14.193709, 5.754901, 1523455252521.4614
6.426196, 14.187816, 5.755174, 1523455252605.1851
6.374326, 14.195366, 5.757487, 1523455252688.2637
6.332203, 14.215597, 5.790622, 1523455252770.9734
6.290475, 14.238869, 5.836455, 1523455252853.5449
6.249789, 14.259671, 5.882895, 1523455252936.2546
6.210151, 14.282037, 5.914272, 1523455253018.9644
6.174647, 14.294092, 5.928283, 1523455253101.6279
6.136831, 14.303, 5.936257, 1523455253184.3838
6.083138, 14.311573, 5.942303, 1523455253267.3242
6.029512, 14.316208, 5.951623, 1523455253350.3564
5.97278, 14.312909, 5.973951, 1523455253433.4348
5.919028, 14.307999, 6.008791, 1523455253516.5134
5.870873, 14.302526, 6.056014, 1523455253599.7761
5.831064, 14.29139, 6.09255, 1523455253683.2693
5.790778, 14.280772, 6.108328, 1523455253766.9465
5.746388, 14.263906, 6.110696, 1523455253850.7622
5.692736, 14.247978, 6.112259, 1523455253934.4858
5.643032, 14.241654, 6.123729, 1523455254017.8406
5.599813, 14.245383, 6.152065, 1523455254100.7810
5.563325, 14.261399, 6.196129, 1523455254183.5369
5.536325, 14.282802, 6.238092, 1523455254266.2466
5.506907, 14.297569, 6.27151, 1523455254349.0483
5.47804, 14.304634, 6.283726, 1523455254432.0349
5.430438, 14.309081, 6.289572, 1523455254515.1594
5.379187, 14.314631, 6.2944, 1523455254598.3301
5.326683, 14.318338, 6.296976, 1523455254681.3623
5.272137, 14.322203, 6.312319, 1523455254764.3486
5.207599, 14.305515, 6.356817, 1523455254847.4734
5.157511, 14.287057, 6.40265, 1523455254930.9202
5.113916, 14.264544, 6.440725, 1523455255014.7356
5.082299, 14.244637, 6.463456, 1523455255098.7817
5.036439, 14.228912, 6.460053, 1523455255182.8738
4.992955, 14.209714, 6.459152, 1523455255266.7356
4.946912, 14.199001, 6.468405, 1523455255350.1824
4.901586, 14.200994, 6.493625, 1523455255433.3069
4.852774, 14.209831, 6.530824, 1523455255516.4312
4.816271, 14.221382, 6.579515, 1523455255599.4177
4.787538, 14.230105, 6.612908, 1523455255682.3579
4.75259, 14.236898, 6.623103, 1523455255765.2522
4.705732, 14.235011, 6.63447, 1523455255848.2842
4.664608, 14.236219, 6.639289, 1523455255931.3625
4.614541, 14.234158, 6.643572, 1523455256014.3950
4.563319, 14.22905, 6.655315, 1523455256097.3811
4.514207, 14.216203, 6.68982, 1523455256180.2751
4.469185, 14.202174, 6.73531, 1523455256263.3079
4.428112, 14.190625, 6.777719, 1523455256346.6626
4.396809, 14.178347, 6.800748, 1523455256430.3401
4.362264, 14.159414, 6.805125, 1523455256514.2480
4.315715, 14.137697, 6.802711, 1523455256598.2942
4.26019, 14.120884, 6.805136, 1523455256682.1558
4.197288, 14.099454, 6.813167, 1523455256765.6948
4.123991, 14.083314, 6.840709, 1523455256849.0037
4.058952, 14.080714, 6.888286, 1523455256932.0361
4.017452, 14.086757, 6.935706, 1523455257014.6538
3.989956, 14.097671, 6.96827, 1523455257097.1331
3.964006, 14.11024, 6.972547, 1523455257179.7048
3.929586, 14.113477, 6.975637, 1523455257262.5986
3.88426, 14.105485, 6.976319, 1523455257345.6311
3.8386, 14.098751, 6.965764, 1523455257428.7095
3.782359, 14.083421, 6.956033, 1523455257511.7878
3.721367, 14.052168, 6.94173, 1523455257595.0044
3.654972, 14.01142, 6.935745, 1523455257678.2209
3.58462, 13.969984, 6.954819, 1523455257761.4375
3.513789, 13.921003, 6.956462, 1523455257845.0229
3.443232, 13.876162, 6.960546, 1523455257928.9771
3.374031, 13.839989, 6.958328, 1523455258012.9312
3.292549, 13.803124, 6.954978, 1523455258096.5164
3.21674, 13.779918, 6.960304, 1523455258179.5488
3.13815, 13.769303, 6.970995, 1523455258262.2124
3.074192, 13.767197, 7.001968, 1523455258344.9226
3.012529, 13.762733, 7.049556, 1523455258427.8628
2.958747, 13.756972, 7.089833, 1523455258510.8491
2.907542, 13.758852, 7.116623, 1523455258593.7434
2.845798, 13.745661, 7.134018, 1523455258676.6375
2.787954, 13.728336, 7.147552, 1523455258759.8079
2.729076, 13.707798, 7.162066, 1523455258843.1165
2.671776, 13.684273, 7.1887, 1523455258926.4255
2.61902, 13.658315, 7.228501, 1523455259009.8264
2.588158, 13.629663, 7.272717, 1523455259093.5039
2.559525, 13.595454, 7.29542, 1523455259177.5500
2.541909, 13.562554, 7.30866, 1523455259261.8726
2.511796, 13.516136, 7.314915, 1523455259346.1489
2.489506, 13.480987, 7.311286, 1523455259430.0569
2.450563, 13.446507, 7.317342, 1523455259513.5042
2.40898, 13.416659, 7.366645, 1523455259596.7666
2.366371, 13.392913, 7.414216, 1523455259679.8914
2.333537, 13.379418, 7.457973, 1523455259762.8777
2.315168, 13.376265, 7.47916, 1523455259845.5874
2.284046, 13.363352, 7.483581, 1523455259928.1589
2.251575, 13.341966, 7.481369, 1523455260010.7766
2.220412, 13.320132, 7.487105, 1523455260093.5325
2.185766, 13.279793, 7.497278, 1523455260176.2422
2.14618, 13.233375, 7.517745, 1523455260259.1826
2.114115, 13.180135, 7.552753, 1523455260342.2610
2.089189, 13.133409, 7.60359, 1523455260425.5696
2.068344, 13.089851, 7.642514, 1523455260509.1548
2.046083, 13.062556, 7.660536, 1523455260593.0166
2.034837, 13.037246, 7.666486, 1523455260677.0166
2.016089, 12.989941, 7.660727, 1523455260761.1086
1.995268, 12.919358, 7.64643, 1523455260845.0625
1.974985, 12.857143, 7.632298, 1523455260928.6018
1.932027, 12.805545, 7.629383, 1523455261011.6340
1.886416, 12.771982, 7.643348, 1523455261094.6204
1.836677, 12.743642, 7.65323, 1523455261177.8369
1.792233, 12.689154, 7.657158, 1523455261261.0076
1.755145, 12.637474, 7.668823, 1523455261344.0400
1.718478, 12.570317, 7.673388, 1523455261426.9802
1.684268, 12.50174, 7.67008, 1523455261510.0125
1.665699, 12.420753, 7.672968, 1523455261593.2751
1.642178, 12.336689, 7.674805, 1523455261676.7224
1.634893, 12.258687, 7.700309, 1523455261760.0771
1.635984, 12.178919, 7.746498, 1523455261843.3857
1.640649, 12.113758, 7.783785, 1523455261926.8328
1.637063, 12.058403, 7.816389, 1523455262010.4641
1.636489, 12.003174, 7.834846, 1523455262094.0493
1.633032, 11.957802, 7.837447, 1523455262177.2659
1.624511, 11.905061, 7.839808, 1523455262260.2058
1.616183, 11.850623, 7.852794, 1523455262343.0540
1.605213, 11.792332, 7.887481, 1523455262426.1326
1.585333, 11.727591, 7.93475, 1523455262509.1650
1.565223, 11.695765, 7.973936, 1523455262591.9668
1.551958, 11.672192, 7.997006, 1523455262674.6304
1.545382, 11.645295, 8.005584, 1523455262757.4783
1.543715, 11.605245, 8.010041, 1523455262840.6948
1.542624, 11.554508, 8.0214, 1523455262924.3259
1.544225, 11.499101, 8.043392, 1523455263007.9573
1.549744, 11.444876, 8.078308, 1523455263091.4041
1.562448, 11.395182, 8.125257, 1523455263174.8049
1.584709, 11.346565, 8.167365, 1523455263258.3901
1.600681, 11.303764, 8.192058, 1523455263342.2058
1.616693, 11.26542, 8.202999, 1523455263426.1138
1.629511, 11.22134, 8.201356, 1523455263509.9758
1.645228, 11.174017, 8.200096, 1523455263593.5149
1.649441, 11.116823, 8.208913, 1523455263676.7314
1.648317, 11.061224, 8.237114, 1523455263759.5796
1.628799, 11.012354, 8.287501, 1523455263842.2432
1.604096, 10.983056, 8.328442, 1523455263924.7227
1.577474, 10.966025, 8.368933, 1523455264007.2480
1.558959, 10.945091, 8.387753, 1523455264089.9578
1.549756, 10.904418, 8.394371, 1523455264172.8521
1.546894, 10.860784, 8.392976, 1523455264255.9304
1.549362, 10.808528, 8.398135, 1523455264339.0549
1.547168, 10.748775, 8.414029, 1523455264422.2715
1.558211, 10.677708, 8.451653, 1523455264505.7185
1.575562, 10.606824, 8.501467, 1523455264589.3040
1.588716, 10.547053, 8.546276, 1523455264673.0276
1.598723, 10.499116, 8.575113, 1523455264756.6587
1.607928, 10.465307, 8.588985, 1523455264840.1060
1.622956, 10.429128, 8.588749, 1523455264923.5530
1.64096, 10.383023, 8.586167, 1523455265006.9541
1.656126, 10.330872, 8.589127, 1523455265090.2168
1.659287, 10.278265, 8.614776, 1523455265173.2031
1.651579, 10.22301, 8.659625, 1523455265255.9128
1.635119, 10.1963, 8.707068, 1523455265338.3921
1.624913, 10.166361, 8.737857, 1523455265421.0100
1.620002, 10.12957, 8.757383, 1523455265503.9043
1.619939, 10.095662, 8.768354, 1523455265586.9827
1.626274, 10.057481, 8.76723, 1523455265670.0610
1.634477, 10.007948, 8.761487, 1523455265753.1855
1.648865, 9.941936, 8.769045, 1523455265836.4023
1.672325, 9.880239, 8.801609, 1523455265919.8037
1.703395, 9.812271, 8.852602, 1523455266003.2048
1.732631, 9.774306, 8.890905, 1523455266086.5598
1.750333, 9.739081, 8.925017, 1523455266170.1450
1.766562, 9.709254, 8.946787, 1523455266253.9150
1.789655, 9.668477, 8.946202, 1523455266337.8691
1.810157, 9.630187, 8.934841, 1523455266421.6389
1.831789, 9.585659, 8.921201, 1523455266505.1782
1.848056, 9.528147, 8.912617, 1523455266588.5330
1.862, 9.452573, 8.933002, 1523455266671.9802
1.878511, 9.369358, 8.928884, 1523455266755.3813
1.879632, 9.299828, 8.954679, 1523455266838.4138
1.884176, 9.250999, 8.963219, 1523455266921.2620
1.898888, 9.197732, 8.958031, 1523455267004.2483
1.928313, 9.12914, 8.958146, 1523455267087.5110
1.954772, 9.057259, 8.962744, 1523455267170.8660
1.977358, 8.991311, 8.971256, 1523455267254.0828
2.007348, 8.922168, 8.988495, 1523455267337.1152
2.044545, 8.861483, 9.029974, 1523455267420.2856
2.072035, 8.795022, 9.085573, 1523455267503.8250
2.09838, 8.742061, 9.125614, 1523455267587.5945
2.123, 8.697342, 9.13779, 1523455267671.3640
2.148145, 8.653338, 9.140524, 1523455267755.1340
2.174856, 8.604147, 9.137833, 1523455267838.8574
2.199635, 8.553019, 9.145719, 1523455267922.3506
2.209983, 8.500033, 9.176359, 1523455268005.5674
2.207388, 8.45465, 9.218885, 1523455268088.5078
2.194206, 8.426125, 9.267391, 1523455268171.1252
2.181711, 8.404673, 9.289473, 1523455268253.6509
2.174524, 8.382234, 9.299284, 1523455268336.2224
2.167651, 8.353488, 9.298938, 1523455268419.0239
2.166267, 8.312452, 9.30162, 1523455268501.9180
2.165927, 8.260421, 9.309033, 1523455268584.7200
2.171572, 8.200857, 9.328238, 1523455268667.4758
2.197405, 8.14099, 9.360057, 1523455268750.3701
2.217787, 8.091549, 9.407887, 1523455268833.4949
2.252128, 8.038019, 9.464587, 1523455268917.0801
2.283561, 8.001821, 9.494696, 1523455269001.2644
2.311455, 7.969361, 9.516058, 1523455269085.7710
2.338557, 7.937635, 9.512939, 1523455269170.1858
2.367992, 7.891488, 9.514808, 1523455269254.2781
2.382833, 7.845329, 9.514321, 1523455269337.8174
2.387211, 7.79365, 9.537655, 1523455269420.9419
2.388113, 7.732009, 9.589818, 1523455269503.9744
2.377173, 7.682585, 9.64343, 1523455269586.8220
2.3587, 7.641963, 9.675421, 1523455269669.4858
2.352962, 7.611048, 9.69109, 1523455269752.1497
2.356941, 7.580439, 9.695773, 1523455269835.0437
2.373529, 7.54424, 9.693326, 1523455269918.0762
2.392015, 7.503505, 9.695287, 1523455270000.9705
2.40844, 7.465604, 9.688523, 1523455270083.6343
2.434402, 7.424233, 9.674291, 1523455270166.2979
2.47512, 7.387185, 9.664254, 1523455270249.1919
2.513636, 7.339133, 9.668828, 1523455270332.3167
2.555306, 7.307505, 9.675832, 1523455270415.6252
2.59374, 7.27398, 9.675892, 1523455270499.2107
2.625773, 7.237287, 9.681169, 1523455270582.8879
2.649531, 7.206435, 9.670027, 1523455270666.3811
2.665443, 7.165538, 9.669928, 1523455270749.5054
2.685422, 7.114409, 9.659209, 1523455270832.5376
2.712286, 7.050386, 9.658201, 1523455270915.6162
2.747931, 6.981239, 9.66858, 1523455270998.9250
2.781621, 6.916242, 9.672151, 1523455271082.2336
2.807598, 6.866949, 9.675081, 1523455271165.0818
2.83145, 6.825948, 9.677176, 1523455271247.6997
2.860309, 6.779547, 9.679745, 1523455271330.4556
2.908109, 6.747517, 9.664742, 1523455271413.3958
2.959499, 6.699854, 9.665587, 1523455271496.4744
3.021312, 6.665842, 9.651422, 1523455271579.6450
3.102859, 6.63684, 9.651843, 1523455271662.9539
3.178376, 6.628977, 9.648036, 1523455271746.6313
3.250176, 6.619263, 9.66527, 1523455271830.7695
3.326513, 6.61305, 9.667969, 1523455271915.1841
3.386055, 6.586794, 9.660707, 1523455271999.5068
3.44208, 6.567427, 9.657198, 1523455272083.4148
3.50881, 6.536636, 9.648432, 1523455272167.0000
3.57969, 6.512075, 9.644773, 1523455272250.4011
3.660264, 6.474737, 9.636829, 1523455272333.7097
3.731025, 6.446567, 9.657604, 1523455272417.0186
3.799401, 6.418356, 9.658734, 1523455272500.0969
3.8601, 6.399354, 9.658492, 1523455272582.9912
3.927859, 6.385384, 9.657697, 1523455272665.9314
4.006291, 6.3832, 9.66263, 1523455272749.1021
4.093149, 6.38412, 9.647116, 1523455272832.4568
4.18084, 6.392612, 9.643049, 1523455272916.0420
4.272871, 6.409485, 9.633858, 1523455272999.7190
4.357715, 6.432412, 9.649364, 1523455273083.3965
4.443483, 6.459419, 9.658398, 1523455273167.3044
4.527288, 6.477329, 9.666018, 1523455273251.4426
4.612281, 6.499659, 9.669015, 1523455273335.5808
4.692803, 6.510993, 9.665616, 1523455273419.2581
4.769723, 6.513711, 9.646965, 1523455273502.1985
4.837081, 6.494845, 9.643704, 1523455273584.4937
4.904451, 6.471984, 9.650941, 1523455273666.5581
4.970481, 6.455081, 9.646464, 1523455273748.6228
5.039409, 6.446438, 9.657857, 1523455273830.8259
5.108808, 6.460415, 9.659834, 1523455273913.3975
5.180791, 6.469075, 9.659453, 1523455273996.1995
5.260695, 6.478253, 9.650711, 1523455274079.2317
5.350699, 6.500626, 9.644986, 1523455274162.4482
5.441023, 6.536327, 9.64733, 1523455274245.8955
5.535391, 6.572557, 9.665826, 1523455274329.5269
5.617908, 6.609512, 9.67741, 1523455274413.5730
5.706679, 6.64876, 9.679823, 1523455274497.9875
5.788809, 6.681546, 9.688236, 1523455274582.4482
5.875371, 6.701999, 9.686228, 1523455274666.5862
5.964394, 6.716775, 9.66981, 1523455274750.2634
6.038313, 6.718198, 9.656037, 1523455274833.4802
6.119765, 6.710262, 9.64067, 1523455274916.4204
6.187921, 6.707963, 9.664741, 1523455274999.3606
6.257767, 6.707598, 9.681512, 1523455275082.1626
6.33277, 6.721931, 9.682146, 1523455275165.0566
6.407419, 6.732185, 9.67519, 1523455275247.9507
6.481284, 6.744375, 9.66438, 1523455275330.8445
6.567582, 6.762579, 9.655619, 1523455275413.7388
6.653964, 6.778718, 9.637455, 1523455275496.6326
6.740877, 6.800356, 9.636781, 1523455275579.5269
6.830843, 6.82264, 9.640121, 1523455275662.6514
6.927499, 6.84374, 9.646895, 1523455275746.0063
7.012326, 6.8583, 9.657495, 1523455275829.3611
7.08701, 6.859317, 9.663674, 1523455275912.3933
7.152105, 6.854552, 9.652961, 1523455275994.9648
7.216094, 6.840394, 9.650357, 1523455276077.3059
7.292414, 6.823805, 9.637464, 1523455276159.7393
7.362329, 6.801452, 9.644538, 1523455276242.3567
7.424429, 6.778467, 9.648573, 1523455276325.0664
7.483518, 6.760219, 9.654418, 1523455276407.7761
7.563718, 6.734392, 9.666764, 1523455276490.6240
7.62992, 6.728525, 9.659327, 1523455276573.8406
7.718872, 6.730709, 9.650099, 1523455276657.4258
7.803428, 6.729837, 9.641599, 1523455276741.3337
7.876759, 6.739801, 9.637675, 1523455276825.3796
7.954416, 6.764942, 9.638639, 1523455276909.5181
8.027358, 6.784369, 9.647451, 1523455276993.8403
8.111773, 6.793682, 9.657914, 1523455277078.1628
8.19383, 6.791329, 9.66883, 1523455277162.2549
8.267002, 6.779621, 9.668789, 1523455277245.9324
8.344266, 6.767138, 9.653768, 1523455277329.2874
8.43115, 6.742681, 9.645832, 1523455277412.5042
8.518374, 6.729005, 9.647777, 1523455277495.6284
8.595292, 6.713381, 9.654848, 1523455277578.5227
8.650914, 6.697488, 9.669936, 1523455277661.0483
8.716882, 6.682679, 9.666531, 1523455277743.5276
8.792127, 6.665383, 9.673342, 1523455277826.1453
8.873753, 6.654794, 9.651477, 1523455277908.7629
8.947194, 6.652778, 9.640943, 1523455277991.5188
9.022271, 6.653735, 9.621843, 1523455278074.4128
9.09565, 6.661665, 9.635285, 1523455278157.5374
9.193495, 6.668392, 9.656369, 1523455278241.0764
9.268509, 6.693985, 9.654899, 1523455278324.9380
9.345495, 6.700242, 9.670641, 1523455278408.7073
9.422337, 6.704371, 9.6663, 1523455278492.1084
9.499763, 6.696308, 9.66191, 1523455278575.1406
9.581917, 6.691847, 9.637013, 1523455278658.0811
9.662702, 6.68777, 9.633225, 1523455278741.2979
9.746831, 6.683604, 9.655439, 1523455278824.7910
9.826494, 6.685567, 9.667281, 1523455278908.2380
9.896772, 6.691069, 9.661232, 1523455278991.5471
9.972248, 6.705288, 9.6621, 1523455279074.9480
10.058134, 6.726631, 9.654747, 1523455279158.6714
10.149705, 6.757032, 9.641122, 1523455279242.8096
10.238374, 6.786173, 9.635855, 1523455279326.9941
10.323291, 6.817287, 9.648859, 1523455279411.0864
10.414221, 6.856119, 9.657759, 1523455279495.2244
10.525204, 6.876704, 9.682462, 1523455279579.3623
10.615995, 6.899628, 9.693869, 1523455279663.1777
10.705927, 6.916579, 9.678562, 1523455279746.5322
10.794039, 6.915257, 9.671182, 1523455279829.5186
10.880385, 6.904908, 9.663306, 1523455279912.2278
10.971285, 6.888412, 9.653174, 1523455279994.8455
11.044595, 6.856715, 9.667233, 1523455280077.3706
11.117203, 6.831738, 9.670971, 1523455280159.8037
11.194545, 6.813497, 9.671271, 1523455280242.4209
11.28846, 6.792485, 9.660194, 1523455280325.5454
11.393482, 6.771948, 9.656509, 1523455280409.2688
11.501719, 6.740979, 9.654412, 1523455280493.1301
11.604403, 6.708839, 9.648837, 1523455280576.7153
11.69896, 6.679306, 9.646111, 1523455280659.9319
11.801242, 6.644663, 9.649132, 1523455280743.3328
11.920281, 6.59206, 9.661095, 1523455280827.1946
12.027223, 6.52731, 9.668789, 1523455280911.1025
12.115841, 6.462728, 9.662927, 1523455280994.5034
12.172554, 6.398609, 9.649067, 1523455281077.1670
12.214142, 6.334654, 9.637536, 1523455281159.3699
12.244625, 6.256179, 9.651354, 1523455281241.5728
12.265425, 6.180804, 9.653746, 1523455281323.9138
12.292866, 6.103074, 9.661304, 1523455281406.3013
12.333142, 6.037384, 9.65395, 1523455281488.8267
12.386102, 5.969052, 9.656712, 1523455281571.6292
12.439963, 5.891604, 9.647989, 1523455281654.8916
12.495919, 5.8028, 9.646065, 1523455281738.5688
12.554428, 5.717784, 9.636088, 1523455281822.3386
12.608097, 5.628148, 9.639237, 1523455281906.0159
12.67422, 5.534246, 9.661282, 1523455281989.8315
12.730602, 5.434444, 9.669296, 1523455282073.8315
12.778446, 5.344935, 9.673234, 1523455282157.8311
12.801353, 5.246328, 9.676692, 1523455282241.4624
12.821143, 5.1616, 9.666592, 1523455282324.5869
12.810662, 5.084918, 9.630243, 1523455282407.3428
12.791539, 5.000741, 9.633684, 1523455282490.0061
12.780103, 4.92056, 9.65696, 1523455282572.9004
12.772883, 4.825506, 9.653646, 1523455282655.8406
12.774217, 4.728375, 9.653014, 1523455282738.8269
12.779248, 4.639283, 9.64651, 1523455282822.1819
12.788299, 4.538385, 9.646337, 1523455282905.8130
12.791441, 4.425369, 9.635372, 1523455282989.5364
12.788709, 4.3233, 9.625726, 1523455283073.1672
12.790485, 4.220239, 9.625224, 1523455283156.7986
12.787652, 4.106322, 9.641318, 1523455283240.7986
12.7747, 3.984617, 9.649035, 1523455283324.9829
12.757828, 3.878846, 9.64004, 1523455283409.0288
12.730847, 3.783337, 9.626024, 1523455283492.6143
12.694787, 3.694736, 9.613217, 1523455283575.9229
12.651037, 3.612739, 9.623713, 1523455283659.1396
12.600241, 3.551477, 9.621392, 1523455283742.2639
12.558065, 3.469851, 9.642118, 1523455283825.1580
12.506991, 3.395702, 9.633787, 1523455283907.9138
12.447608, 3.319563, 9.63372, 1523455283990.6238
12.376348, 3.238074, 9.619531, 1523455284073.2874
12.313376, 3.169126, 9.610834, 1523455284155.8130
12.252325, 3.091222, 9.611391, 1523455284238.2002
12.177648, 3.022063, 9.598871, 1523455284320.8638
12.093545, 2.948901, 9.613426, 1523455284404.1267
11.993181, 2.863978, 9.614819, 1523455284487.9421
11.889689, 2.80339, 9.620599, 1523455284571.7578
11.800283, 2.757752, 9.614353, 1523455284655.1128
11.718847, 2.729487, 9.590899, 1523455284737.8687
11.635005, 2.708847, 9.593312, 1523455284820.3022
11.555579, 2.703983, 9.608613, 1523455284902.6433
11.47874, 2.714387, 9.616329, 1523455284984.8000
11.425686, 2.715867, 9.636162, 1523455285066.8645
11.359631, 2.713651, 9.63297, 1523455285149.0215
11.280674, 2.701277, 9.627286, 1523455285231.6389
11.192206, 2.686223, 9.616028, 1523455285314.8096
11.103371, 2.664189, 9.611629, 1523455285398.4412
11.011396, 2.639804, 9.605218, 1523455285482.1646
10.92856, 2.612749, 9.604351, 1523455285566.0259
10.829927, 2.578758, 9.617615, 1523455285650.3022
10.72046, 2.55309, 9.629787, 1523455285734.9011
10.616209, 2.537415, 9.634753, 1523455285819.3157
10.525952, 2.530674, 9.625663, 1523455285903.1772
10.438627, 2.534016, 9.61016, 1523455285986.5320
10.345278, 2.540753, 9.603255, 1523455286069.6565
10.256349, 2.558946, 9.606427, 1523455286152.7346
10.177993, 2.572113, 9.61271, 1523455286235.6746
10.091748, 2.576789, 9.621346, 1523455286318.6147
10.020224, 2.571594, 9.623083, 1523455286401.6467
9.920845, 2.568282, 9.608243, 1523455286484.8633
9.807215, 2.562329, 9.598925, 1523455286568.2642
9.693109, 2.553887, 9.585042, 1523455286651.6191
9.590136, 2.53237, 9.578308, 1523455286735.0203
9.482804, 2.497711, 9.596649, 1523455286818.7900
9.370766, 2.48126, 9.610561, 1523455286902.8823
9.274397, 2.462674, 9.599125, 1523455286986.6978
9.168048, 2.450209, 9.596282, 1523455287069.8684
9.083501, 2.460336, 9.576593, 1523455287152.5320
8.995451, 2.471847, 9.570214, 1523455287235.1958
8.912037, 2.487993, 9.579967, 1523455287317.9978
8.821308, 2.499169, 9.580587, 1523455287400.7537
8.738226, 2.499493, 9.568789, 1523455287483.5098
8.651369, 2.502417, 9.583455, 1523455287566.3579
8.560083, 2.497576, 9.546974, 1523455287649.3904
8.451748, 2.497122, 9.57122, 1523455287732.6072
8.358551, 2.490607, 9.542684, 1523455287815.8237
8.25346, 2.479076, 9.539954, 1523455287899.0867
8.157037, 2.468387, 9.563458, 1523455287982.5796
8.054848, 2.453447, 9.604996, 1523455288066.4414
7.954916, 2.449425, 9.607612, 1523455288150.4414
7.866658, 2.448987, 9.586205, 1523455288234.1189
7.797674, 2.463893, 9.5797, 1523455288317.3816
7.71082, 2.474715, 9.552687, 1523455288400.4602
7.625538, 2.494052, 9.559216, 1523455288483.5386
7.555857, 2.517821, 9.566436, 1523455288566.4788
7.485407, 2.527953, 9.583353, 1523455288649.3726
7.4101, 2.538956, 9.575192, 1523455288732.4048
7.333536, 2.540808, 9.577346, 1523455288815.7136
7.233192, 2.520302, 9.570731, 1523455288899.2991
7.132434, 2.517294, 9.552767, 1523455288982.9763
7.039769, 2.509604, 9.538418, 1523455289066.4233
6.951666, 2.502878, 9.560246, 1523455289149.8242
6.844948, 2.493883, 9.57584, 1523455289233.5938
6.726132, 2.494041, 9.582264, 1523455289317.5938
6.629393, 2.50236, 9.590631, 1523455289401.3169
6.554586, 2.516176, 9.606899, 1523455289484.3953
6.485717, 2.53669, 9.587238, 1523455289566.8748
6.42356, 2.562507, 9.584557, 1523455289649.1235
6.359935, 2.592569, 9.580585, 1523455289731.5569
6.286775, 2.62202, 9.578491, 1523455289814.2666
6.215016, 2.642283, 9.58449, 1523455289897.1604
6.142726, 2.646837, 9.600607, 1523455289980.3308
6.060408, 2.658961, 9.610217, 1523455290063.9622
5.969126, 2.675113, 9.597753, 1523455290147.9622
5.880925, 2.68266, 9.59218, 1523455290231.9619
5.790925, 2.698933, 9.566612, 1523455290315.8237
5.690198, 2.704814, 9.59222, 1523455290399.4092
5.60944, 2.73227, 9.617731, 1523455290483.0864
5.518266, 2.763378, 9.624605, 1523455290566.9941
5.422524, 2.788598, 9.634902, 1523455290650.9480
5.344723, 2.825353, 9.63927, 1523455290734.5791
5.275199, 2.866158, 9.648499, 1523455290817.7039
5.233129, 2.905269, 9.632149, 1523455290900.4133
5.193407, 2.95132, 9.63225, 1523455290983.1689
5.126674, 2.998319, 9.627694, 1523455291066.0630
5.067553, 3.041522, 9.616881, 1523455291149.0032
4.999915, 3.083752, 9.625009, 1523455291231.9895
4.928176, 3.131877, 9.630518, 1523455291315.0676
4.845893, 3.18374, 9.62461, 1523455291398.2844
4.760462, 3.235044, 9.609828, 1523455291481.5012
4.677545, 3.290339, 9.615135, 1523455291564.7178
4.605042, 3.338146, 9.612664, 1523455291648.0730
4.530122, 3.395643, 9.621779, 1523455291731.7043
4.45767, 3.456866, 9.638146, 1523455291815.3816
4.403581, 3.515774, 9.645347, 1523455291898.8289
4.358661, 3.56985, 9.651545, 1523455291981.9995
4.321193, 3.634368, 9.650618, 1523455292064.9856
4.274554, 3.704238, 9.631014, 1523455292147.8335
4.255961, 3.772667, 9.628967, 1523455292230.6357
4.255816, 3.834635, 9.63645, 1523455292313.4836
4.243154, 3.901544, 9.646431, 1523455292396.2854
4.21619, 3.9711, 9.649966, 1523455292479.2717
4.183997, 4.050262, 9.650422, 1523455292562.4885
4.154393, 4.134105, 9.646713, 1523455292645.9353
4.126045, 4.232019, 9.641238, 1523455292729.3826
4.107492, 4.314299, 9.629412, 1523455292812.5994
4.082709, 4.395622, 9.62848, 1523455292895.5854
4.053913, 4.485293, 9.631118, 1523455292978.7097
4.017587, 4.588854, 9.640783, 1523455293062.4333
3.997133, 4.706054, 9.647834, 1523455293146.6638
3.993197, 4.809775, 9.653529, 1523455293230.9399
3.996377, 4.907093, 9.653034, 1523455293314.7556
4.017125, 4.988903, 9.635937, 1523455293397.9263
4.053823, 5.064289, 9.633245, 1523455293480.7283
4.091869, 5.132272, 9.642556, 1523455293563.4841
4.120177, 5.203992, 9.6442, 1523455293646.2859
4.147137, 5.271955, 9.647707, 1523455293729.1338
4.164057, 5.343043, 9.647449, 1523455293812.2583
4.18828, 5.427053, 9.647519, 1523455293895.5212
4.216689, 5.51122, 9.636895, 1523455293978.7839
4.246098, 5.597585, 9.634033, 1523455294062.0466
4.279835, 5.680163, 9.612359, 1523455294145.1707
4.309644, 5.76293, 9.620361, 1523455294228.3870
4.357295, 5.8656, 9.632177, 1523455294312.0183
4.419634, 5.960191, 9.638522, 1523455294395.8804
4.483187, 6.057894, 9.65775, 1523455294479.6958
4.551071, 6.131193, 9.641905, 1523455294563.0508
4.618808, 6.190616, 9.636853, 1523455294645.9451
4.68474, 6.233647, 9.644504, 1523455294728.5166
4.761658, 6.257208, 9.659753, 1523455294811.0422
4.821622, 6.280564, 9.667019, 1523455294893.6138
4.887484, 6.306303, 9.670174, 1523455294976.1394
4.953545, 6.343994, 9.675931, 1523455295058.8489
5.02509, 6.389473, 9.671986, 1523455295141.9272
5.116204, 6.437711, 9.668343, 1523455295225.3281
5.195608, 6.485253, 9.644212, 1523455295308.7754
5.264223, 6.538736, 9.636724, 1523455295392.1301
5.332211, 6.578843, 9.642301, 1523455295475.6694
5.424033, 6.639821, 9.657063, 1523455295559.4392
5.516127, 6.689363, 9.658989, 1523455295643.3010
5.601985, 6.71751, 9.662187, 1523455295726.9329
5.672454, 6.737554, 9.651053, 1523455295810.1035
5.747421, 6.743949, 9.642723, 1523455295892.9055
5.828356, 6.744299, 9.630113, 1523455295975.7534
5.900978, 6.740997, 9.64623, 1523455296058.6477
5.971, 6.739199, 9.657693, 1523455296141.5881
6.036909, 6.737962, 9.66737, 1523455296224.6204
6.10798, 6.747578, 9.669711, 1523455296307.7913
6.180966, 6.758396, 9.663368, 1523455296391.1003
6.256373, 6.772556, 9.653955, 1523455296474.5015
6.333353, 6.789103, 9.640998, 1523455296557.7644
6.409555, 6.805428, 9.626912, 1523455296640.9351
6.491716, 6.826219, 9.624255, 1523455296724.1519
6.588926, 6.851398, 9.640595, 1523455296807.6909
6.693696, 6.873225, 9.650302, 1523455296891.4143
6.78032, 6.890326, 9.651932, 1523455296974.9998
6.863556, 6.891924, 9.663252, 1523455297058.3088
6.949987, 6.891858, 9.651747, 1523455297141.2954
7.041314, 6.873225, 9.64627, 1523455297224.1895
7.134605, 6.853939, 9.653663, 1523455297307.1760
7.214881, 6.826197, 9.662597, 1523455297390.1162
7.28877, 6.797616, 9.667192, 1523455297473.0103
7.362553, 6.779976, 9.672062, 1523455297555.9966
7.452335, 6.768747, 9.672535, 1523455297639.3057
7.550144, 6.759616, 9.669056, 1523455297723.0291
7.658274, 6.754112, 9.654253, 1523455297806.7986
7.761144, 6.753118, 9.644434, 1523455297890.4299
7.86869, 6.75573, 9.63342, 1523455297973.7388
7.960145, 6.75852, 9.661667, 1523455298057.0938
8.068928, 6.759897, 9.660455, 1523455298140.6792
8.153106, 6.744639, 9.677799, 1523455298224.4485
8.242174, 6.737118, 9.666738, 1523455298308.0798
8.321832, 6.722428, 9.651772, 1523455298391.1121
8.378525, 6.700049, 9.638691, 1523455298473.6838
8.440079, 6.66565, 9.645218, 1523455298556.2554
8.517525, 6.637547, 9.660692, 1523455298639.2876
8.601933, 6.615649, 9.668858, 1523455298722.5505
8.67472, 6.591119, 9.676315, 1523455298805.6289
8.740716, 6.579304, 9.67779, 1523455298888.3845
8.807165, 6.568583, 9.663254, 1523455298971.2327
8.893196, 6.564959, 9.664781, 1523455299054.4033
8.992743, 6.569287, 9.647116, 1523455299138.0808
9.073997, 6.58761, 9.660178, 1523455299222.0344
9.151581, 6.616037, 9.655607, 1523455299306.2646
9.231237, 6.635593, 9.657416, 1523455299390.5874
9.308109, 6.645548, 9.655785, 1523455299474.6335
9.386189, 6.648703, 9.661142, 1523455299558.3110
9.461539, 6.652107, 9.648925, 1523455299641.8042
9.545432, 6.65181, 9.642916, 1523455299725.1592
9.62937, 6.645637, 9.64673, 1523455299808.6521
9.714056, 6.639915, 9.657863, 1523455299892.0532
9.789765, 6.636093, 9.667871, 1523455299975.1777
9.857793, 6.638429, 9.667739, 1523455300058.1179
9.937925, 6.647246, 9.661988, 1523455300141.1501
10.026448, 6.669019, 9.650098, 1523455300224.3672
10.117032, 6.693932, 9.638141, 1523455300307.7681
10.205425, 6.723156, 9.627654, 1523455300391.0308
10.296273, 6.755654, 9.63563, 1523455300474.1553
10.382733, 6.790604, 9.643694, 1523455300557.4182
10.485036, 6.833292, 9.656029, 1523455300641.1880
10.585874, 6.867551, 9.66221, 1523455300725.1875
10.671721, 6.892052, 9.665266, 1523455300808.9570
10.757219, 6.907902, 9.655738, 1523455300892.1274
10.838793, 6.91219, 9.645907, 1523455300974.8372
10.92749, 6.901437, 9.648008, 1523455301057.4087
11.008852, 6.885074, 9.664258, 1523455301139.9802
11.090177, 6.869409, 9.670119, 1523455301222.5056
11.170703, 6.866058, 9.67444, 1523455301305.0308
11.248007, 6.856452, 9.674317, 1523455301387.7869
11.333259, 6.870029, 9.663073, 1523455301470.8191
11.433266, 6.882649, 9.654703, 1523455301554.2197
11.535986, 6.899468, 9.654308, 1523455301637.6665
11.631537, 6.917116, 9.656596, 1523455301721.0676
11.721506, 6.937108, 9.66893, 1523455301804.5605
11.808729, 6.955422, 9.674715, 1523455301888.3303
11.892878, 6.970935, 9.685308, 1523455301972.2380
11.973727, 6.982284, 9.672428, 1523455302055.8701
12.037733, 6.978001, 9.648453, 1523455302138.8101
12.097282, 6.96315, 9.636735, 1523455302221.3357
12.164678, 6.94088, 9.631351, 1523455302303.9070
12.236095, 6.922948, 9.640789, 1523455302386.7551
12.320656, 6.920897, 9.647408, 1523455302469.7871
12.403116, 6.915897, 9.658525, 1523455302552.8655
12.484252, 6.913688, 9.667707, 1523455302635.8054
12.569016, 6.92072, 9.66468, 1523455302718.8835
12.641233, 6.930537, 9.656414, 1523455302802.0542
12.724401, 6.950639, 9.64425, 1523455302885.3167
12.795034, 6.979486, 9.644529, 1523455302968.4873
12.862413, 7.004802, 9.65239, 1523455303051.7502
12.92811, 7.027605, 9.653433, 1523455303135.2434
12.992219, 7.0371, 9.66421, 1523455303218.6902
13.05584, 7.048659, 9.651756, 1523455303301.6765
13.114359, 7.052055, 9.633431, 1523455303384.3860
13.169945, 7.045797, 9.633542, 1523455303467.1418
13.227115, 7.043272, 9.625025, 1523455303550.0818
13.29868, 7.041097, 9.635263, 1523455303633.1140
13.366488, 7.027079, 9.647432, 1523455303716.0999
13.420043, 7.020606, 9.664396, 1523455303798.9939
13.486885, 7.029799, 9.666558, 1523455303882.1184
13.540056, 7.059079, 9.662654, 1523455303965.7959
13.589004, 7.101814, 9.656109, 1523455304049.9800
13.628538, 7.145876, 9.639975, 1523455304134.2104
13.658769, 7.188819, 9.643592, 1523455304218.3945
13.696722, 7.232695, 9.636903, 1523455304302.7168
13.733082, 7.286585, 9.638807, 1523455304387.0391
13.773306, 7.321276, 9.650059, 1523455304471.0391
13.809502, 7.339189, 9.646395, 1523455304554.3938
13.850195, 7.349088, 9.614806, 1523455304637.1497
13.896331, 7.339403, 9.583889, 1523455304719.6292
13.945005, 7.336189, 9.51973, 1523455304802.2009
14.008287, 7.342839, 9.474026, 1523455304885.2793
14.081161, 7.356562, 9.470207, 1523455304968.8181
14.150163, 7.375313, 9.490835, 1523455305052.4036
14.192981, 7.381862, 9.470807, 1523455305135.6665
14.237867, 7.39182, 9.450516, 1523455305218.6987
14.270712, 7.412616, 9.416941, 1523455305301.8691
14.3068, 7.449112, 9.372553, 1523455305385.3623
14.334671, 7.484811, 9.316933, 1523455305468.8093
14.365232, 7.528256, 9.27809, 1523455305552.1643
14.396781, 7.565437, 9.272305, 1523455305635.4268
14.432004, 7.599342, 9.272459, 1523455305718.7354
14.47087, 7.623435, 9.256753, 1523455305801.9060
14.512947, 7.644691, 9.221059, 1523455305884.8459
14.555815, 7.654388, 9.171034, 1523455305967.5559
14.604506, 7.677591, 9.119718, 1523455306050.4500
14.657988, 7.712367, 9.103756, 1523455306133.9890
14.699848, 7.765422, 9.108578, 1523455306218.0349
14.735407, 7.812901, 9.106126, 1523455306301.9888
14.763936, 7.857711, 9.09443, 1523455306385.5740
14.787881, 7.907108, 9.069877, 1523455306468.9292
14.807788, 7.97015, 9.032561, 1523455306552.1917
14.819963, 8.036301, 8.988116, 1523455306635.3623
14.829482, 8.105662, 8.93199, 1523455306718.3027
14.848069, 8.183434, 8.904082, 1523455306801.2427
14.872933, 8.254126, 8.915034, 1523455306884.0908
14.903335, 8.319867, 8.930237, 1523455306966.8005
14.938663, 8.377493, 8.924448, 1523455307049.2800
14.980412, 8.437011, 8.900628, 1523455307131.5288
15.021811, 8.489064, 8.895914, 1523455307213.9619
15.069464, 8.53866, 8.907041, 1523455307296.6719
15.12076, 8.584322, 8.931162, 1523455307379.6121
15.163138, 8.632792, 8.940594, 1523455307462.6445
15.200729, 8.686069, 8.942599, 1523455307545.8611
15.232174, 8.742844, 8.932007, 1523455307629.3083
15.254261, 8.798725, 8.922747, 1523455307713.0781
15.268078, 8.855387, 8.92049, 1523455307797.0781
15.282383, 8.917238, 8.933514, 1523455307881.1702
15.301477, 8.972928, 8.942618, 1523455307965.0320
15.328518, 9.0144, 8.937579, 1523455308048.5251
15.359568, 9.046796, 8.917132, 1523455308131.6499
15.395258, 9.078769, 8.882971, 1523455308214.6819
15.432226, 9.116902, 8.830346, 1523455308297.7603
15.471014, 9.158728, 8.774956, 1523455308381.0691
15.501797, 9.205112, 8.736748, 1523455308464.7466
15.524491, 9.261787, 8.73861, 1523455308548.8386
15.541583, 9.32056, 8.732253, 1523455308632.9307
15.551733, 9.354558, 8.721032, 1523455308716.5620
15.554717, 9.399976, 8.699537, 1523455308800.0093
15.54427, 9.455223, 8.667129, 1523455308883.5945
15.529919, 9.517599, 8.624117, 1523455308967.2261
15.513953, 9.574163, 8.563204, 1523455309050.6270
15.503499, 9.625628, 8.531579, 1523455309133.7517
15.491097, 9.686051, 8.523359, 1523455309216.7378
15.488625, 9.738414, 8.526917, 1523455309299.5857
15.498569, 9.779486, 8.520224, 1523455309382.2954
15.517576, 9.814869, 8.495154, 1523455309464.8669
15.537258, 9.852954, 8.447409, 1523455309547.3003
15.55381, 9.892529, 8.381992, 1523455309629.8723
15.563632, 9.934889, 8.337574, 1523455309712.9507
15.557878, 10.003292, 8.335174, 1523455309796.8123
15.543921, 10.071444, 8.334049, 1523455309880.8584
15.532128, 10.118433, 8.333366, 1523455309964.6279
15.520674, 10.163455, 8.315613, 1523455310048.0750
15.500715, 10.216151, 8.281423, 1523455310131.7983
15.466991, 10.277263, 8.23739, 1523455310215.7983
15.434043, 10.340404, 8.185795, 1523455310299.6602
15.406498, 10.401999, 8.155586, 1523455310382.9688
15.389022, 10.44735, 8.145136, 1523455310465.6787
15.387319, 10.487351, 8.15061, 1523455310548.2043
15.395319, 10.526093, 8.148313, 1523455310630.6833
15.415101, 10.568099, 8.124063, 1523455310713.2090
15.442863, 10.613451, 8.083278, 1523455310795.5962
15.47122, 10.652576, 8.031666, 1523455310878.0754
15.490072, 10.701542, 7.989153, 1523455310960.8315
15.49313, 10.763786, 7.975882, 1523455311044.1868
15.488763, 10.822098, 7.969316, 1523455311127.9104
15.482891, 10.882502, 7.970114, 1523455311211.5415
15.472931, 10.935239, 7.959625, 1523455311294.9424
15.4594, 10.990035, 7.932897, 1523455311378.3438
15.435871, 11.047711, 7.887241, 1523455311461.9749
15.415524, 11.11431, 7.834435, 1523455311545.6523
15.395587, 11.169771, 7.785937, 1523455311629.0073
15.387151, 11.231057, 7.768366, 1523455311711.9475
15.389729, 11.295455, 7.772222, 1523455311794.6572
15.397044, 11.359921, 7.767674, 1523455311877.5054
15.408144, 11.426247, 7.741026, 1523455311960.4917
15.4211, 11.499552, 7.698354, 1523455312043.4319
15.43636, 11.575034, 7.649937, 1523455312126.4644
15.446582, 11.656279, 7.640894, 1523455312209.7268
15.445006, 11.749278, 7.653656, 1523455312293.2200
15.437464, 11.831141, 7.662792, 1523455312376.7131
15.423615, 11.906961, 7.674296, 1523455312460.1599
15.399253, 11.986432, 7.663016, 1523455312543.6531
15.364753, 12.055654, 7.651145, 1523455312627.1921
15.328028, 12.114804, 7.645079, 1523455312710.8235
15.284183, 12.172531, 7.649822, 1523455312794.5010
15.245095, 12.24823, 7.658623, 1523455312878.0862
15.22091, 12.308461, 7.66239, 1523455312961.2566
15.214956, 12.369611, 7.652265, 1523455313043.9207
15.220797, 12.422448, 7.630257, 1523455313126.4919
15.220189, 12.481629, 7.625875, 1523455313209.3857
15.210283, 12.547544, 7.6398, 1523455313292.7866
15.195914, 12.609158, 7.656148, 1523455313376.0957
15.186834, 12.659787, 7.659552, 1523455313459.0818
15.18156, 12.699804, 7.654321, 1523455313541.9297
15.158016, 12.735626, 7.634036, 1523455313625.0083
15.116063, 12.778437, 7.598065, 1523455313708.5935
15.062169, 12.822412, 7.554746, 1523455313792.6394
15.003138, 12.851632, 7.504103, 1523455313876.6855
14.953679, 12.877979, 7.477479, 1523455313960.4551
14.909636, 12.912605, 7.47014, 1523455314043.7178
14.891252, 12.924697, 7.46489, 1523455314126.5659
14.869899, 12.96808, 7.436616, 1523455314209.1836
14.864092, 13.018085, 7.383121, 1523455314291.8472
14.851098, 13.061213, 7.337919, 1523455314374.8794
14.835809, 13.101246, 7.319342, 1523455314458.4648
14.781145, 13.165994, 7.320336, 1523455314542.6030
14.730952, 13.21008, 7.310248, 1523455314626.5110
14.69642, 13.239973, 7.289454, 1523455314710.0964
14.643719, 13.266057, 7.246789, 1523455314793.7275
14.578538, 13.284801, 7.200136, 1523455314877.5894
14.509034, 13.306945, 7.151432, 1523455314961.3589
14.453471, 13.334119, 7.113307, 1523455315044.5295
14.419357, 13.358459, 7.110404, 1523455315127.0552
14.38973, 13.401174, 7.088405, 1523455315209.3499
14.354606, 13.446709, 7.060306, 1523455315291.8291
14.31476, 13.494976, 7.017439, 1523455315374.5847
14.270616, 13.547239, 6.975089, 1523455315457.7092
14.20957, 13.611043, 6.96936, 1523455315541.1104
14.148895, 13.668926, 6.97393, 1523455315624.4651
14.091858, 13.720103, 6.980881, 1523455315707.6355
14.024414, 13.766964, 6.98689, 1523455315790.9446
13.937675, 13.811556, 6.981798, 1523455315874.5759
13.849915, 13.835257, 6.971375, 1523455315958.4836
13.757442, 13.852712, 6.981736, 1523455316042.6218
13.665953, 13.870664, 6.997381, 1523455316126.7141
13.585324, 13.896015, 7.005977, 1523455316210.4839
13.530168, 13.932508, 6.991545, 1523455316293.6082
13.497112, 13.973315, 6.980986, 1523455316376.1799
13.47031, 14.015457, 6.972062, 1523455316458.6133
13.430494, 14.060599, 6.978475, 1523455316541.1848
13.384254, 14.097127, 6.978688, 1523455316623.9407
13.350669, 14.123575, 6.969182, 1523455316706.6968
13.322221, 14.136493, 6.952807, 1523455316789.6367
13.27388, 14.14751, 6.922123, 1523455316872.9456
13.219146, 14.148732, 6.874735, 1523455316956.5310
13.169637, 14.150636, 6.818868, 1523455317040.1165
13.124367, 14.147589, 6.774653, 1523455317123.4712
13.075727, 14.14613, 6.763417, 1523455317206.5955
13.033381, 14.151801, 6.750738, 1523455317289.5820
12.99038, 14.166237, 6.720819, 1523455317372.4763
12.950069, 14.189445, 6.673613, 1523455317455.3242
12.920715, 14.218048, 6.619155, 1523455317538.2642
12.871396, 14.245449, 6.563486, 1523455317621.5730
12.810693, 14.258482, 6.565001, 1523455317705.3425
12.736463, 14.26677, 6.561913, 1523455317789.1580
12.678578, 14.265724, 6.558946, 1523455317872.6970
12.627782, 14.261302, 6.532204, 1523455317956.1902
12.566928, 14.254348, 6.498064, 1523455318039.9138
12.493867, 14.233112, 6.446792, 1523455318123.9597
12.41855, 14.214743, 6.402846, 1523455318207.6375
12.358871, 14.204549, 6.377629, 1523455318290.7161
12.309206, 14.208775, 6.369479, 1523455318373.2876
12.265329, 14.219085, 6.344774, 1523455318455.6289
12.232103, 14.242755, 6.307109, 1523455318538.0620
12.194049, 14.270299, 6.257097, 1523455318620.6797
12.147041, 14.29783, 6.208109, 1523455318703.7122
12.085727, 14.310051, 6.211113, 1523455318787.2512
12.009194, 14.310287, 6.200163, 1523455318870.6982
11.949837, 14.304823, 6.197226, 1523455318953.9146
11.899845, 14.296384, 6.162966, 1523455319037.0854
11.846609, 14.273899, 6.11961, 1523455319120.6245
11.777694, 14.243822, 6.064836, 1523455319204.4399
11.711383, 14.215007, 6.030977, 1523455319288.1177
11.653577, 14.194382, 6.015525, 1523455319371.2422
11.602366, 14.185669, 6.008751, 1523455319453.9980
11.553317, 14.186993, 5.988115, 1523455319536.7078
11.50539, 14.198681, 5.952616, 1523455319619.5559
11.459892, 14.215536, 5.907596, 1523455319702.5881
11.410749, 14.235841, 5.860402, 1523455319785.8049
11.348459, 14.242038, 5.853489, 1523455319869.2058
11.286537, 14.253443, 5.844655, 1523455319952.5146
11.238424, 14.257823, 5.82876, 1523455320035.5930
11.186584, 14.249397, 5.800281, 1523455320118.8555
11.120385, 14.229412, 5.761188, 1523455320202.4871
11.046796, 14.204152, 5.703015, 1523455320286.2563
10.98171, 14.187087, 5.659883, 1523455320369.7954
10.913552, 14.181969, 5.648783, 1523455320452.8276
10.860085, 14.186447, 5.647245, 1523455320535.6296
10.809181, 14.195797, 5.628706, 1523455320618.3391
10.767415, 14.212526, 5.596587, 1523455320700.9565
10.71934, 14.230964, 5.545274, 1523455320783.5740
10.668918, 14.244052, 5.502449, 1523455320866.3757
10.598619, 14.253073, 5.494975, 1523455320949.6843
10.526716, 14.252814, 5.485435, 1523455321033.1775
10.473004, 14.251245, 5.470115, 1523455321116.3477
10.417935, 14.244307, 5.439111, 1523455321199.3796
10.351737, 14.218913, 5.399104, 1523455321282.5042
10.28282, 14.188869, 5.353176, 1523455321365.7209
10.208604, 14.166647, 5.315238, 1523455321448.9375
10.124358, 14.146494, 5.3154, 1523455321532.2922
10.029187, 14.128673, 5.329414, 1523455321615.5552
9.927593, 14.114084, 5.330633, 1523455321698.5413
9.85008, 14.106376, 5.321053, 1523455321781.2512
9.766981, 14.112408, 5.329544, 1523455321864.0532
9.688765, 14.124143, 5.331129, 1523455321947.1318
9.597812, 14.122993, 5.344947, 1523455322030.5327
9.504156, 14.119143, 5.375057, 1523455322113.7952
9.416855, 14.1134, 5.378746, 1523455322196.7356
9.324209, 14.107007, 5.37592, 1523455322279.7217
9.236311, 14.07118, 5.367334, 1523455322363.1687
9.171153, 14.013843, 5.361044, 1523455322447.1685
9.110034, 13.955955, 5.357011, 1523455322531.4448
9.04477, 13.897688, 5.369915, 1523455322615.8135
9.003603, 13.843539, 5.365384, 1523455322700.1360
8.951961, 13.797582, 5.366991, 1523455322784.2283
8.901608, 13.757023, 5.350911, 1523455322867.8594
8.84559, 13.723218, 5.327741, 1523455322950.9377
8.792562, 13.700556, 5.304149, 1523455323033.7397
8.737434, 13.675267, 5.315482, 1523455323116.6335
8.673204, 13.622065, 5.329319, 1523455323199.8962
8.631142, 13.567582, 5.34201, 1523455323283.0669
8.581983, 13.528437, 5.339498, 1523455323366.0071
8.544957, 13.485978, 5.332073, 1523455323448.9009
8.515739, 13.431796, 5.318804, 1523455323532.2097
8.511011, 13.358188, 5.317505, 1523455323616.0256
8.502136, 13.277996, 5.318779, 1523455323700.1179
8.500836, 13.20747, 5.324459, 1523455323784.0720
8.480266, 13.163334, 5.33544, 1523455323867.5649
8.458838, 13.129516, 5.331081, 1523455323950.4592
8.433261, 13.092189, 5.305162, 1523455324032.9849
8.405507, 13.060931, 5.254326, 1523455324115.4641
8.360358, 13.032645, 5.202635, 1523455324198.2661
8.335269, 12.996149, 5.151702, 1523455324281.6672
8.309351, 12.949121, 5.133011, 1523455324365.7131
8.288708, 12.889286, 5.130032, 1523455324450.0818
8.280887, 12.839447, 5.116933, 1523455324534.0359
8.282359, 12.806508, 5.104645, 1523455324617.6213
8.297527, 12.759678, 5.072044, 1523455324701.3909
8.312908, 12.703712, 5.028004, 1523455324785.4373
8.329978, 12.643299, 4.966488, 1523455324869.3911
8.337694, 12.595174, 4.911321, 1523455324952.6077
8.337488, 12.557693, 4.900113, 1523455325035.2251
8.340865, 12.51705, 4.905389, 1523455325117.7966
8.331852, 12.473387, 4.907766, 1523455325200.5066
8.31587, 12.426232, 4.887726, 1523455325283.2625
8.291929, 12.387426, 4.849028, 1523455325365.8801
8.266814, 12.350566, 4.801344, 1523455325448.4517
8.247494, 12.299175, 4.755558, 1523455325531.3457
8.240952, 12.231022, 4.747218, 1523455325614.7927
8.23449, 12.150297, 4.749246, 1523455325698.5625
8.229881, 12.098259, 4.755618, 1523455325782.1016
8.231839, 12.056417, 4.745196, 1523455325865.3186
8.241655, 12.011462, 4.720445, 1523455325948.5352
8.259326, 11.959363, 4.675064, 1523455326031.8440
8.29795, 11.910902, 4.620001, 1523455326115.1990
8.330609, 11.862347, 4.56884, 1523455326198.4617
8.367624, 11.802445, 4.544012, 1523455326281.6780
8.384294, 11.756955, 4.543965, 1523455326364.5723
8.398361, 11.717309, 4.541697, 1523455326447.1902
8.39665, 11.680248, 4.528384, 1523455326529.7615
8.388073, 11.639881, 4.49581, 1523455326612.4714
8.366817, 11.605, 4.453678, 1523455326695.3196
8.354458, 11.557567, 4.399924, 1523455326778.4441
8.341845, 11.501364, 4.366945, 1523455326861.7527
8.332205, 11.44004, 4.386018, 1523455326945.4766
8.333371, 11.371655, 4.379661, 1523455327029.1541
8.339768, 11.328206, 4.380161, 1523455327112.6011
8.35308, 11.283866, 4.364066, 1523455327196.1404
8.380047, 11.22981, 4.327557, 1523455327279.7717
8.40173, 11.176648, 4.27826, 1523455327363.4033
8.427857, 11.126556, 4.217278, 1523455327446.7581
8.4486, 11.083335, 4.165922, 1523455327529.6982
8.476832, 11.033776, 4.135615, 1523455327612.3621
8.485595, 10.988244, 4.138481, 1523455327694.9797
8.484674, 10.953177, 4.132977, 1523455327777.5972
8.46938, 10.913311, 4.104738, 1523455327860.2148
8.447, 10.875343, 4.059358, 1523455327942.7866
8.41917, 10.834054, 4.003877, 1523455328025.4041
8.39693, 10.784307, 3.96176, 1523455328108.4365
8.37765, 10.726128, 3.958158, 1523455328191.8835
8.371239, 10.672681, 3.944074, 1523455328275.2844
8.368355, 10.636715, 3.946465, 1523455328358.5012
8.371921, 10.591584, 3.944157, 1523455328441.8562
8.38201, 10.53532, 3.927744, 1523455328525.4875
8.403609, 10.470914, 3.901564, 1523455328609.4414
8.421586, 10.414872, 3.855995, 1523455328693.3950
8.439576, 10.361872, 3.801073, 1523455328777.0266
8.455299, 10.314505, 3.767314, 1523455328860.2432
8.465694, 10.265085, 3.764997, 1523455328943.1375
8.469373, 10.221453, 3.773563, 1523455329025.8933
8.467853, 10.188118, 3.775234, 1523455329108.6033
8.447314, 10.152446, 3.759593, 1523455329191.2668
8.418426, 10.120025, 3.727736, 1523455329273.9768
8.396955, 10.076613, 3.679406, 1523455329356.9167
8.380699, 10.01753, 3.624096, 1523455329440.4561
8.368819, 9.966205, 3.599563, 1523455329524.6865
8.368786, 9.90704, 3.583079, 1523455329609.1936
8.375257, 9.871864, 3.574429, 1523455329693.4241
8.392868, 9.839431, 3.555267, 1523455329777.3782
8.423091, 9.803774, 3.528452, 1523455329861.3779
8.459578, 9.747008, 3.487943, 1523455329945.5161
8.50696, 9.690562, 3.430753, 1523455330029.4697
8.546318, 9.642452, 3.369659, 1523455330112.9167
8.575005, 9.598132, 3.346861, 1523455330195.8110
8.585958, 9.569837, 3.351062, 1523455330278.4746
8.596013, 9.540002, 3.356228, 1523455330361.1387
8.602903, 9.498165, 3.356107, 1523455330443.9407
8.601773, 9.446844, 3.347995, 1523455330526.9731
8.592799, 9.385722, 3.324523, 1523455330610.0974
8.580278, 9.322841, 3.290037, 1523455330693.4062
8.574174, 9.261212, 3.246518, 1523455330776.8074
8.568999, 9.195394, 3.229592, 1523455330860.2085
8.568566, 9.122468, 3.232236, 1523455330943.4712
8.56996, 9.061049, 3.235222, 1523455331026.3652
8.583741, 9.010601, 3.228238, 1523455331109.2593
8.604018, 8.953439, 3.202876, 1523455331192.6140
8.643898, 8.88475, 3.162927, 1523455331276.3835
8.683695, 8.805532, 3.110478, 1523455331360.3374
8.713783, 8.748589, 3.052577, 1523455331443.8765
8.744481, 8.695859, 3.039186, 1523455331526.8628
8.749913, 8.651334, 3.055345, 1523455331609.4805
8.745971, 8.611683, 3.052945, 1523455331692.0525
8.730542, 8.567289, 3.029009, 1523455331774.5779
8.713453, 8.53088, 2.991078, 1523455331857.2415
8.692843, 8.489403, 2.930724, 1523455331940.1816
8.67004, 8.44724, 2.884967, 1523455332023.5825
8.648335, 8.389624, 2.878105, 1523455332107.4902
8.638373, 8.336618, 2.868927, 1523455332191.3057
8.637741, 8.304115, 2.864504, 1523455332274.8452
8.648113, 8.261454, 2.846513, 1523455332358.2461
8.659621, 8.217972, 2.820073, 1523455332441.6470
8.675961, 8.17213, 2.778443, 1523455332524.9097
8.681302, 8.136926, 2.71857, 1523455332607.8499
8.684934, 8.096498, 2.651191, 1523455332690.6060
8.690414, 8.053486, 2.630568, 1523455332773.5461
8.691578, 8.006739, 2.634088, 1523455332856.6245
8.691961, 7.970856, 2.63732, 1523455332939.8875
8.676674, 7.93391, 2.628772, 1523455333022.9656
8.650204, 7.899874, 2.595137, 1523455333105.8137
8.620407, 7.866465, 2.56513, 1523455333188.6157
8.583984, 7.822375, 2.514045, 1523455333271.6943
8.550612, 7.765407, 2.473443, 1523455333355.1414
8.52723, 7.707966, 2.46814, 1523455333438.8645
8.517541, 7.649739, 2.463485, 1523455333522.4036
8.514942, 7.596517, 2.465489, 1523455333605.7585
8.520041, 7.546348, 2.457721, 1523455333689.3440
8.536731, 7.484207, 2.437245, 1523455333773.2056
8.549505, 7.416115, 2.389534, 1523455333857.2515
8.573098, 7.35489, 2.340237, 1523455333941.1594
8.602415, 7.300828, 2.287272, 1523455334024.6526
8.622267, 7.251258, 2.265422, 1523455334107.6848
8.634128, 7.209704, 2.262516, 1523455334190.4402
8.632447, 7.165829, 2.259681, 1523455334273.0579
8.619189, 7.130489, 2.248299, 1523455334355.7217
8.590814, 7.095313, 2.223311, 1523455334438.4773
8.559833, 7.045719, 2.185157, 1523455334521.5098
8.540112, 6.980902, 2.138234, 1523455334604.9568
8.533256, 6.902184, 2.116847, 1523455334688.6799
8.526346, 6.821394, 2.119841, 1523455334772.3574
8.517585, 6.743269, 2.136258, 1523455334855.7124
8.510885, 6.684838, 2.156978, 1523455334938.8831
8.51728, 6.595269, 2.152613, 1523455335022.1917
8.529609, 6.498267, 2.151475, 1523455335105.7307
8.554374, 6.405987, 2.159833, 1523455335189.2239
8.571849, 6.319733, 2.177158, 1523455335272.6709
8.578047, 6.239252, 2.175955, 1523455335355.8875
8.57756, 6.165523, 2.189464, 1523455335438.9197
8.570336, 6.099005, 2.180397, 1523455335521.6296
8.550563, 6.039901, 2.151766, 1523455335604.1553
8.533111, 5.977202, 2.108268, 1523455335686.6807
8.520691, 5.908311, 2.047918, 1523455335769.5286
8.507606, 5.818047, 1.993656, 1523455335852.8374
8.504466, 5.715784, 2.000368, 1523455335936.5149
8.503263, 5.616462, 2.003788, 1523455336019.9158
8.499898, 5.533616, 2.019177, 1523455336102.9941
8.503587, 5.436343, 2.026343, 1523455336186.2104
8.510213, 5.324685, 2.006371, 1523455336269.7957
8.529394, 5.214775, 1.999028, 1523455336353.4731
8.539562, 5.11663, 2.009108, 1523455336437.1965
8.545172, 5.032429, 2.016251, 1523455336520.9658
8.541568, 4.94892, 2.029894, 1523455336604.6433
8.546392, 4.843959, 2.018267, 1523455336688.0442
8.538476, 4.752324, 2.010732, 1523455336771.0303
8.519491, 4.672252, 2.016612, 1523455336853.8782
8.491039, 4.577448, 2.024621, 1523455336936.9104
8.46731, 4.491779, 2.036562, 1523455337019.9424
8.452929, 4.406842, 2.039212, 1523455337102.9746
8.444637, 4.318568, 2.033877, 1523455337185.9607
8.437325, 4.224366, 2.027645, 1523455337268.9470
8.428857, 4.113337, 2.019849, 1523455337351.9792
8.417282, 4.012784, 2.015234, 1523455337434.9194
8.407269, 3.924747, 2.023709, 1523455337517.8599
8.390491, 3.826913, 2.027649, 1523455337601.3071
8.374801, 3.723341, 2.030694, 1523455337685.1226
8.350438, 3.612248, 2.035062, 1523455337769.1226
8.317706, 3.504004, 2.013426, 1523455337852.8921
8.269657, 3.409672, 2.021101, 1523455337936.2007
8.213743, 3.343599, 2.031484, 1523455338019.1409
8.15616, 3.284245, 2.041827, 1523455338101.7124
8.110322, 3.22911, 2.051307, 1523455338184.2839
8.066266, 3.159057, 2.044967, 1523455338267.0396
8.019106, 3.07724, 2.028081, 1523455338350.0718
7.961403, 2.998394, 2.020699, 1523455338433.1960
7.90301, 2.934057, 2.015311, 1523455338516.1819
7.84199, 2.884304, 2.004152, 1523455338599.1682
7.767728, 2.813811, 2.019555, 1523455338682.6152
7.671482, 2.728468, 2.022771, 1523455338766.7073
7.573572, 2.65426, 2.031096, 1523455338850.9834
7.489125, 2.601292, 2.028995, 1523455338934.7991
7.399574, 2.572471, 2.01307, 1523455339017.8313
7.318529, 2.556168, 2.025599, 1523455339100.4031
7.225632, 2.542744, 2.038238, 1523455339182.9746
7.14318, 2.529904, 2.034096, 1523455339265.5920
7.065942, 2.513669, 2.040706, 1523455339348.3938
6.986138, 2.493687, 2.031505, 1523455339431.4722
6.904712, 2.472686, 2.018221, 1523455339514.8271
6.814075, 2.447702, 2.003482, 1523455339598.2742
6.723316, 2.429797, 1.998976, 1523455339681.7673
6.639214, 2.391727, 1.987547, 1523455339765.3066
6.557705, 2.361856, 1.982506, 1523455339849.0762
6.466303, 2.341918, 1.99447, 1523455339932.9375
6.388595, 2.331233, 2.01317, 1523455340016.6147
6.323499, 2.329467, 2.000163, 1523455340099.7393
6.264354, 2.330899, 1.987371, 1523455340182.4490
6.203918, 2.339866, 1.974372, 1523455340265.0667
6.128309, 2.3494, 2.007581, 1523455340348.0066
6.05928, 2.360693, 2.004202, 1523455340430.9929
6.018578, 2.365671, 2.001011, 1523455340513.6104
5.981247, 2.3662, 1.998073, 1523455340596.1819
5.92923, 2.356314, 1.999937, 1523455340679.1682
5.859517, 2.33583, 2.008098, 1523455340762.6611
5.793759, 2.314268, 2.005391, 1523455340846.4768
5.7405, 2.286901, 2.003226, 1523455340930.2927
5.686551, 2.251218, 1.988027, 1523455341014.0625
5.62383, 2.207341, 1.989969, 1523455341097.8782
5.558154, 2.167511, 1.995906, 1523455341181.7400
5.496189, 2.137285, 2.017334, 1523455341265.5559
5.436649, 2.110509, 2.012268, 1523455341349.1875
5.396036, 2.087396, 2.008275, 1523455341432.5422
5.368205, 2.07478, 2.007885, 1523455341515.5286
5.342318, 2.05659, 1.982807, 1523455341598.2385
5.328807, 2.040735, 2.003451, 1523455341680.9482
5.298761, 2.035087, 2.001021, 1523455341763.9346
5.267521, 2.037435, 2.001572, 1523455341847.0593
5.247328, 2.031117, 1.99084, 1523455341929.9534
5.245141, 2.015558, 1.988339, 1523455342012.6169
5.236859, 2.008235, 1.980615, 1523455342095.2810
5.228426, 2.005767, 1.981329, 1523455342178.0828
5.220605, 2.002146, 1.974761, 1523455342260.7925
5.219613, 1.993318, 1.983559, 1523455342343.4568
5.222602, 1.98217, 1.97706, 1523455342426.1204
5.219752, 1.978246, 1.978714, 1523455342508.9685
5.218004, 1.974431, 1.9682, 1523455342591.8628
5.218333, 1.97017, 1.97148, 1523455342674.7568
5.216423, 1.96409, 1.975499, 1523455342757.8352
5.214602, 1.967818, 1.969167, 1523455342840.9600
5.211149, 1.965661, 1.969761, 1523455342924.2688
5.205925, 1.963802, 1.966645, 1523455343007.5776
5.20121, 1.964843, 1.974333, 1523455343090.9785
5.195324, 1.966029, 1.96784, 1523455343174.4714
5.198161, 1.969944, 1.971154, 1523455343258.0566
5.194708, 1.967423, 1.968305, 1523455343341.5498
5.190076, 1.968911, 1.968638, 1523455343424.9971
5.191006, 1.972238, 1.969045, 1523455343508.3518
5.192326, 1.976941, 1.974886, 1523455343591.5225
5.196068, 1.980033, 1.978484, 1523455343674.6011
5.196617, 1.980757, 1.970274, 1523455343757.7253
5.192903, 1.988289, 1.985773, 1523455343840.9880
5.182139, 1.9994, 1.98611, 1523455343924.4812
5.170416, 2.011835, 1.996039, 1523455344007.9741
5.173354, 2.015316, 1.997883, 1523455344091.2827
5.17472, 2.016781, 1.995501, 1523455344174.3611
5.176796, 2.014737, 1.994889, 1523455344257.3933
5.175794, 2.01533, 1.991875, 1523455344340.4717
5.169932, 2.020032, 1.993189, 1523455344423.6423
5.174161, 2.024031, 1.995963, 1523455344506.8127
5.181889, 2.01941, 1.994949, 1523455344589.9834
5.193326, 2.013033, 1.984587, 1523455344673.0156
5.198103, 2.007897, 1.988435, 1523455344756.1399
5.201092, 2.007463, 1.984593, 1523455344839.4028
5.202713, 2.005098, 1.98024, 1523455344922.8040
5.204061, 2.003508, 1.974333, 1523455345006.3433
5.198148, 2.003526, 1.972885, 1523455345090.1128
5.189294, 2.008002, 1.997442, 1523455345173.9285
5.172816, 2.010601, 1.998776, 1523455345257.7439
5.163799, 2.011623, 1.99662, 1523455345341.5596
5.153008, 2.007782, 1.989015, 1523455345425.3293
5.14451, 2.002921, 1.974223, 1523455345508.9607
5.139671, 2.001294, 1.98234, 1523455345592.4536
5.135478, 1.996246, 1.983917, 1523455345675.7163
5.136804, 1.988071, 1.987266, 1523455345758.8408
5.138691, 1.985825, 1.988284, 1523455345841.7810
5.135382, 1.986573, 1.986881, 1523455345924.7671
5.128533, 1.988156, 1.983854, 1523455346007.7534
5.120889, 1.989662, 1.990602, 1523455346090.6936
5.120723, 1.98926, 1.989372, 1523455346173.6335
5.114833, 1.988359, 1.984393, 1523455346256.5273
5.111971, 1.988044, 1.983799, 1523455346339.4675
5.111892, 1.988847, 1.975733, 1523455346422.4536
5.110773, 1.98978, 1.97827, 1523455346505.5784
5.109943, 1.988102, 1.9764, 1523455346588.7488
5.108384, 1.992084, 1.991389, 1523455346672.0117
5.111505, 1.988841, 1.982444, 1523455346755.2747
5.109787, 1.987103, 1.979201, 1523455346838.5837
5.110101, 1.985677, 1.980508, 1523455346921.9385
5.112609, 1.989649, 1.985737, 1523455347005.3394
5.119366, 1.984151, 1.974426, 1523455347088.6482
5.128961, 1.977372, 1.973576, 1523455347171.8647
5.136693, 1.973476, 1.976416, 1523455347254.9890
5.141787, 1.977805, 1.980287, 1523455347338.1597
5.146955, 1.983663, 1.984135, 1523455347421.3303
5.145092, 1.985846, 1.972428, 1523455347504.5469
5.157897, 1.988565, 1.996648, 1523455347587.7634
5.16021, 1.991571, 1.988905, 1523455347670.9338
5.16339, 1.996603, 1.991683, 1523455347754.1047
5.166142, 1.997957, 1.990058, 1523455347837.3674
5.164422, 2.003029, 1.997135, 1523455347920.6760
5.166502, 2.006803, 1.994392, 1523455348004.0771
5.16256, 2.009344, 1.995816, 1523455348087.4321
5.163049, 2.007478, 2.007621, 1523455348170.7407
5.161521, 2.0135, 2.006868, 1523455348254.0034
5.162981, 2.019056, 1.995187, 1523455348337.2664
5.159887, 2.019058, 1.988334, 1523455348420.5752
5.154587, 2.024025, 1.999257, 1523455348503.8840
5.153189, 2.02557, 1.995846, 1523455348587.1931
5.15358, 2.025779, 1.994079, 1523455348670.4558
5.151772, 2.02564, 1.996359, 1523455348753.6724
5.152112, 2.032706, 1.998939, 1523455348836.9351
5.150624, 2.031989, 2.006812, 1523455348920.1978
5.139458, 2.035808, 1.995207, 1523455349003.5068
5.122148, 2.042749, 2.003216, 1523455349087.0002
5.108479, 2.049982, 2.001162, 1523455349170.4929
5.101589, 2.054337, 2.00392, 1523455349253.9861
5.095754, 2.053812, 2.003184, 1523455349337.3870
5.091269, 2.053987, 1.996969, 1523455349420.7419
5.085205, 2.053291, 2.000915, 1523455349504.0044
5.083971, 2.058436, 2.001804, 1523455349587.2671
5.08142, 2.051781, 2.003681, 1523455349670.3914
5.078518, 2.049669, 2.010635, 1523455349753.4238
5.074484, 2.045233, 2.001411, 1523455349836.5017
5.072397, 2.048051, 2.007522, 1523455349919.6721
5.07755, 2.045716, 2.010964, 1523455350002.8428
5.066926, 2.044826, 1.999892, 1523455350086.0132
5.066997, 2.043555, 2.006325, 1523455350169.1836
5.072002, 2.045884, 2.010365, 1523455350252.3542
5.069684, 2.046138, 2.004888, 1523455350335.5713
5.067652, 2.046382, 2.002223, 1523455350418.7417
5.061385, 2.050502, 2.001135, 1523455350501.8662
5.061398, 2.043295, 1.990244, 1523455350585.0371
5.057558, 2.04231, 2.004335, 1523455350668.1614
5.052942, 2.042332, 2.000367, 1523455350751.2861
5.050381, 2.035273, 1.983508, 1523455350834.5027
5.048339, 2.034362, 1.988042, 1523455350917.8115
5.051686, 2.035835, 1.987567, 1523455351001.0742
5.05086, 2.030844, 1.989403, 1523455351084.3367
5.051413, 2.032479, 1.991477, 1523455351167.5535
5.045599, 2.035272, 1.986596, 1523455351250.7239
5.052444, 2.035702, 1.987966, 1523455351333.9409
5.052218, 2.041281, 1.999572, 1523455351417.0652
5.058356, 2.037572, 2.006367, 1523455351500.0974
5.064704, 2.031267, 2.016967, 1523455351583.0374
5.068218, 2.028067, 2.016617, 1523455351666.0237
5.074263, 2.029594, 2.006712, 1523455351749.2405
5.073732, 2.028625, 2.007525, 1523455351832.6414
5.070813, 2.029519, 2.001243, 1523455351916.0422
5.075914, 2.028174, 1.986317, 1523455351999.4434
5.073993, 2.023176, 1.996962, 1523455352082.8442
5.073243, 2.028328, 1.983303, 1523455352166.2913
5.074867, 2.025692, 1.98558, 1523455352249.6462
5.068799, 2.018602, 1.982856, 1523455352332.8630
5.075416, 2.02003, 1.986808, 1523455352416.1260
5.077062, 2.020938, 1.986145, 1523455352499.3425
5.084981, 2.015806, 1.986997, 1523455352582.4211
5.093501, 2.010481, 1.978993, 1523455352665.4536
5.09463, 2.005836, 1.977169, 1523455352748.6699
5.094726, 2.008045, 1.985912, 1523455352832.0249
5.09591, 2.011859, 1.992013, 1523455352915.3799
5.094937, 2.010334, 1.987251, 1523455352998.6885
5.09537, 2.01359, 1.985051, 1523455353082.0896
5.08905, 2.018686, 1.987372, 1523455353165.4905
5.081109, 2.020636, 1.982698, 1523455353248.9834
5.072112, 2.029142, 1.982499, 1523455353332.5686
5.056404, 2.033417, 2.004412, 1523455353416.2461
5.043856, 2.038269, 1.996827, 1523455353499.9695
5.040614, 2.037276, 1.991492, 1523455353583.6008
5.035983, 2.030137, 1.982526, 1523455353667.0020
5.025971, 2.032386, 1.984968, 1523455353750.3569
5.020272, 2.025149, 1.984159, 1523455353833.7117
5.021724, 2.028051, 1.980057, 1523455353917.0667
5.016291, 2.027411, 1.983595, 1523455354000.3757
5.014821, 2.019829, 1.985611, 1523455354083.5923
5.012969, 2.018366, 1.977183, 1523455354166.8088
5.013774, 2.019234, 1.980034, 1523455354250.0718
5.014596, 2.018053, 1.979778, 1523455354333.4265
5.0119, 2.013669, 1.986903, 1523455354416.8735
5.014387, 2.009627, 1.985102, 1523455354500.3206
5.010226, 2.006418, 1.980867, 1523455354583.7217
5.004798, 1.999935, 1.984222, 1523455354667.0303
5.014729, 2.001154, 1.975524, 1523455354750.3391
5.015737, 2.003898, 1.982173, 1523455354833.5559
5.01935, 2.004694, 1.972842, 1523455354916.6343
5.021767, 1.997304, 1.97716, 1523455354999.6665
5.029773, 1.996004, 1.979431, 1523455355082.7454
5.029025, 1.996291, 1.982361, 1523455355165.8237
5.033812, 1.990359, 1.973747, 1523455355248.9482
5.040039, 1.979477, 1.970112, 1523455355332.0266
5.0541, 1.971723, 1.969239, 1523455355415.0591
5.067595, 1.969558, 1.97133, 1523455355498.0913
5.083844, 1.971037, 1.969547, 1523455355581.1697
5.095907, 1.97139, 1.968767, 1523455355664.2483
5.099658, 1.969634, 1.973462, 1523455355747.5110
5.108319, 1.976567, 1.97593, 1523455355830.9121
5.116196, 1.982673, 1.973937, 1523455355914.4514
5.127512, 1.993179, 1.974413, 1523455355998.0369
5.135843, 1.999424, 1.987361, 1523455356081.6680
5.138019, 2.001472, 1.988328, 1523455356165.2073
5.139971, 2.004065, 1.988095, 1523455356248.7007
5.150224, 2.009857, 1.987833, 1523455356332.1477
5.153185, 2.014094, 1.993462, 1523455356415.5488
5.15387, 2.015849, 1.992442, 1523455356498.8118
5.157784, 2.016554, 1.992823, 1523455356582.0283
5.157047, 2.016831, 1.997079, 1523455356665.1067
5.160173, 2.023075, 2.006446, 1523455356748.1853
5.153357, 2.02647, 1.995314, 1523455356831.3098
5.15296, 2.027617, 1.994542, 1523455356914.3884
5.154761, 2.024847, 1.990878, 1523455356997.4670
5.156274, 2.029689, 1.991157, 1523455357080.4993
5.15509, 2.032645, 2.006393, 1523455357163.5774
