1523455229622
10.250,2.155,2.091,1523455229589
10.278,2.146,2.097,1523455229504
10.232,2.136,2.102,1523455229804
10.232,2.140,2.100,1523455229754
10.231,2.149,2.095,1523455229718
10.232,2.130,2.104,1523455229854
10.233,2.115,2.111,1523455230008
10.233,2.119,2.108,1523455229954
10.233,2.126,2.106,1523455229904
10.234,2.105,2.118,1523455230154
10.234,2.108,2.115,1523455230104
10.234,2.112,2.112,1523455230054
10.234,2.099,2.118,1523455230204
10.235,2.087,2.118,1523455230304
10.235,2.092,2.119,1523455230284
10.236,2.075,2.118,1523455230354
10.251,2.031,2.104,1523455230504
10.250,2.035,2.105,1523455230467
10.236,2.070,2.117,1523455230404
10.264,1.961,2.073,1523455230736
10.263,1.966,2.073,1523455230654
10.255,2.004,2.088,1523455230604
10.254,2.009,2.088,1523455230559
10.273,1.984,2.075,1523455230877
10.268,1.945,2.075,1523455230804
10.267,1.947,2.074,1523455230754
10.209,2.018,2.075,1523455231004
10.208,2.018,2.074,1523455230976
10.274,1.983,2.076,1523455230904
10.210,2.016,2.076,1523455231054
10.216,2.006,2.080,1523455231204
10.213,2.011,2.078,1523455231154
10.211,2.014,2.077,1523455231121
10.223,1.994,2.085,1523455231392
10.221,1.998,2.083,1523455231304
10.219,2.002,2.082,1523455231263
10.225,1.991,2.086,1523455231404
10.226,1.988,2.087,1523455231454
10.228,1.985,2.089,1523455231541
10.229,1.983,2.091,1523455231554
10.230,1.979,2.094,1523455231603
10.233,1.973,2.098,1523455231674
10.235,1.968,2.102,1523455231703
10.236,1.963,2.105,1523455231753
10.238,1.959,2.108,1523455231803
10.261,1.915,2.090,1523455231874
10.262,1.911,2.092,1523455231946
10.263,1.909,2.095,1523455231953
10.264,1.903,2.098,1523455232003
10.266,1.897,2.101,1523455232053
10.267,1.888,2.104,1523455232103
10.269,1.876,2.108,1523455232153
10.272,1.858,2.113,1523455232203
10.277,1.926,2.109,1523455232284
10.278,1.904,2.111,1523455232303
10.215,1.925,2.106,1523455232384
10.212,1.898,2.107,1523455232403
10.205,1.870,2.108,1523455232453
10.193,1.839,2.107,1523455232535
10.161,1.840,2.103,1523455232553
10.130,1.843,2.099,1523455232603
10.106,1.847,2.091,1523455232653
10.078,1.852,2.090,1523455232703
10.050,1.857,2.086,1523455232798
10.022,1.864,2.085,1523455232803
10.000,1.871,2.086,1523455232853
9.977,1.879,2.089,1523455232903
9.958,1.888,2.090,1523455232953
9.932,1.900,2.095,1523455233003
9.908,1.913,2.097,1523455233083
9.877,1.929,2.099,1523455233103
9.843,1.946,2.100,1523455233153
9.805,1.965,2.100,1523455233203
9.764,1.981,2.100,1523455233264
9.719,1.995,2.099,1523455233303
9.672,2.004,2.095,1523455233355
9.622,2.012,2.091,1523455233403
9.570,2.019,2.090,1523455233453
9.520,2.025,2.090,1523455233503
9.469,2.031,2.093,1523455233565
9.421,2.037,2.098,1523455233603
9.364,2.131,2.092,1523455233670
9.309,2.138,2.094,1523455233703
9.255,2.144,2.094,1523455233753
9.201,2.151,2.094,1523455233814
9.148,2.157,2.092,1523455233853
9.095,2.166,2.089,1523455233914
9.042,2.177,2.085,1523455233953
8.989,2.190,2.080,1523455234003
8.940,2.207,2.073,1523455234053
8.894,2.227,2.071,1523455234103
8.854,2.249,2.071,1523455234190
8.818,2.277,2.079,1523455234203
8.789,2.305,2.082,1523455234253
8.769,2.333,2.085,1523455234303
8.755,2.362,2.087,1523455234353
8.748,2.387,2.091,1523455234403
8.743,2.413,2.091,1523455234453
8.741,2.449,2.090,1523455234503
8.739,2.491,2.085,1523455234553
8.737,2.542,2.083,1523455234603
8.735,2.597,2.074,1523455234653
8.732,2.653,2.070,1523455234703
8.722,2.706,2.061,1523455234753
8.709,2.754,2.061,1523455234803
8.696,2.803,2.064,1523455234853
8.714,2.975,2.086,1523455234952
8.697,3.029,2.088,1523455234953
8.676,3.083,2.096,1523455235003
8.658,3.193,2.100,1523455235074
8.635,3.246,2.101,1523455235103
8.603,3.309,2.100,1523455235186
8.579,3.361,2.099,1523455235203
8.555,3.418,2.093,1523455235253
8.532,3.472,2.083,1523455235326
8.509,3.527,2.069,1523455235353
8.494,3.573,2.067,1523455235403
8.479,3.622,2.067,1523455235453
8.471,3.663,2.079,1523455235503
8.465,3.710,2.082,1523455235596
8.467,3.748,2.085,1523455235603
8.477,3.788,2.086,1523455235653
8.486,3.817,2.086,1523455235703
8.497,3.849,2.083,1523455235753
8.508,3.885,2.079,1523455235803
8.524,3.932,2.072,1523455235853
8.536,3.983,2.065,1523455235903
8.543,4.043,2.057,1523455235953
8.547,4.102,2.053,1523455236003
8.547,4.162,2.053,1523455236084
8.546,4.214,2.053,1523455236105
8.588,4.432,2.085,1523455236193
8.588,4.484,2.091,1523455236203
8.585,4.548,2.099,1523455236253
8.579,4.606,2.108,1523455236346
8.571,4.669,2.116,1523455236353
8.564,4.728,2.118,1523455236403
8.584,4.879,2.127,1523455236457
8.578,4.939,2.126,1523455236503
8.573,5.002,2.123,1523455236553
8.572,5.053,2.123,1523455236639
8.573,5.102,2.125,1523455236653
8.576,5.144,2.143,1523455236738
8.582,5.187,2.165,1523455236753
8.592,5.231,2.191,1523455236803
8.606,5.273,2.216,1523455236853
8.620,5.306,2.240,1523455236903
8.638,5.339,2.258,1523455236953
8.652,5.360,2.274,1523455237029
8.673,5.387,2.282,1523455237053
8.691,5.411,2.288,1523455237129
8.717,5.444,2.290,1523455237153
8.741,5.476,2.289,1523455237203
8.770,5.515,2.287,1523455237278
8.792,5.549,2.283,1523455237303
8.812,5.586,2.278,1523455237353
8.800,5.722,2.311,1523455237503
8.793,5.688,2.304,1523455237453
8.782,5.649,2.300,1523455237451
8.861,5.949,2.336,1523455237722
8.863,5.903,2.335,1523455237653
8.864,5.850,2.331,1523455237603
8.861,5.807,2.327,1523455237598
8.850,6.138,2.349,1523455237862
8.850,6.037,2.335,1523455237803
8.855,5.996,2.336,1523455237753
8.744,6.291,2.356,1523455238006
8.842,6.217,2.351,1523455237953
8.845,6.178,2.349,1523455237903
8.747,6.398,2.430,1523455238153
8.744,6.359,2.404,1523455238126
8.743,6.327,2.378,1523455238053
8.754,6.430,2.456,1523455238203
8.782,6.510,2.509,1523455238353
8.772,6.486,2.498,1523455238303
8.763,6.460,2.480,1523455238253
8.824,6.599,2.522,1523455238537
8.809,6.568,2.518,1523455238452
8.794,6.536,2.517,1523455238405
8.842,6.639,2.530,1523455238552
8.876,6.735,2.571,1523455238702
8.867,6.703,2.547,1523455238669
8.856,6.672,2.538,1523455238602
8.800,6.848,2.668,1523455238857
8.889,6.798,2.624,1523455238802
8.883,6.767,2.597,1523455238752
8.800,6.879,2.689,1523455238902
8.705,6.909,2.696,1523455239004
8.798,6.910,2.701,1523455238952
8.699,6.932,2.700,1523455239052
8.662,7.032,2.700,1523455239202
8.676,6.995,2.700,1523455239152
8.687,6.964,2.700,1523455239122
8.530,7.196,2.747,1523455239402
8.535,7.170,2.721,1523455239395
8.644,7.109,2.707,1523455239302
8.654,7.077,2.700,1523455239267
8.524,7.269,2.821,1523455239552
8.525,7.247,2.798,1523455239536
8.526,7.221,2.772,1523455239452
8.525,7.287,2.841,1523455239602
8.526,7.300,2.857,1523455239652
8.528,7.320,2.868,1523455239702
8.532,7.345,2.872,1523455239797
8.537,7.372,2.876,1523455239802
8.542,7.402,2.881,1523455239852
8.546,7.432,2.888,1523455239924
8.549,7.458,2.893,1523455239952
8.552,7.478,2.911,1523455240002
8.553,7.498,2.931,1523455240085
8.554,7.522,2.956,1523455240102
8.554,7.552,2.980,1523455240152
8.552,7.583,3.001,1523455240202
8.442,7.619,3.064,1523455240262
8.437,7.641,3.076,1523455240302
8.468,7.677,3.082,1523455240388
8.461,7.695,3.083,1523455240402
8.452,7.714,3.082,1523455240452
8.440,7.736,3.080,1523455240530
8.427,7.760,3.077,1523455240552
8.439,7.838,3.072,1523455240651
8.424,7.867,3.073,1523455240652
8.407,7.898,3.084,1523455240702
8.393,7.930,3.104,1523455240752
8.364,7.965,3.133,1523455240805
8.361,7.991,3.161,1523455240852
8.360,8.018,3.189,1523455240911
8.362,8.042,3.214,1523455240952
8.367,8.067,3.235,1523455241002
8.372,8.089,3.251,1523455241052
8.381,8.114,3.262,1523455241102
8.390,8.142,3.268,1523455241152
8.401,8.175,3.272,1523455241205
8.413,8.211,3.274,1523455241252
8.424,8.248,3.278,1523455241302
8.431,8.282,3.281,1523455241352
8.436,8.313,3.299,1523455241402
8.438,8.343,3.319,1523455241481
8.439,8.375,3.344,1523455241502
8.439,8.402,3.366,1523455241552
8.378,8.430,3.423,1523455241647
8.375,8.449,3.440,1523455241652
8.371,8.466,3.456,1523455241702
8.363,8.486,3.462,1523455241795
8.355,8.508,3.467,1523455241802
8.345,8.530,3.467,1523455241852
8.330,8.553,3.479,1523455241903
8.318,8.580,3.477,1523455241952
8.306,8.607,3.477,1523455242002
8.307,8.653,3.475,1523455242057
8.297,8.683,3.490,1523455242102
8.289,8.712,3.509,1523455242199
8.286,8.739,3.536,1523455242202
8.285,8.765,3.563,1523455242252
8.287,8.793,3.589,1523455242335
8.291,8.818,3.609,1523455242352
8.296,8.844,3.627,1523455242402
8.302,8.866,3.639,1523455242462
8.311,8.893,3.646,1523455242502
8.322,8.921,3.650,1523455242552
8.378,8.984,3.611,1523455242627
8.391,9.018,3.613,1523455242652
8.405,9.056,3.617,1523455242740
8.417,9.090,3.622,1523455242752
8.428,9.128,3.642,1523455242802
8.435,9.162,3.664,1523455242852
8.439,9.193,3.691,1523455242902
8.442,9.220,3.714,1523455242952
8.442,9.245,3.737,1523455243002
8.366,9.263,3.805,1523455243052
8.363,9.283,3.818,1523455243102
8.380,9.324,3.822,1523455243179
8.375,9.343,3.825,1523455243202
8.367,9.368,3.825,1523455243252
8.341,9.371,3.865,1523455243310
8.332,9.402,3.866,1523455243352
8.322,9.433,3.870,1523455243402
8.332,9.500,3.869,1523455243462
8.324,9.536,3.892,1523455243502
8.320,9.571,3.918,1523455243552
8.305,9.626,3.946,1523455243604
8.308,9.657,3.975,1523455243652
8.314,9.684,3.999,1523455243745
8.321,9.708,4.018,1523455243752
8.329,9.728,4.030,1523455243849
8.337,9.746,4.037,1523455243852
8.349,9.767,4.041,1523455243902
8.365,9.792,4.043,1523455244000
8.381,9.818,4.045,1523455244002
8.400,9.848,4.047,1523455244052
8.418,9.877,4.052,1523455244126
8.433,9.903,4.058,1523455244152
8.447,9.932,4.078,1523455244202
8.456,9.958,4.097,1523455244276
8.462,9.985,4.123,1523455244302
8.464,10.011,4.147,1523455244352
8.452,10.038,4.180,1523455244438
8.452,10.058,4.198,1523455244452
8.450,10.080,4.212,1523455244502
8.429,10.093,4.213,1523455244585
8.425,10.114,4.213,1523455244602
8.420,10.137,4.213,1523455244652
8.413,10.160,4.218,1523455244717
8.405,10.187,4.218,1523455244752
8.400,10.216,4.218,1523455244847
8.392,10.243,4.230,1523455244852
8.386,10.266,4.254,1523455244902
8.380,10.288,4.282,1523455244952
8.375,10.310,4.309,1523455245026
8.372,10.331,4.333,1523455245052
8.371,10.351,4.353,1523455245134
8.371,10.364,4.368,1523455245152
8.372,10.383,4.378,1523455245202
8.376,10.406,4.382,1523455245257
8.382,10.430,4.384,1523455245301
8.390,10.456,4.385,1523455245351
8.395,10.480,4.388,1523455245417
8.405,10.509,4.389,1523455245451
8.414,10.536,4.392,1523455245534
8.428,10.692,4.452,1523455245713
8.438,10.641,4.439,1523455245651
8.432,10.604,4.416,1523455245601
8.424,10.568,4.396,1523455245551
8.361,10.761,4.560,1523455245851
8.363,10.738,4.544,1523455245843
8.427,10.717,4.480,1523455245751
8.400,10.845,4.592,1523455246051
8.404,10.823,4.592,1523455246001
8.406,10.805,4.591,1523455245991
8.359,10.772,4.576,1523455245901
8.366,10.911,4.634,1523455246201
8.374,10.878,4.632,1523455246151
8.380,10.844,4.631,1523455246103
8.355,11.040,4.689,1523455246369
8.364,11.012,4.662,1523455246301
8.373,10.979,4.641,1523455246252
8.327,11.145,4.788,1523455246551
8.332,11.121,4.770,1523455246516
8.340,11.094,4.747,1523455246451
8.347,11.067,4.718,1523455246401
8.317,11.228,4.802,1523455246701
8.319,11.198,4.801,1523455246656
8.322,11.171,4.799,1523455246601
8.282,11.332,4.819,1523455246942
8.285,11.302,4.818,1523455246851
8.287,11.267,4.818,1523455246826
8.315,11.255,4.802,1523455246751
8.269,11.437,4.884,1523455247100
8.275,11.400,4.858,1523455247001
8.279,11.368,4.833,1523455246951
8.220,11.533,4.989,1523455247250
8.260,11.501,4.943,1523455247151
8.265,11.468,4.915,1523455247101
8.213,11.568,5.003,1523455247251
8.181,11.669,5.030,1523455247401
8.196,11.637,5.025,1523455247377
8.204,11.599,5.017,1523455247301
8.119,11.800,5.052,1523455247637
8.130,11.768,5.039,1523455247551
8.147,11.736,5.037,1523455247512
8.163,11.704,5.033,1523455247451
8.094,11.864,5.131,1523455247797
8.100,11.846,5.104,1523455247701
8.107,11.827,5.076,1523455247651
8.091,11.881,5.156,1523455247801
8.089,11.896,5.173,1523455247851
8.089,11.911,5.187,1523455247925
8.090,11.927,5.194,1523455247951
8.094,11.952,5.196,1523455248001
8.099,11.981,5.197,1523455248053
8.110,12.015,5.198,1523455248101
8.122,12.051,5.200,1523455248151
8.111,12.070,5.226,1523455248234
8.122,12.103,5.230,1523455248251
8.135,12.139,5.249,1523455248332
8.143,12.171,5.266,1523455248351
8.149,12.207,5.294,1523455248401
8.152,12.237,5.315,1523455248451
8.177,12.224,5.361,1523455248509
8.176,12.236,5.377,1523455248551
8.144,12.246,5.413,1523455248635
8.140,12.267,5.422,1523455248651
8.135,12.287,5.428,1523455248701
8.173,12.338,5.433,1523455248783
8.164,12.372,5.433,1523455248801
8.150,12.400,5.443,1523455248899
8.142,12.434,5.445,1523455248901
8.134,12.464,5.447,1523455248951
8.155,12.525,5.454,1523455249042
8.150,12.553,5.471,1523455249051
8.147,12.577,5.492,1523455249101
8.146,12.598,5.511,1523455249182
8.147,12.615,5.532,1523455249201
8.148,12.627,5.550,1523455249251
8.149,12.637,5.564,1523455249311
8.151,12.642,5.572,1523455249351
8.153,12.651,5.577,1523455249401
8.155,12.660,5.577,1523455249461
8.160,12.679,5.575,1523455249501
8.166,12.703,5.568,1523455249551
8.107,12.678,5.613,1523455249622
8.114,12.707,5.602,1523455249651
8.120,12.740,5.595,1523455249741
8.125,12.776,5.590,1523455249751
8.125,12.816,5.590,1523455249801
8.115,12.868,5.595,1523455249897
8.098,12.909,5.601,1523455249901
8.078,12.947,5.608,1523455249951
8.028,12.975,5.630,1523455250041
8.007,13.002,5.630,1523455250051
7.985,13.031,5.630,1523455250101
7.983,13.068,5.627,1523455250190
7.961,13.096,5.623,1523455250201
7.940,13.125,5.614,1523455250251
7.921,13.171,5.597,1523455250308
7.898,13.207,5.588,1523455250351
7.915,13.283,5.569,1523455250448
7.894,13.323,5.562,1523455250451
7.875,13.359,5.563,1523455250501
7.856,13.403,5.567,1523455250551
7.823,13.474,5.581,1523455250613
7.809,13.522,5.588,1523455250651
7.796,13.569,5.597,1523455250721
7.781,13.619,5.603,1523455250751
7.769,13.662,5.604,1523455250847
7.755,13.704,5.604,1523455250851
7.739,13.744,5.602,1523455250901
7.666,13.803,5.616,1523455251031
7.718,13.789,5.598,1523455250951
7.646,13.842,5.609,1523455251051
7.623,13.881,5.603,1523455251124
7.597,13.919,5.602,1523455251151
7.566,13.954,5.602,1523455251201
7.529,13.988,5.610,1523455251251
7.502,13.998,5.626,1523455251308
7.456,14.022,5.631,1523455251351
7.364,14.032,5.666,1523455251447
7.312,14.048,5.670,1523455251451
7.261,14.063,5.675,1523455251501
7.188,14.071,5.672,1523455251578
7.139,14.085,5.673,1523455251601
7.090,14.100,5.673,1523455251651
7.038,14.096,5.686,1523455251718
6.995,14.111,5.686,1523455251751
6.960,14.127,5.698,1523455251835
6.923,14.142,5.718,1523455251851
6.889,14.158,5.743,1523455251901
6.850,14.178,5.771,1523455251977
6.814,14.201,5.799,1523455252001
6.782,14.227,5.823,1523455252051
6.755,14.251,5.842,1523455252105
6.730,14.273,5.850,1523455252150
6.708,14.293,5.856,1523455252200
6.682,14.317,5.861,1523455252255
6.655,14.340,5.865,1523455252300
6.623,14.366,5.868,1523455252350
6.549,14.343,5.906,1523455252439
6.519,14.366,5.909,1523455252450
6.490,14.387,5.924,1523455252532
6.461,14.406,5.946,1523455252550
6.433,14.422,5.975,1523455252600
6.405,14.436,6.001,1523455252650
6.398,14.412,6.039,1523455252718
6.371,14.420,6.057,1523455252750
6.360,14.424,6.063,1523455252832
6.337,14.427,6.072,1523455252850
6.310,14.428,6.079,1523455252900
6.272,14.425,6.079,1523455252988
6.235,14.420,6.082,1523455253000
6.194,14.412,6.085,1523455253050
6.155,14.376,6.101,1523455253106
6.123,14.368,6.105,1523455253150
6.088,14.357,6.126,1523455253246
6.063,14.351,6.147,1523455253250
6.036,14.347,6.175,1523455253300
6.008,14.345,6.204,1523455253364
5.975,14.345,6.228,1523455253400
5.943,14.349,6.247,1523455253450
5.916,14.355,6.262,1523455253522
5.895,14.363,6.271,1523455253550
5.873,14.372,6.275,1523455253600
5.849,14.383,6.279,1523455253650
5.822,14.394,6.282,1523455253701
5.790,14.408,6.284,1523455253750
5.664,14.395,6.344,1523455253939
5.701,14.387,6.320,1523455253850
5.734,14.377,6.310,1523455253824
5.578,14.402,6.421,1523455254050
5.602,14.401,6.397,1523455254000
5.634,14.399,6.368,1523455253950
5.532,14.350,6.475,1523455254250
5.557,14.355,6.472,1523455254237
5.565,14.359,6.471,1523455254150
5.576,14.360,6.455,1523455254106
5.481,14.339,6.476,1523455254376
5.506,14.344,6.474,1523455254300
5.444,14.327,6.476,1523455254400
5.350,14.276,6.510,1523455254550
5.379,14.288,6.491,1523455254514
5.408,14.314,6.478,1523455254450
5.272,14.256,6.610,1523455254750
5.294,14.260,6.587,1523455254700
5.316,14.266,6.561,1523455254656
5.328,14.268,6.537,1523455254600
5.218,14.256,6.641,1523455254923
5.238,14.254,6.640,1523455254850
5.252,14.254,6.627,1523455254825
5.135,14.277,6.641,1523455255050
5.166,14.268,6.641,1523455255000
5.194,14.260,6.641,1523455254950
5.103,14.286,6.642,1523455255100
4.977,14.268,6.698,1523455255250
5.015,14.260,6.674,1523455255232
5.069,14.296,6.645,1523455255150
4.881,14.268,6.785,1523455255400
4.911,14.270,6.756,1523455255350
4.944,14.271,6.727,1523455255326
4.852,14.264,6.804,1523455255450
4.800,14.238,6.793,1523455255622
4.807,14.261,6.831,1523455255550
4.826,14.267,6.822,1523455255515
4.699,14.185,6.786,1523455255786
4.744,14.212,6.791,1523455255700
4.774,14.227,6.792,1523455255650
4.669,14.168,6.786,1523455255800
4.610,14.155,6.816,1523455255924
4.642,14.152,6.796,1523455255850
4.587,14.143,6.842,1523455255950
4.537,14.114,6.877,1523455256046
4.517,14.107,6.902,1523455256050
4.497,14.101,6.924,1523455256100
4.479,14.099,6.936,1523455256150
4.455,14.129,6.959,1523455256230
4.439,14.128,6.964,1523455256250
4.415,14.130,6.966,1523455256307
4.390,14.133,6.967,1523455256350
4.358,14.137,6.967,1523455256400
4.327,14.141,6.969,1523455256457
4.294,14.145,6.973,1523455256500
4.262,14.148,6.982,1523455256550
4.187,14.070,7.036,1523455256617
4.155,14.068,7.062,1523455256650
4.131,14.064,7.093,1523455256733
4.111,14.060,7.119,1523455256750
4.093,14.055,7.139,1523455256800
4.078,14.050,7.150,1523455256850
4.075,14.031,7.160,1523455256923
4.052,14.023,7.161,1523455256950
4.031,14.011,7.153,1523455257028
4.003,13.998,7.153,1523455257050
3.969,13.982,7.154,1523455257100
3.944,13.971,7.159,1523455257195
3.904,13.950,7.162,1523455257200
3.859,13.927,7.168,1523455257250
3.807,13.912,7.187,1523455257310
3.765,13.891,7.213,1523455257350
3.732,13.876,7.242,1523455257400
3.705,13.866,7.273,1523455257461
3.686,13.860,7.298,1523455257500
3.672,13.857,7.315,1523455257550
3.656,13.884,7.337,1523455257617
3.646,13.883,7.339,1523455257650
3.631,13.883,7.339,1523455257715
3.610,13.882,7.338,1523455257750
3.583,13.883,7.335,1523455257800
3.546,13.868,7.332,1523455257884
3.515,13.869,7.327,1523455257900
3.480,13.871,7.316,1523455257950
3.412,13.805,7.341,1523455258023
3.368,13.805,7.341,1523455258050
3.315,13.798,7.344,1523455258142
3.265,13.781,7.351,1523455258150
3.222,13.758,7.357,1523455258200
3.184,13.731,7.360,1523455258250
3.167,13.679,7.368,1523455258311
3.133,13.649,7.370,1523455258350
3.094,13.617,7.375,1523455258435
3.050,13.578,7.375,1523455258450
3.005,13.538,7.374,1523455258500
2.978,13.509,7.374,1523455258584
2.932,13.473,7.373,1523455258600
2.888,13.440,7.373,1523455258650
2.844,13.424,7.378,1523455258719
2.809,13.402,7.397,1523455258750
2.789,13.394,7.419,1523455258845
2.758,13.380,7.447,1523455258850
2.721,13.368,7.474,1523455258900
2.685,13.359,7.499,1523455258949
2.640,13.389,7.529,1523455259026
2.604,13.382,7.544,1523455259049
2.570,13.376,7.554,1523455259123
2.532,13.369,7.560,1523455259149
2.491,13.361,7.564,1523455259199
2.465,13.453,7.556,1523455259293
2.419,13.443,7.564,1523455259299
2.379,13.434,7.576,1523455259349
2.324,13.367,7.624,1523455259431
2.296,13.356,7.653,1523455259449
2.272,13.345,7.682,1523455259528
2.255,13.337,7.705,1523455259549
2.241,13.329,7.725,1523455259599
2.232,13.323,7.739,1523455259649
2.218,13.310,7.749,1523455259721
2.198,13.296,7.750,1523455259749
2.170,13.259,7.730,1523455259821
2.144,13.235,7.730,1523455259849
2.119,13.209,7.730,1523455259899
2.132,13.205,7.736,1523455259994
2.116,13.176,7.754,1523455259999
2.101,13.149,7.777,1523455260049
2.085,13.127,7.807,1523455260107
2.072,13.104,7.833,1523455260149
2.060,13.085,7.860,1523455260199
1.993,13.016,7.902,1523455260257
1.981,13.003,7.916,1523455260299
1.970,12.994,7.923,1523455260349
1.954,12.982,7.923,1523455260399
1.937,12.970,7.923,1523455260482
1.912,12.954,7.923,1523455260510
1.885,12.936,7.924,1523455260549
1.854,12.917,7.925,1523455260599
1.822,12.895,7.929,1523455260674
1.787,12.870,7.945,1523455260699
1.753,12.843,7.966,1523455260749
1.716,12.726,8.022,1523455260814
1.695,12.700,8.050,1523455260849
1.680,12.675,8.076,1523455260936
1.670,12.657,8.093,1523455260949
1.666,12.647,8.110,1523455260999
1.663,12.640,8.115,1523455261049
1.657,12.626,8.117,1523455261103
1.649,12.606,8.117,1523455261149
1.639,12.592,8.123,1523455261229
1.624,12.554,8.117,1523455261249
1.608,12.508,8.112,1523455261299
1.592,12.461,8.101,1523455261349
1.638,12.462,8.094,1523455261403
1.631,12.434,8.086,1523455261449
1.618,12.414,8.086,1523455261515
1.611,12.388,8.089,1523455261549
1.602,12.355,8.095,1523455261599
1.608,12.346,8.087,1523455261665
1.588,12.305,8.090,1523455261699
1.563,12.268,8.100,1523455261780
1.531,12.226,8.106,1523455261799
1.505,12.193,8.109,1523455261849
1.477,12.156,8.110,1523455261917
1.401,12.124,8.098,1523455262084
1.431,12.083,8.111,1523455261999
1.454,12.124,8.111,1523455261949
1.381,12.073,8.100,1523455262099
1.344,11.828,8.190,1523455262249
1.352,11.874,8.168,1523455262221
1.362,12.017,8.107,1523455262149
1.342,11.734,8.262,1523455262399
1.341,11.760,8.239,1523455262349
1.340,11.793,8.216,1523455262323
1.355,11.639,8.301,1523455262549
1.349,11.678,8.295,1523455262514
1.346,11.706,8.280,1523455262449
1.358,11.583,8.291,1523455262639
1.390,11.476,8.296,1523455262791
1.369,11.508,8.292,1523455262699
1.364,11.545,8.292,1523455262649
1.368,11.383,8.348,1523455262923
1.395,11.401,8.323,1523455262849
1.393,11.442,8.303,1523455262799
1.370,11.294,8.423,1523455263054
1.367,11.316,8.401,1523455262999
1.368,11.346,8.374,1523455262949
1.368,11.279,8.442,1523455263099
1.358,11.236,8.463,1523455263254
1.364,11.256,8.462,1523455263199
1.366,11.268,8.455,1523455263149
1.332,11.139,8.476,1523455263399
1.341,11.174,8.470,1523455263349
1.351,11.210,8.468,1523455263304
1.324,11.087,8.484,1523455263488
1.319,10.922,8.588,1523455263625
1.311,11.012,8.525,1523455263549
1.317,11.049,8.503,1523455263499
1.342,10.819,8.664,1523455263777
1.327,10.862,8.639,1523455263699
1.322,10.888,8.614,1523455263649
1.347,10.801,8.679,1523455263799
1.393,10.723,8.695,1523455263949
1.386,10.743,8.694,1523455263920
1.353,10.785,8.685,1523455263849
1.447,10.671,8.720,1523455264099
1.426,10.705,8.718,1523455264049
1.407,10.734,8.718,1523455264025
1.466,10.640,8.724,1523455264149
1.524,10.627,8.744,1523455264199
1.529,10.597,8.769,1523455264249
1.520,10.577,8.799,1523455264308
1.524,10.553,8.826,1523455264349
1.528,10.530,8.853,1523455264399
1.546,10.531,8.857,1523455264463
1.545,10.513,8.873,1523455264499
1.543,10.498,8.882,1523455264563
1.537,10.477,8.887,1523455264599
1.528,10.451,8.888,1523455264649
1.516,10.423,8.889,1523455264712
1.501,10.390,8.890,1523455264749
1.486,10.358,8.894,1523455264799
1.450,10.399,8.885,1523455264895
1.433,10.361,8.900,1523455264899
1.420,10.316,8.923,1523455264949
1.425,10.239,8.980,1523455265010
1.430,10.197,9.007,1523455265049
1.436,10.164,9.035,1523455265099
1.444,10.134,9.059,1523455265151
1.451,10.114,9.080,1523455265199
1.457,10.096,9.093,1523455265249
1.453,10.087,9.101,1523455265307
1.461,10.065,9.101,1523455265349
1.470,10.043,9.101,1523455265435
1.482,10.012,9.100,1523455265449
1.496,9.978,9.100,1523455265499
1.534,9.955,9.105,1523455265587
1.550,9.922,9.117,1523455265599
1.565,9.892,9.140,1523455265649
1.566,9.871,9.167,1523455265716
1.576,9.850,9.194,1523455265749
1.584,9.831,9.221,1523455265798
1.603,9.831,9.227,1523455265872
1.607,9.812,9.245,1523455265898
1.610,9.793,9.262,1523455265971
1.611,9.770,9.270,1523455265998
1.611,9.746,9.271,1523455266048
1.610,9.718,9.271,1523455266120
1.610,9.687,9.270,1523455266148
1.609,9.655,9.269,1523455266198
1.621,9.586,9.273,1523455266278
1.621,9.546,9.276,1523455266298
1.626,9.497,9.291,1523455266348
1.649,9.416,9.354,1523455266414
1.660,9.375,9.381,1523455266448
1.668,9.343,9.412,1523455266498
1.678,9.314,9.439,1523455266568
1.688,9.300,9.462,1523455266598
1.698,9.287,9.474,1523455266648
1.727,9.262,9.492,1523455266712
1.741,9.243,9.493,1523455266748
1.758,9.265,9.510,1523455266822
1.777,9.242,9.503,1523455266848
1.796,9.218,9.497,1523455266898
1.845,9.207,9.489,1523455266994
1.866,9.181,9.482,1523455266998
1.891,9.150,9.482,1523455267048
1.914,9.114,9.484,1523455267122
1.946,9.075,9.493,1523455267148
1.977,9.039,9.500,1523455267198
1.993,9.007,9.495,1523455267259
2.003,8.971,9.503,1523455267298
2.012,8.937,9.508,1523455267379
2.021,8.905,9.512,1523455267398
2.031,8.872,9.513,1523455267448
2.043,8.833,9.513,1523455267498
2.055,8.794,9.513,1523455267548
2.072,8.748,9.514,1523455267598
2.081,8.729,9.513,1523455267684
2.101,8.686,9.516,1523455267698
2.123,8.643,9.524,1523455267748
2.156,8.564,9.606,1523455267799
2.177,8.524,9.630,1523455267848
2.196,8.489,9.658,1523455267898
2.182,8.486,9.679,1523455267975
2.199,8.461,9.705,1523455267998
2.215,8.436,9.723,1523455268048
2.211,8.420,9.735,1523455268119
2.224,8.400,9.742,1523455268148
2.240,8.371,9.741,1523455268233
2.254,8.350,9.741,1523455268248
2.273,8.321,9.741,1523455268298
2.295,8.287,9.741,1523455268348
2.313,8.258,9.744,1523455268403
2.333,8.230,9.760,1523455268448
2.318,8.205,9.798,1523455268508
2.332,8.187,9.826,1523455268548
2.343,8.172,9.853,1523455268598
2.354,8.159,9.877,1523455268650
2.357,8.147,9.895,1523455268698
2.359,8.135,9.906,1523455268748
2.362,8.122,9.910,1523455268798
2.366,8.103,9.912,1523455268848
2.370,8.078,9.914,1523455268898
2.372,8.046,9.915,1523455268948
2.370,8.010,9.919,1523455268998
2.369,7.964,9.923,1523455269068
2.366,7.922,9.931,1523455269098
2.364,7.874,9.943,1523455269148
2.372,7.792,10.034,1523455269204
2.380,7.750,10.060,1523455269248
2.386,7.720,10.091,1523455269298
2.374,7.708,10.118,1523455269380
2.378,7.685,10.144,1523455269398
2.405,7.653,10.160,1523455269448
2.418,7.637,10.177,1523455269504
2.429,7.623,10.184,1523455269548
2.448,7.625,10.191,1523455269642
2.472,7.598,10.191,1523455269648
2.495,7.575,10.190,1523455269698
2.530,7.559,10.190,1523455269790
2.554,7.534,10.190,1523455269798
2.578,7.510,10.196,1523455269848
2.582,7.473,10.233,1523455269916
2.611,7.443,10.262,1523455269948
2.638,7.417,10.291,1523455269998
2.642,7.387,10.315,1523455270057
2.644,7.360,10.337,1523455270098
2.646,7.308,10.371,1523455270248
2.646,7.321,10.366,1523455270198
2.645,7.338,10.355,1523455270173
2.638,7.237,10.376,1523455270398
2.641,7.266,10.376,1523455270348
2.643,7.288,10.375,1523455270298
2.626,7.228,10.377,1523455270474
2.633,7.104,10.410,1523455270610
2.624,7.164,10.365,1523455270548
2.624,7.198,10.374,1523455270498
2.633,7.033,10.406,1523455270733
2.633,7.069,10.406,1523455270648
2.660,7.008,10.412,1523455270748
2.701,6.956,10.423,1523455270911
2.701,6.971,10.425,1523455270848
2.685,6.985,10.420,1523455270798
2.768,6.919,10.420,1523455271048
2.750,6.930,10.422,1523455271031
2.729,6.934,10.420,1523455270948
2.792,6.907,10.419,1523455271098
2.878,6.867,10.405,1523455271248
2.848,6.882,10.412,1523455271198
2.817,6.895,10.415,1523455271148
2.969,6.789,10.402,1523455271398
2.937,6.819,10.401,1523455271348
2.904,6.844,10.404,1523455271302
3.010,6.763,10.399,1523455271466
3.083,6.656,10.411,1523455271598
3.062,6.688,10.409,1523455271548
3.039,6.725,10.407,1523455271498
3.141,6.569,10.422,1523455271748
3.118,6.601,10.416,1523455271698
3.101,6.627,10.413,1523455271648
3.162,6.541,10.423,1523455271798
3.248,6.419,10.472,1523455271995
3.212,6.477,10.418,1523455271898
3.185,6.510,10.421,1523455271880
3.353,6.331,10.458,1523455272144
3.316,6.355,10.459,1523455272048
3.279,6.387,10.467,1523455271998
3.489,6.289,10.463,1523455272294
3.439,6.300,10.462,1523455272198
3.395,6.313,10.458,1523455272148
3.530,6.284,10.465,1523455272298
3.566,6.282,10.467,1523455272348
3.598,6.315,10.479,1523455272441
3.637,6.316,10.479,1523455272448
3.678,6.316,10.477,1523455272498
3.722,6.317,10.472,1523455272596
3.769,6.316,10.465,1523455272598
3.813,6.313,10.455,1523455272647
3.875,6.315,10.445,1523455272706
3.920,6.308,10.444,1523455272747
3.967,6.300,10.443,1523455272797
4.039,6.318,10.437,1523455272873
4.081,6.307,10.443,1523455272897
4.123,6.297,10.444,1523455272971
4.163,6.286,10.449,1523455272997
4.206,6.275,10.452,1523455273047
4.246,6.264,10.456,1523455273117
4.298,6.253,10.457,1523455273147
4.347,6.246,10.456,1523455273197
4.395,6.231,10.444,1523455273264
4.446,6.227,10.437,1523455273297
4.498,6.224,10.429,1523455273347
4.514,6.195,10.485,1523455273403
4.572,6.197,10.486,1523455273447
4.626,6.204,10.495,1523455273497
4.661,6.220,10.497,1523455273553
4.705,6.232,10.500,1523455273597
4.746,6.247,10.501,1523455273647
4.781,6.260,10.504,1523455273698
4.818,6.274,10.505,1523455273747
4.864,6.291,10.504,1523455273797
4.913,6.333,10.505,1523455273850
4.964,6.351,10.498,1523455273897
5.034,6.388,10.493,1523455273988
5.075,6.401,10.486,1523455273997
5.112,6.413,10.486,1523455274047
5.154,6.425,10.488,1523455274110
5.193,6.434,10.494,1523455274147
5.234,6.439,10.498,1523455274197
5.295,6.467,10.491,1523455274258
5.338,6.462,10.497,1523455274297
5.378,6.458,10.502,1523455274375
5.421,6.453,10.504,1523455274397
5.475,6.448,10.504,1523455274447
5.522,6.449,10.502,1523455274504
5.575,6.458,10.496,1523455274547
5.625,6.468,10.494,1523455274597
5.694,6.522,10.510,1523455274673
5.751,6.540,10.517,1523455274697
5.807,6.558,10.526,1523455274747
5.839,6.565,10.554,1523455274815
5.883,6.588,10.559,1523455274847
5.921,6.609,10.565,1523455274897
5.935,6.653,10.568,1523455274960
5.975,6.677,10.572,1523455274997
6.023,6.705,10.572,1523455275047
6.059,6.733,10.569,1523455275103
6.106,6.761,10.561,1523455275147
6.152,6.748,10.543,1523455275238
6.191,6.770,10.531,1523455275247
6.227,6.788,10.526,1523455275297
6.258,6.796,10.521,1523455275393
6.293,6.809,10.521,1523455275397
6.348,6.835,10.513,1523455275496
6.390,6.842,10.517,1523455275497
6.436,6.846,10.521,1523455275547
6.476,6.849,10.526,1523455275597
6.529,6.867,10.520,1523455275664
6.571,6.870,10.519,1523455275697
6.617,6.877,10.512,1523455275747
6.664,6.887,10.505,1523455275797
6.710,6.899,10.494,1523455275847
6.761,6.915,10.488,1523455275897
6.808,6.931,10.483,1523455275947
6.855,6.949,10.483,1523455275997
6.902,6.968,10.485,1523455276088
6.946,6.986,10.487,1523455276097
6.991,7.003,10.489,1523455276147
7.015,7.005,10.514,1523455276204
7.061,7.025,10.518,1523455276247
7.108,7.044,10.523,1523455276297
7.299,7.044,10.516,1523455276486
7.219,7.043,10.518,1523455276397
7.176,7.026,10.519,1523455276364
7.338,7.054,10.509,1523455276497
7.379,7.062,10.504,1523455276547
7.421,7.068,10.501,1523455276597
7.480,7.021,10.486,1523455276647
7.522,7.021,10.488,1523455276697
7.549,6.998,10.487,1523455276777
7.589,6.993,10.491,1523455276797
7.632,6.985,10.496,1523455276847
7.671,6.976,10.504,1523455276902
7.714,6.968,10.508,1523455276947
7.754,6.960,10.508,1523455276997
7.799,6.963,10.497,1523455277071
7.845,6.956,10.493,1523455277097
7.902,6.950,10.485,1523455277170
7.951,6.948,10.481,1523455277197
7.999,6.948,10.478,1523455277247
8.044,6.951,10.478,1523455277297
8.090,6.957,10.480,1523455277347
8.132,6.964,10.483,1523455277397
8.167,6.938,10.464,1523455277469
8.215,6.952,10.469,1523455277497
8.267,6.967,10.470,1523455277547
8.280,6.968,10.483,1523455277615
8.329,6.982,10.481,1523455277647
8.374,6.992,10.478,1523455277727
8.425,7.000,10.472,1523455277747
8.475,7.005,10.467,1523455277797
8.576,6.979,10.466,1523455277890
8.630,6.978,10.466,1523455277897
8.684,6.976,10.472,1523455277947
8.760,6.930,10.475,1523455278036
8.806,6.925,10.477,1523455278047
8.846,6.920,10.480,1523455278097
8.875,6.894,10.479,1523455278183
8.919,6.888,10.484,1523455278197
8.967,6.882,10.484,1523455278247
9.119,6.867,10.473,1523455278397
9.068,6.872,10.479,1523455278347
9.016,6.878,10.482,1523455278309
9.255,6.863,10.458,1523455278547
9.213,6.865,10.458,1523455278497
9.168,6.869,10.463,1523455278458
9.299,6.862,10.459,1523455278622
9.445,6.876,10.471,1523455278747
9.393,6.869,10.469,1523455278697
9.344,6.864,10.466,1523455278647
9.575,6.882,10.463,1523455278897
9.529,6.871,10.463,1523455278879
9.497,6.888,10.477,1523455278797
9.692,6.911,10.451,1523455279047
9.645,6.901,10.464,1523455279005
9.621,6.894,10.462,1523455278947
9.742,6.917,10.443,1523455279097
9.928,6.882,10.435,1523455279295
9.852,6.895,10.432,1523455279197
9.804,6.892,10.432,1523455279154
10.088,6.867,10.449,1523455279446
10.027,6.883,10.447,1523455279347
9.977,6.883,10.444,1523455279297
10.130,6.867,10.449,1523455279447
10.257,6.873,10.432,1523455279596
10.210,6.868,10.439,1523455279589
10.172,6.867,10.449,1523455279496
10.394,6.916,10.392,1523455279746
10.348,6.903,10.400,1523455279697
10.311,6.881,10.424,1523455279646
10.439,6.930,10.389,1523455279796
10.527,6.972,10.383,1523455279896
10.480,6.956,10.380,1523455279865
10.580,6.992,10.389,1523455279946
10.749,7.064,10.413,1523455280114
10.696,7.041,10.408,1523455280046
10.638,7.017,10.398,1523455279996
10.900,7.124,10.410,1523455280269
10.849,7.105,10.417,1523455280196
10.797,7.084,10.417,1523455280146
10.951,7.137,10.402,1523455280296
11.076,7.157,10.401,1523455280446
11.032,7.151,10.401,1523455280417
11.002,7.148,10.396,1523455280346
11.124,7.160,10.407,1523455280496
11.181,7.117,10.402,1523455280561
11.226,7.111,10.403,1523455280596
11.289,7.081,10.404,1523455280679
11.333,7.068,10.407,1523455280696
11.377,7.056,10.408,1523455280746
11.429,7.041,10.408,1523455280796
11.529,6.987,10.393,1523455280858
11.593,6.973,10.389,1523455280896
11.643,6.904,10.368,1523455280975
11.710,6.891,10.365,1523455280996
11.772,6.879,10.365,1523455281095
11.829,6.867,10.366,1523455281096
11.881,6.855,10.368,1523455281146
11.941,6.839,10.374,1523455281224
12.011,6.821,10.383,1523455281246
12.084,6.801,10.391,1523455281296
12.151,6.783,10.395,1523455281346
12.220,6.764,10.395,1523455281396
12.278,6.744,10.394,1523455281446
12.333,6.720,10.389,1523455281522
12.374,6.698,10.378,1523455281546
12.414,6.670,10.373,1523455281596
12.448,6.645,10.370,1523455281649
12.483,6.616,10.370,1523455281696
12.522,6.583,10.374,1523455281746
12.521,6.542,10.389,1523455281828
12.533,6.492,10.394,1523455281846
12.551,6.376,10.393,1523455281945
12.565,6.326,10.394,1523455281946
12.578,6.279,10.394,1523455281996
12.603,6.195,10.383,1523455282082
12.636,6.151,10.377,1523455282096
12.672,6.103,10.367,1523455282146
12.709,6.052,10.361,1523455282196
12.785,5.957,10.357,1523455282249
12.820,5.906,10.357,1523455282296
12.834,5.797,10.361,1523455282385
12.870,5.746,10.370,1523455282396
12.906,5.692,10.376,1523455282482
12.945,5.636,10.385,1523455282496
12.982,5.580,10.391,1523455282546
13.018,5.526,10.393,1523455282631
13.049,5.479,10.392,1523455282646
13.083,5.428,10.387,1523455282696
13.109,5.389,10.375,1523455282746
13.135,5.349,10.363,1523455282796
13.140,5.308,10.351,1523455282846
13.144,5.271,10.348,1523455282896
13.148,5.232,10.348,1523455282946
13.154,5.182,10.356,1523455282996
13.155,5.129,10.358,1523455283083
13.146,5.072,10.365,1523455283096
13.137,5.017,10.372,1523455283146
13.129,4.966,10.374,1523455283215
13.120,4.914,10.374,1523455283246
13.113,4.860,10.370,1523455283296
13.110,4.798,10.362,1523455283348
13.110,4.733,10.354,1523455283396
13.111,4.663,10.343,1523455283466
13.113,4.605,10.342,1523455283496
13.114,4.547,10.343,1523455283546
13.115,4.492,10.348,1523455283627
13.116,4.430,10.355,1523455283646
13.117,4.364,10.364,1523455283696
13.118,4.292,10.372,1523455283746
13.117,4.224,10.369,1523455283797
13.117,4.158,10.368,1523455283890
13.116,4.097,10.362,1523455283896
13.112,4.043,10.352,1523455283946
13.105,3.991,10.342,1523455283996
13.098,3.948,10.338,1523455284046
13.088,3.905,10.338,1523455284096
13.076,3.863,10.345,1523455284146
13.061,3.819,10.350,1523455284196
13.042,3.777,10.354,1523455284246
13.015,3.730,10.360,1523455284296
12.987,3.687,10.363,1523455284346
12.955,3.640,10.364,1523455284396
12.921,3.593,10.360,1523455284467
12.886,3.543,10.356,1523455284496
12.849,3.493,10.346,1523455284546
12.811,3.445,10.330,1523455284623
12.773,3.398,10.324,1523455284646
12.716,3.359,10.249,1523455284731
12.678,3.318,10.249,1523455284746
12.641,3.278,10.252,1523455284796
12.601,3.235,10.258,1523455284880
12.550,3.180,10.266,1523455284896
12.500,3.127,10.271,1523455284946
12.448,3.071,10.274,1523455284996
12.403,3.024,10.274,1523455285077
12.354,2.982,10.271,1523455285096
12.303,2.940,10.211,1523455285188
12.256,2.910,10.204,1523455285196
12.215,2.886,10.201,1523455285246
12.171,2.864,10.201,1523455285298
12.128,2.847,10.207,1523455285346
12.084,2.833,10.217,1523455285426
12.043,2.825,10.221,1523455285446
12.002,2.822,10.228,1523455285496
11.964,2.823,10.233,1523455285575
11.925,2.827,10.233,1523455285596
11.885,2.830,10.232,1523455285646
11.838,2.835,10.228,1523455285703
11.786,2.839,10.221,1523455285746
11.730,2.843,10.216,1523455285796
11.655,2.841,10.198,1523455285871
11.601,2.837,10.198,1523455285896
11.546,2.829,10.198,1523455285946
11.496,2.821,10.201,1523455286026
11.443,2.810,10.204,1523455286046
11.314,2.821,10.060,1523455286141
11.245,2.801,10.064,1523455286146
11.179,2.782,10.066,1523455286196
11.105,2.761,10.060,1523455286291
11.045,2.744,10.058,1523455286296
10.989,2.729,10.047,1523455286345
10.933,2.719,10.038,1523455286395
10.636,2.737,9.878,1523455286595
10.688,2.737,9.871,1523455286560
10.742,2.739,9.871,1523455286495
10.797,2.744,9.873,1523455286453
10.484,2.759,9.897,1523455286745
10.536,2.749,9.889,1523455286695
10.584,2.741,9.882,1523455286685
10.331,2.791,9.888,1523455286895
10.384,2.780,9.896,1523455286845
10.436,2.769,9.898,1523455286834
10.093,2.810,9.859,1523455287111
10.154,2.810,9.859,1523455287045
10.216,2.807,9.868,1523455286995
10.275,2.801,9.877,1523455286961
9.897,2.804,9.874,1523455287264
9.960,2.808,9.868,1523455287195
10.022,2.810,9.862,1523455287145
9.830,2.795,9.885,1523455287295
9.693,2.774,9.896,1523455287409
9.759,2.784,9.892,1523455287345
9.627,2.763,9.896,1523455287445
9.400,2.766,9.828,1523455287595
9.454,2.770,9.838,1523455287553
9.566,2.753,9.890,1523455287495
9.130,2.752,9.819,1523455287795
9.180,2.746,9.813,1523455287745
9.237,2.744,9.810,1523455287695
9.288,2.743,9.810,1523455287682
8.908,2.751,9.807,1523455287986
9.004,2.777,9.811,1523455287895
9.056,2.768,9.803,1523455287859
8.743,2.774,9.797,1523455288095
8.800,2.769,9.803,1523455288092
8.857,2.760,9.807,1523455287995
8.682,2.777,9.785,1523455288145
8.481,2.786,9.777,1523455288295
8.544,2.784,9.777,1523455288245
8.618,2.781,9.777,1523455288242
8.304,2.790,9.792,1523455288445
8.360,2.790,9.787,1523455288395
8.418,2.788,9.781,1523455288345
8.245,2.786,9.801,1523455288519
8.021,2.736,9.792,1523455288657
8.128,2.777,9.804,1523455288595
8.186,2.782,9.804,1523455288545
7.964,2.732,9.785,1523455288695
7.914,2.730,9.769,1523455288745
7.864,2.730,9.760,1523455288812
7.819,2.731,9.752,1523455288845
7.747,2.739,9.752,1523455288943
7.698,2.744,9.754,1523455288945
7.653,2.751,9.758,1523455288995
7.563,2.744,9.760,1523455289094
7.518,2.756,9.766,1523455289095
7.476,2.768,9.768,1523455289145
7.449,2.745,9.768,1523455289244
7.407,2.757,9.765,1523455289245
7.356,2.768,9.760,1523455289295
7.298,2.777,9.752,1523455289378
7.241,2.783,9.744,1523455289395
7.182,2.786,9.741,1523455289445
7.126,2.787,9.741,1523455289500
7.069,2.788,9.744,1523455289545
7.015,2.787,9.751,1523455289628
6.961,2.785,9.758,1523455289645
6.901,2.782,9.767,1523455289695
6.840,2.779,9.772,1523455289745
6.778,2.775,9.780,1523455289795
6.720,2.773,9.782,1523455289845
6.660,2.774,9.782,1523455289906
6.604,2.776,9.776,1523455289945
6.550,2.780,9.768,1523455289995
6.495,2.764,9.758,1523455290064
6.453,2.771,9.756,1523455290095
6.413,2.778,9.756,1523455290145
6.373,2.789,9.764,1523455290196
6.333,2.802,9.769,1523455290245
6.292,2.819,9.771,1523455290295
6.241,2.842,9.772,1523455290354
6.202,2.859,9.775,1523455290395
6.162,2.877,9.777,1523455290445
6.079,2.883,9.777,1523455290506
6.034,2.897,9.772,1523455290545
5.983,2.908,9.768,1523455290610
5.925,2.918,9.763,1523455290645
5.871,2.927,9.757,1523455290695
5.819,2.936,9.757,1523455290761
5.767,2.945,9.757,1523455290795
5.712,2.954,9.764,1523455290845
5.661,2.963,9.770,1523455290923
5.610,2.972,9.773,1523455290945
5.555,2.981,9.779,1523455290995
5.502,2.991,9.783,1523455291045
5.448,3.003,9.787,1523455291095
5.396,3.016,9.787,1523455291164
5.346,3.031,9.786,1523455291195
5.298,3.048,9.781,1523455291245
5.259,3.062,9.773,1523455291295
5.229,3.074,9.768,1523455291345
5.199,3.088,9.769,1523455291440
5.172,3.101,9.770,1523455291451
5.137,3.124,9.771,1523455291495
5.107,3.151,9.773,1523455291545
5.073,3.184,9.776,1523455291600
5.038,3.218,9.778,1523455291645
5.004,3.251,9.778,1523455291695
4.961,3.290,9.773,1523455291767
4.921,3.325,9.771,1523455291795
4.874,3.361,9.764,1523455291868
4.824,3.394,9.758,1523455291895
4.773,3.429,9.749,1523455291945
4.728,3.459,9.747,1523455291995
4.683,3.522,9.748,1523455292054
4.640,3.550,9.753,1523455292095
4.599,3.581,9.759,1523455292192
4.552,3.612,9.766,1523455292195
4.506,3.643,9.773,1523455292245
4.456,3.659,9.778,1523455292316
4.422,3.683,9.780,1523455292345
4.392,3.707,9.780,1523455292423
4.368,3.728,9.778,1523455292445
4.337,3.759,9.773,1523455292495
4.311,3.787,9.766,1523455292545
4.282,3.821,9.759,1523455292595
4.260,3.851,9.757,1523455292645
4.239,3.883,9.757,1523455292724
4.220,3.916,9.765,1523455292745
4.205,3.949,9.771,1523455292795
4.184,4.013,9.774,1523455292863
4.176,4.055,9.782,1523455292895
4.172,4.094,9.788,1523455292945
4.168,4.138,9.788,1523455293006
4.164,4.178,9.787,1523455293045
4.159,4.225,9.785,1523455293095
4.147,4.279,9.776,1523455293156
4.133,4.330,9.770,1523455293194
4.118,4.380,9.763,1523455293278
4.104,4.427,9.760,1523455293294
4.091,4.469,9.760,1523455293344
4.075,4.576,9.763,1523455293437
4.061,4.626,9.765,1523455293444
4.047,4.677,9.771,1523455293494
4.031,4.736,9.778,1523455293544
4.052,4.839,9.780,1523455293598
4.037,4.899,9.781,1523455293644
4.036,4.973,9.777,1523455293700
4.024,5.032,9.769,1523455293744
4.015,5.089,9.763,1523455293830
4.010,5.142,9.752,1523455293844
4.010,5.191,9.750,1523455293894
4.014,5.238,9.750,1523455293944
4.023,5.283,9.760,1523455293994
4.037,5.328,9.763,1523455294044
4.053,5.363,9.763,1523455294094
4.074,5.400,9.767,1523455294144
4.090,5.428,9.769,1523455294194
4.104,5.506,9.769,1523455294275
4.126,5.546,9.765,1523455294294
4.149,5.595,9.758,1523455294344
4.166,5.646,9.752,1523455294394
4.181,5.693,9.743,1523455294444
4.197,5.740,9.737,1523455294537
4.214,5.791,9.734,1523455294544
4.231,5.835,9.734,1523455294594
4.305,5.988,9.749,1523455294744
4.281,5.931,9.742,1523455294694
4.260,5.883,9.736,1523455294691
4.333,6.061,9.756,1523455294842
4.422,6.248,9.773,1523455294944
4.390,6.188,9.772,1523455294894
4.362,6.125,9.766,1523455294844
4.763,6.523,9.823,1523455295444
4.724,6.514,9.818,1523455295394
4.687,6.501,9.811,1523455295367
4.653,6.483,9.807,1523455295294
4.621,6.463,9.799,1523455295271
4.606,6.463,9.780,1523455295194
4.576,6.432,9.778,1523455295144
4.563,6.417,9.769,1523455295104
4.525,6.374,9.770,1523455295044
4.490,6.326,9.773,1523455295002
4.894,6.556,9.820,1523455295594
4.846,6.544,9.823,1523455295544
4.804,6.533,9.824,1523455295494
5.040,6.611,9.795,1523455295744
4.990,6.588,9.804,1523455295694
4.943,6.570,9.812,1523455295644
5.077,6.629,9.798,1523455295804
5.254,6.678,9.808,1523455295951
5.165,6.676,9.803,1523455295894
5.121,6.652,9.798,1523455295844
5.461,6.759,9.821,1523455296095
5.357,6.738,9.820,1523455296044
5.306,6.708,9.814,1523455295994
5.532,6.801,9.820,1523455296144
5.660,6.848,9.801,1523455296294
5.619,6.838,9.805,1523455296249
5.573,6.824,9.819,1523455296194
5.819,6.896,9.801,1523455296444
5.767,6.886,9.799,1523455296394
5.727,6.878,9.799,1523455296385
5.973,6.886,9.839,1523455296655
5.955,6.908,9.817,1523455296594
5.920,6.905,9.813,1523455296544
5.850,6.896,9.809,1523455296509
6.085,6.868,9.844,1523455296794
6.046,6.875,9.845,1523455296775
6.008,6.881,9.845,1523455296694
6.128,6.862,9.838,1523455296844
6.170,6.859,9.832,1523455296902
6.220,6.859,9.822,1523455296944
6.266,6.863,9.814,1523455296994
6.317,6.870,9.804,1523455297081
6.361,6.876,9.803,1523455297094
6.410,6.883,9.803,1523455297144
6.438,6.884,9.825,1523455297216
6.496,6.893,9.827,1523455297244
6.558,6.903,9.835,1523455297294
6.623,6.914,9.841,1523455297357
6.681,6.925,9.845,1523455297394
6.735,6.935,9.845,1523455297444
6.809,6.936,9.847,1523455297500
6.864,6.945,9.841,1523455297544
6.948,6.907,9.822,1523455297638
7.003,6.911,9.811,1523455297644
7.057,6.912,9.805,1523455297694
7.108,6.905,9.803,1523455297791
7.156,6.899,9.806,1523455297794
7.207,6.890,9.813,1523455297889
7.251,6.876,9.817,1523455297894
7.298,6.858,9.823,1523455297944
7.340,6.837,9.828,1523455297994
7.386,6.784,9.849,1523455298063
7.433,6.761,9.849,1523455298094
7.482,6.736,9.846,1523455298144
7.537,6.711,9.840,1523455298194
7.596,6.689,9.829,1523455298244
7.654,6.672,9.820,1523455298294
7.715,6.660,9.816,1523455298344
7.776,6.651,9.816,1523455298394
7.845,6.681,9.828,1523455298482
7.905,6.674,9.837,1523455298494
7.960,6.669,9.844,1523455298544
7.991,6.662,9.866,1523455298606
8.035,6.660,9.870,1523455298644
8.084,6.657,9.870,1523455298694
8.120,6.666,9.868,1523455298762
8.171,6.663,9.863,1523455298794
8.255,6.641,9.859,1523455298882
8.297,6.637,9.848,1523455298894
8.332,6.633,9.844,1523455298944
8.369,6.627,9.844,1523455298994
8.431,6.594,9.845,1523455299048
8.478,6.580,9.854,1523455299094
8.547,6.587,9.867,1523455299174
8.596,6.564,9.876,1523455299194
8.642,6.543,9.879,1523455299244
8.682,6.514,9.883,1523455299301
8.718,6.497,9.881,1523455299344
8.757,6.482,9.877,1523455299394
8.804,6.473,9.867,1523455299470
8.854,6.460,9.861,1523455299494
8.909,6.446,9.855,1523455299590
8.957,6.435,9.851,1523455299594
9.004,6.426,9.851,1523455299644
9.047,6.419,9.852,1523455299694
9.092,6.415,9.854,1523455299744
9.140,6.415,9.860,1523455299794
9.199,6.437,9.874,1523455299869
9.246,6.446,9.878,1523455299894
9.290,6.454,9.878,1523455299944
9.294,6.458,9.895,1523455300016
9.342,6.467,9.884,1523455300043
9.388,6.471,9.876,1523455300093
9.450,6.453,9.868,1523455300145
9.497,6.453,9.864,1523455300193
9.595,6.428,9.873,1523455300286
9.640,6.425,9.877,1523455300293
9.684,6.420,9.881,1523455300343
9.715,6.431,9.890,1523455300437
9.762,6.422,9.894,1523455300443
9.804,6.415,9.899,1523455300493
9.879,6.457,9.912,1523455300580
9.922,6.450,9.910,1523455300593
9.977,6.442,9.906,1523455300643
10.021,6.450,9.894,1523455300709
10.069,6.449,9.881,1523455300743
10.123,6.450,9.877,1523455300793
10.254,6.493,9.863,1523455300856
10.308,6.500,9.863,1523455300893
10.373,6.511,9.867,1523455300943
10.422,6.531,9.870,1523455300993
10.470,6.551,9.882,1523455301043
10.527,6.575,9.889,1523455301093
10.577,6.596,9.895,1523455301143
10.628,6.618,9.897,1523455301193
10.737,6.697,9.913,1523455301281
10.790,6.711,9.913,1523455301293
10.843,6.724,9.905,1523455301343
10.880,6.729,9.901,1523455301408
10.936,6.737,9.890,1523455301443
10.983,6.743,9.890,1523455301493
11.035,6.762,9.898,1523455301552
11.086,6.767,9.907,1523455301593
11.141,6.768,9.915,1523455301691
11.193,6.765,9.924,1523455301693
11.245,6.757,9.933,1523455301743
11.289,6.751,9.933,1523455301793
11.345,6.733,9.927,1523455301848
11.392,6.725,9.922,1523455301893
11.456,6.731,9.921,1523455301986
11.517,6.727,9.914,1523455301993
11.590,6.725,9.911,1523455302043
11.675,6.711,9.922,1523455302099
11.737,6.711,9.925,1523455302143
11.795,6.713,9.934,1523455302193
11.847,6.718,9.939,1523455302265
11.893,6.724,9.946,1523455302293
11.937,6.731,9.952,1523455302364
11.981,6.739,9.955,1523455302393
12.030,6.747,9.955,1523455302443
12.079,6.755,9.952,1523455302493
12.125,6.762,9.943,1523455302543
12.168,6.768,9.932,1523455302593
12.244,6.813,9.934,1523455302670
12.280,6.817,9.925,1523455302693
12.316,6.820,9.925,1523455302743
12.338,6.815,9.934,1523455302820
12.495,6.823,9.957,1523455302960
12.437,6.801,9.945,1523455302893
12.385,6.810,9.938,1523455302843
12.640,6.822,9.969,1523455303093
12.594,6.830,9.969,1523455303076
12.551,6.812,9.965,1523455302993
12.682,6.818,9.959,1523455303143
12.789,6.811,9.945,1523455303259
12.730,6.818,9.954,1523455303193
12.991,6.853,9.957,1523455303443
12.950,6.846,9.955,1523455303393
12.900,6.841,9.950,1523455303371
12.841,6.813,9.942,1523455303293
13.096,6.881,9.966,1523455303593
13.062,6.867,9.962,1523455303543
13.033,6.859,9.959,1523455303510
13.193,6.920,9.964,1523455303743
13.160,6.906,9.969,1523455303693
13.123,6.891,9.969,1523455303653
13.230,6.935,9.959,1523455303793
13.321,6.959,9.928,1523455303943
13.291,6.953,9.936,1523455303921
13.259,6.945,9.946,1523455303843
13.431,6.969,9.935,1523455304093
13.389,6.967,9.930,1523455304059
13.353,6.964,9.928,1523455303993
13.473,6.968,9.942,1523455304143
13.599,6.954,9.963,1523455304293
13.567,6.958,9.961,1523455304243
13.516,6.964,9.951,1523455304201
13.730,6.980,9.963,1523455304484
13.681,6.952,9.967,1523455304393
13.646,6.956,9.967,1523455304347
13.842,6.988,9.950,1523455304593
13.806,6.982,9.950,1523455304543
13.767,6.980,9.956,1523455304493
13.835,7.019,9.965,1523455304646
13.936,7.137,9.981,1523455304793
13.912,7.110,9.982,1523455304777
13.863,7.034,9.965,1523455304693
13.959,7.225,9.971,1523455304943
13.940,7.196,9.973,1523455304898
13.958,7.167,9.984,1523455304843
13.974,7.247,9.964,1523455304993
13.986,7.284,9.938,1523455305061
14.000,7.303,9.919,1523455305093
14.016,7.322,9.895,1523455305143
14.037,7.340,9.863,1523455305193
14.065,7.362,9.825,1523455305243
14.094,7.380,9.788,1523455305308
14.142,7.400,9.760,1523455305343
14.198,7.413,9.760,1523455305393
14.267,7.423,9.761,1523455305458
14.322,7.431,9.769,1523455305493
14.375,7.439,9.777,1523455305586
14.408,7.444,9.777,1523455305593
14.430,7.448,9.771,1523455305643
14.451,7.453,9.753,1523455305693
14.484,7.478,9.723,1523455305757
14.507,7.483,9.695,1523455305793
14.551,7.511,9.657,1523455305872
14.577,7.518,9.626,1523455305893
14.604,7.525,9.596,1523455305943
14.636,7.537,9.584,1523455305993
14.659,7.554,9.580,1523455306056
14.687,7.572,9.574,1523455306093
14.708,7.589,9.570,1523455306185
14.727,7.612,9.566,1523455306193
14.742,7.633,9.557,1523455306243
14.755,7.655,9.538,1523455306308
14.771,7.675,9.510,1523455306343
14.787,7.696,9.479,1523455306393
14.797,7.722,9.440,1523455306468
14.818,7.742,9.408,1523455306493
14.840,7.760,9.392,1523455306566
14.872,7.783,9.392,1523455306593
14.903,7.800,9.392,1523455306643
14.938,7.819,9.393,1523455306715
14.971,7.836,9.393,1523455306743
14.999,7.851,9.392,1523455306793
15.034,7.870,9.382,1523455306845
15.057,7.889,9.368,1523455306892
15.082,7.913,9.342,1523455306942
15.101,7.940,9.317,1523455307028
15.124,7.980,9.291,1523455307042
15.139,8.015,9.258,1523455307141
15.151,8.046,9.227,1523455307142
15.164,8.085,9.209,1523455307192
15.150,8.095,9.220,1523455307281
15.161,8.145,9.220,1523455307292
15.171,8.198,9.226,1523455307342
15.181,8.246,9.231,1523455307392
15.137,8.313,9.257,1523455307463
15.145,8.359,9.254,1523455307492
15.158,8.444,9.258,1523455307569
15.171,8.485,9.249,1523455307592
15.186,8.521,9.249,1523455307642
15.185,8.558,9.250,1523455307716
15.202,8.593,9.254,1523455307742
15.225,8.632,9.263,1523455307792
15.242,8.685,9.258,1523455307854
15.271,8.721,9.267,1523455307892
15.303,8.759,9.268,1523455307974
15.328,8.790,9.268,1523455307992
15.355,8.823,9.265,1523455308042
15.375,8.849,9.257,1523455308103
15.395,8.878,9.253,1523455308142
15.411,8.902,9.253,1523455308192
15.431,8.932,9.254,1523455308252
15.451,8.965,9.256,1523455308292
15.472,9.001,9.259,1523455308342
15.504,9.044,9.258,1523455308441
15.517,9.076,9.258,1523455308442
15.525,9.104,9.256,1523455308492
15.548,9.184,9.248,1523455308557
15.555,9.210,9.232,1523455308592
15.561,9.230,9.214,1523455308642
15.574,9.267,9.183,1523455308694
15.585,9.293,9.138,1523455308742
15.597,9.317,9.104,1523455308792
15.649,9.323,9.043,1523455308852
15.666,9.347,9.018,1523455308892
15.692,9.366,9.005,1523455308975
15.720,9.400,9.005,1523455308992
15.745,9.430,9.005,1523455309042
15.759,9.454,9.005,1523455309105
15.782,9.485,8.992,1523455309142
15.792,9.500,8.980,1523455309238
15.807,9.530,8.957,1523455309242
15.816,9.554,8.935,1523455309292
15.824,9.582,8.913,1523455309342
15.831,9.618,8.884,1523455309392
15.835,9.654,8.849,1523455309442
15.836,9.684,8.815,1523455309510
15.834,9.723,8.797,1523455309542
15.828,9.767,8.790,1523455309592
15.820,9.808,8.789,1523455309661
15.810,9.849,8.789,1523455309692
15.802,9.882,8.789,1523455309742
15.787,9.907,8.792,1523455309827
15.780,9.935,8.774,1523455309842
15.774,9.961,8.757,1523455309892
15.761,9.946,8.744,1523455309966
15.758,9.972,8.713,1523455309992
15.746,9.963,8.692,1523455310082
15.747,9.981,8.652,1523455310092
15.749,9.996,8.625,1523455310142
15.754,10.021,8.617,1523455310192
15.723,10.073,8.636,1523455310258
15.734,10.112,8.637,1523455310292
15.742,10.175,8.662,1523455310359
15.751,10.209,8.662,1523455310392
15.756,10.234,8.654,1523455310442
15.709,10.248,8.639,1523455310513
15.707,10.269,8.613,1523455310542
15.702,10.293,8.585,1523455310592
15.658,10.344,8.526,1523455310666
15.648,10.377,8.492,1523455310692
15.634,10.415,8.466,1523455310742
15.618,10.456,8.458,1523455310792
15.595,10.503,8.448,1523455310842
15.577,10.536,8.446,1523455310917
15.558,10.570,8.446,1523455310942
15.521,10.641,8.435,1523455311092
15.533,10.616,8.444,1523455311047
15.546,10.592,8.445,1523455310992
15.474,10.736,8.367,1523455311242
15.483,10.696,8.400,1523455311238
15.507,10.672,8.413,1523455311142
15.470,10.769,8.334,1523455311292
15.487,10.875,8.255,1523455311442
15.479,10.850,8.265,1523455311392
15.474,10.822,8.292,1523455311356
15.529,10.987,8.249,1523455311592
15.515,10.950,8.249,1523455311542
15.500,10.911,8.250,1523455311493
15.560,11.104,8.230,1523455311766
15.551,11.071,8.252,1523455311692
15.540,11.035,8.254,1523455311644
15.560,11.136,8.212,1523455311792
15.501,11.228,8.128,1523455311942
15.511,11.197,8.160,1523455311921
15.554,11.173,8.186,1523455311842
15.435,11.348,8.038,1523455312092
15.453,11.306,8.047,1523455312051
15.490,11.259,8.091,1523455311992
15.415,11.394,8.022,1523455312142
15.360,11.524,8.014,1523455312304
15.377,11.484,8.018,1523455312242
15.397,11.437,8.019,1523455312198
15.329,11.644,7.962,1523455312453
15.335,11.602,7.982,1523455312392
15.345,11.564,7.999,1523455312342
15.297,11.803,7.904,1523455312642
15.292,11.757,7.904,1523455312625
15.324,11.728,7.902,1523455312542
15.324,11.688,7.933,1523455312492
15.323,11.967,7.926,1523455312792
15.315,11.912,7.917,1523455312742
15.306,11.860,7.906,1523455312735
15.329,12.112,7.941,1523455312942
15.332,12.057,7.941,1523455312904
15.331,12.019,7.933,1523455312842
15.322,12.164,7.934,1523455312992
15.270,12.314,7.949,1523455313171
15.284,12.265,7.934,1523455313092
15.295,12.221,7.933,1523455313051
15.257,12.351,7.949,1523455313192
15.239,12.390,7.954,1523455313242
15.196,12.426,7.961,1523455313308
15.167,12.472,7.961,1523455313342
15.139,12.509,7.960,1523455313392
15.108,12.547,7.953,1523455313457
15.086,12.575,7.943,1523455313492
15.063,12.603,7.928,1523455313563
15.045,12.628,7.918,1523455313592
15.029,12.653,7.917,1523455313642
15.013,12.687,7.920,1523455313715
14.998,12.728,7.923,1523455313741
14.988,12.774,7.927,1523455313841
14.978,12.824,7.937,1523455313841
14.970,12.867,7.942,1523455313891
14.923,12.934,7.934,1523455314041
14.930,12.915,7.952,1523455314034
14.962,12.904,7.942,1523455313941
14.913,12.958,7.915,1523455314091
14.896,12.984,7.896,1523455314177
14.882,13.012,7.869,1523455314191
14.868,13.038,7.837,1523455314241
14.852,13.045,7.817,1523455314293
14.832,13.077,7.801,1523455314341
14.800,13.114,7.793,1523455314391
14.766,13.147,7.789,1523455314457
14.728,13.173,7.787,1523455314491
14.694,13.175,7.757,1523455314557
14.664,13.186,7.745,1523455314591
14.646,13.193,7.725,1523455314641
14.648,13.211,7.696,1523455314717
14.625,13.220,7.661,1523455314741
14.605,13.229,7.626,1523455314791
14.616,13.230,7.615,1523455314841
14.595,13.248,7.606,1523455314891
14.568,13.275,7.606,1523455314941
14.542,13.310,7.606,1523455314991
14.522,13.348,7.606,1523455315059
14.504,13.381,7.603,1523455315091
14.489,13.410,7.590,1523455315149
14.476,13.433,7.569,1523455315191
14.458,13.460,7.538,1523455315249
14.435,13.483,7.504,1523455315291
14.402,13.510,7.466,1523455315341
14.369,13.532,7.437,1523455315391
14.286,13.526,7.451,1523455315442
14.239,13.545,7.438,1523455315491
14.201,13.547,7.431,1523455315566
14.169,13.555,7.425,1523455315591
14.143,13.562,7.409,1523455315641
14.116,13.585,7.380,1523455315703
14.082,13.595,7.349,1523455315741
14.051,13.608,7.317,1523455315791
14.049,13.621,7.270,1523455315842
14.020,13.642,7.250,1523455315891
13.990,13.682,7.268,1523455315965
13.953,13.722,7.268,1523455315991
13.915,13.765,7.277,1523455316041
13.887,13.812,7.282,1523455316103
13.850,13.852,7.288,1523455316141
13.814,13.885,7.288,1523455316191
13.768,13.921,7.286,1523455316246
13.724,13.951,7.283,1523455316291
13.674,13.984,7.284,1523455316379
13.623,14.015,7.289,1523455316391
13.581,14.037,7.296,1523455316441
13.528,14.060,7.304,1523455316511
13.475,14.077,7.314,1523455316541
13.419,14.090,7.320,1523455316591
13.358,14.099,7.319,1523455316661
13.308,14.107,7.317,1523455316691
13.256,14.115,7.306,1523455316741
13.185,14.091,7.312,1523455316828
13.153,14.097,7.301,1523455316841
13.125,14.105,7.299,1523455316891
13.087,14.120,7.299,1523455316975
13.049,14.137,7.299,1523455316991
13.012,14.157,7.303,1523455317041
12.981,14.183,7.301,1523455317091
12.958,14.201,7.294,1523455317141
12.940,14.215,7.282,1523455317191
12.962,14.219,7.247,1523455317248
12.944,14.233,7.223,1523455317291
12.925,14.242,7.189,1523455317374
12.901,14.257,7.159,1523455317391
12.881,14.269,7.124,1523455317441
12.860,14.280,7.094,1523455317510
12.835,14.290,7.080,1523455317541
12.798,14.301,7.071,1523455317591
12.781,14.304,7.073,1523455317651
12.747,14.306,7.069,1523455317691
12.720,14.304,7.060,1523455317741
12.694,14.300,7.041,1523455317815
12.675,14.296,7.013,1523455317841
12.656,14.293,6.982,1523455317926
12.634,14.289,6.946,1523455317941
12.611,14.287,6.906,1523455317991
12.588,14.286,6.873,1523455318043
12.555,14.288,6.861,1523455318091
12.509,14.297,6.861,1523455318141
12.425,14.280,6.883,1523455318235
12.372,14.295,6.886,1523455318241
12.333,14.306,6.884,1523455318322
12.295,14.317,6.869,1523455318341
12.269,14.321,6.850,1523455318391
12.239,14.323,6.822,1523455318441
12.209,14.328,6.792,1523455318501
12.178,14.327,6.761,1523455318541
12.137,14.324,6.734,1523455318591
12.112,14.314,6.711,1523455318654
12.054,14.303,6.701,1523455318691
11.999,14.289,6.681,1523455318763
11.960,14.277,6.676,1523455318791
11.929,14.267,6.662,1523455318841
11.928,14.289,6.634,1523455318917
11.908,14.283,6.606,1523455318941
11.921,14.268,6.586,1523455319035
11.897,14.263,6.548,1523455319041
11.870,14.258,6.509,1523455319091
11.753,14.271,6.482,1523455319241
11.801,14.260,6.482,1523455319191
11.840,14.257,6.483,1523455319176
11.705,14.286,6.485,1523455319312
11.587,14.325,6.462,1523455319450
11.619,14.315,6.480,1523455319391
11.656,14.302,6.485,1523455319341
11.503,14.327,6.372,1523455319591
11.533,14.329,6.405,1523455319541
11.563,14.329,6.437,1523455319491
11.367,14.277,6.331,1523455319771
11.414,14.291,6.335,1523455319691
11.453,14.302,6.351,1523455319642
11.323,14.259,6.324,1523455319791
11.207,14.201,6.299,1523455319941
11.240,14.219,6.315,1523455319909
11.273,14.232,6.321,1523455319841
11.180,14.156,6.188,1523455320091
11.206,14.167,6.218,1523455320041
11.229,14.178,6.246,1523455320039
11.051,14.162,6.051,1523455320303
11.071,14.127,6.069,1523455320241
11.110,14.132,6.091,1523455320191
11.135,14.137,6.125,1523455320174
10.947,14.168,6.043,1523455320441
10.981,14.163,6.053,1523455320440
11.002,14.166,6.050,1523455320341
10.864,14.179,5.976,1523455320590
10.893,14.176,6.004,1523455320561
10.921,14.172,6.029,1523455320491
10.826,14.182,5.941,1523455320640
10.694,14.171,5.857,1523455320790
10.743,14.180,5.868,1523455320740
10.785,14.182,5.902,1523455320710
10.546,14.122,5.841,1523455320940
10.589,14.138,5.844,1523455320890
10.634,14.154,5.847,1523455320861
10.482,14.074,5.855,1523455321027
10.379,14.075,5.785,1523455321180
10.416,14.052,5.816,1523455321090
10.448,14.061,5.839,1523455321040
10.284,14.076,5.690,1523455321297
10.316,14.069,5.718,1523455321240
10.349,14.071,5.754,1523455321190
10.248,14.080,5.679,1523455321340
10.200,14.088,5.676,1523455321390
10.161,14.094,5.667,1523455321445
10.112,14.104,5.664,1523455321490
10.099,14.128,5.689,1523455321562
10.064,14.134,5.674,1523455321590
10.024,14.137,5.655,1523455321640
9.988,14.148,5.626,1523455321710
9.955,14.145,5.598,1523455321740
9.907,14.138,5.566,1523455321790
9.879,14.104,5.527,1523455321846
9.835,14.088,5.522,1523455321890
9.785,14.067,5.522,1523455321940
9.726,14.043,5.529,1523455322023
9.665,14.018,5.543,1523455322040
9.601,13.993,5.552,1523455322123
9.538,13.970,5.552,1523455322140
9.478,13.949,5.546,1523455322190
9.417,13.927,5.533,1523455322245
9.365,13.909,5.533,1523455322290
9.315,13.892,5.536,1523455322340
9.231,13.831,5.569,1523455322433
9.181,13.819,5.582,1523455322440
9.116,13.811,5.598,1523455322490
9.036,13.861,5.610,1523455322567
8.974,13.857,5.614,1523455322590
8.914,13.853,5.614,1523455322640
8.859,13.852,5.611,1523455322706
8.804,13.842,5.609,1523455322740
8.758,13.826,5.597,1523455322829
8.704,13.812,5.592,1523455322840
8.649,13.796,5.591,1523455322890
8.637,13.807,5.631,1523455322973
8.586,13.786,5.636,1523455322990
8.540,13.762,5.639,1523455323040
8.504,13.732,5.640,1523455323116
8.475,13.705,5.642,1523455323140
8.458,13.701,5.651,1523455323232
8.440,13.676,5.650,1523455323240
8.416,13.643,5.646,1523455323290
8.397,13.615,5.638,1523455323376
8.374,13.582,5.623,1523455323390
8.355,13.553,5.604,1523455323440
8.338,13.530,5.601,1523455323504
8.320,13.504,5.601,1523455323540
8.297,13.476,5.606,1523455323590
8.261,13.440,5.616,1523455323654
8.222,13.403,5.628,1523455323690
8.182,13.365,5.633,1523455323740
8.123,13.292,5.659,1523455323817
8.093,13.263,5.659,1523455323840
8.071,13.236,5.655,1523455323931
8.050,13.209,5.640,1523455323940
8.030,13.182,5.634,1523455323990
8.005,13.147,5.634,1523455324040
7.995,13.070,5.646,1523455324112
7.968,13.028,5.651,1523455324140
7.979,12.962,5.621,1523455324236
7.966,12.919,5.624,1523455324240
7.965,12.887,5.627,1523455324290
8.009,12.888,5.665,1523455324383
8.009,12.860,5.664,1523455324390
8.009,12.828,5.653,1523455324440
8.003,12.831,5.620,1523455324502
8.002,12.801,5.593,1523455324540
7.999,12.776,5.562,1523455324590
8.013,12.807,5.541,1523455324642
8.006,12.780,5.504,1523455324690
7.995,12.754,5.462,1523455324740
7.971,12.749,5.452,1523455324804
7.945,12.717,5.452,1523455324840
7.919,12.686,5.453,1523455324940
7.899,12.664,5.453,1523455324940
7.881,12.644,5.453,1523455324990
7.873,12.635,5.449,1523455325049
7.862,12.619,5.433,1523455325090
7.851,12.598,5.409,1523455325140
7.817,12.542,5.409,1523455325224
7.807,12.505,5.376,1523455325240
7.801,12.472,5.343,1523455325338
7.801,12.438,5.302,1523455325340
7.806,12.408,5.278,1523455325390
7.817,12.372,5.266,1523455325440
7.849,12.323,5.274,1523455325498
7.858,12.301,5.274,1523455325540
7.867,12.277,5.273,1523455325590
7.896,12.235,5.250,1523455325645
7.905,12.210,5.240,1523455325690
7.934,12.193,5.237,1523455325772
7.938,12.167,5.214,1523455325790
7.941,12.139,5.184,1523455325840
7.935,12.135,5.130,1523455325909
7.931,12.099,5.092,1523455325940
7.929,12.084,5.071,1523455326032
7.916,12.040,5.068,1523455326040
7.901,11.994,5.068,1523455326090
7.883,11.941,5.071,1523455326140
7.862,11.914,5.079,1523455326209
7.849,11.874,5.079,1523455326240
7.845,11.847,5.076,1523455326290
7.844,11.816,5.062,1523455326349
7.844,11.789,5.043,1523455326390
7.846,11.757,5.016,1523455326448
7.849,11.728,4.987,1523455326490
7.855,11.697,4.954,1523455326540
7.838,11.644,4.948,1523455326631
7.845,11.609,4.921,1523455326640
7.854,11.565,4.912,1523455326725
7.863,11.523,4.906,1523455326740
7.891,11.492,4.906,1523455326790
7.914,11.465,4.905,1523455326840
7.929,11.446,4.904,1523455326905
7.946,11.423,4.893,1523455326940
7.981,11.391,4.859,1523455327033
7.994,11.375,4.840,1523455327040
8.009,11.358,4.814,1523455327090
8.028,11.346,4.798,1523455327181
8.031,11.321,4.764,1523455327190
8.034,11.297,4.725,1523455327240
8.036,11.271,4.695,1523455327295
8.029,11.166,4.716,1523455327442
8.032,11.180,4.697,1523455327389
8.036,11.225,4.695,1523455327340
8.013,11.078,4.716,1523455327636
8.017,11.101,4.721,1523455327539
8.023,11.132,4.721,1523455327489
8.009,11.045,4.702,1523455327639
8.009,10.991,4.653,1523455327739
8.008,11.017,4.681,1523455327734
8.031,10.866,4.520,1523455327939
8.023,10.904,4.547,1523455327889
8.018,10.932,4.587,1523455327856
8.012,10.961,4.622,1523455327789
8.060,10.747,4.515,1523455328133
8.040,10.775,4.518,1523455328039
8.016,10.807,4.534,1523455328018
8.079,10.719,4.511,1523455328139
8.125,10.653,4.470,1523455328289
8.111,10.673,4.491,1523455328261
8.092,10.700,4.506,1523455328189
8.168,10.563,4.351,1523455328444
8.145,10.605,4.406,1523455328389
8.141,10.632,4.440,1523455328339
8.185,10.431,4.303,1523455328639
8.194,10.468,4.304,1523455328591
8.176,10.497,4.292,1523455328539
8.173,10.532,4.311,1523455328489
8.149,10.354,4.292,1523455328789
8.158,10.376,4.291,1523455328739
8.170,10.404,4.291,1523455328703
8.131,10.327,4.292,1523455328939
8.135,10.347,4.296,1523455328889
8.144,10.373,4.301,1523455328852
8.120,10.302,4.276,1523455328999
8.123,10.222,4.210,1523455329142
8.119,10.250,4.236,1523455329089
8.119,10.281,4.260,1523455329039
8.145,10.120,4.151,1523455329289
8.135,10.159,4.158,1523455329242
8.126,10.196,4.176,1523455329189
8.155,10.081,4.150,1523455329339
8.172,10.020,4.156,1523455329439
8.163,10.048,4.150,1523455329394
8.181,9.999,4.158,1523455329519
8.187,9.982,4.158,1523455329539
8.192,9.961,4.150,1523455329589
8.197,9.942,4.134,1523455329672
8.203,9.920,4.112,1523455329689
8.209,9.892,4.087,1523455329739
8.214,9.863,4.054,1523455329789
8.225,9.820,4.008,1523455329853
8.221,9.789,3.976,1523455329889
8.224,9.761,3.971,1523455329979
8.209,9.732,3.968,1523455329989
8.195,9.703,3.966,1523455330039
8.182,9.689,3.946,1523455330111
8.170,9.666,3.939,1523455330139
8.164,9.653,3.928,1523455330189
8.163,9.663,3.923,1523455330241
8.160,9.641,3.901,1523455330289
8.157,9.611,3.878,1523455330339
8.156,9.575,3.849,1523455330425
8.154,9.533,3.814,1523455330439
8.152,9.491,3.779,1523455330526
8.149,9.439,3.758,1523455330539
8.183,9.409,3.748,1523455330589
8.210,9.384,3.742,1523455330650
8.227,9.367,3.742,1523455330689
8.242,9.353,3.742,1523455330739
8.252,9.343,3.742,1523455330807
8.266,9.328,3.738,1523455330839
8.284,9.308,3.734,1523455330927
8.302,9.288,3.726,1523455330939
8.326,9.261,3.712,1523455330989
8.347,9.238,3.694,1523455331079
8.344,9.202,3.674,1523455331089
8.342,9.165,3.648,1523455331139
8.340,9.132,3.621,1523455331189
8.355,9.085,3.591,1523455331242
8.348,9.044,3.590,1523455331289
8.361,9.006,3.599,1523455331389
8.353,8.957,3.605,1523455331389
8.346,8.914,3.612,1523455331439
8.342,8.880,3.603,1523455331499
8.341,8.854,3.599,1523455331539
8.343,8.828,3.585,1523455331589
8.346,8.815,3.565,1523455331652
8.351,8.780,3.539,1523455331689
8.358,8.728,3.506,1523455331739
8.364,8.686,3.471,1523455331792
8.373,8.627,3.447,1523455331839
8.381,8.572,3.438,1523455331934
8.413,8.534,3.431,1523455331939
8.438,8.503,3.431,1523455331989
8.462,8.474,3.431,1523455332039
8.479,8.452,3.431,1523455332089
8.499,8.428,3.425,1523455332186
8.515,8.409,3.409,1523455332189
8.519,8.382,3.384,1523455332239
8.522,8.359,3.353,1523455332289
8.526,8.334,3.315,1523455332339
8.529,8.310,3.274,1523455332389
8.528,8.288,3.242,1523455332464
8.522,8.255,3.234,1523455332489
8.514,8.225,3.234,1523455332539
8.500,8.195,3.234,1523455332589
8.502,8.165,3.232,1523455332652
8.491,8.148,3.232,1523455332689
8.486,8.134,3.230,1523455332778
8.474,8.116,3.221,1523455332789
8.463,8.097,3.207,1523455332839
8.449,8.075,3.154,1523455332909
8.441,8.054,3.126,1523455332939
8.435,8.030,3.092,1523455332989
8.434,8.011,3.054,1523455333063
8.434,7.993,3.012,1523455333089
8.439,7.963,2.989,1523455333139
8.453,7.929,2.978,1523455333194
8.466,7.898,2.977,1523455333239
8.476,7.872,2.977,1523455333334
8.486,7.847,2.983,1523455333339
8.496,7.824,2.982,1523455333389
8.505,7.800,2.977,1523455333439
8.514,7.777,2.964,1523455333489
8.519,7.759,2.949,1523455333539
8.524,7.737,2.922,1523455333634
8.527,7.714,2.895,1523455333639
8.529,7.683,2.863,1523455333689
8.526,7.651,2.830,1523455333747
8.519,7.614,2.813,1523455333789
8.503,7.576,2.813,1523455333871
8.479,7.538,2.816,1523455333889
8.457,7.504,2.820,1523455333939
8.437,7.473,2.827,1523455333989
8.406,7.454,2.836,1523455334040
8.395,7.427,2.835,1523455334089
8.396,7.404,2.829,1523455334188
8.393,7.371,2.813,1523455334189
8.393,7.339,2.790,1523455334238
8.396,7.301,2.764,1523455334334
8.405,7.256,2.730,1523455334338
8.427,7.183,2.667,1523455334452
8.413,7.223,2.695,1523455334388
8.441,7.140,2.653,1523455334488
8.454,7.099,2.637,1523455334538
8.482,7.051,2.635,1523455334600
8.501,7.023,2.633,1523455334638
8.516,7.001,2.630,1523455334721
8.536,6.971,2.622,1523455334738
8.550,6.951,2.608,1523455334788
8.554,6.918,2.589,1523455334852
8.557,6.888,2.567,1523455334888
8.561,6.853,2.539,1523455334981
8.566,6.816,2.507,1523455334988
8.565,6.778,2.475,1523455335038
8.554,6.734,2.460,1523455335130
8.537,6.683,2.460,1523455335138
8.518,6.626,2.462,1523455335188
8.497,6.566,2.472,1523455335279
8.480,6.515,2.485,1523455335288
8.471,6.466,2.496,1523455335338
8.471,6.418,2.497,1523455335388
8.514,6.349,2.478,1523455335452
8.500,6.155,2.480,1523455335599
8.519,6.239,2.477,1523455335538
8.517,6.293,2.477,1523455335488
8.503,6.100,2.489,1523455335638
8.531,5.933,2.505,1523455335788
8.519,5.982,2.499,1523455335738
8.508,6.040,2.493,1523455335723
8.519,5.816,2.501,1523455335984
8.556,5.839,2.510,1523455335888
8.544,5.882,2.509,1523455335864
8.542,5.693,2.445,1523455336127
8.539,5.732,2.472,1523455336038
8.531,5.774,2.489,1523455335988
8.535,5.581,2.333,1523455336240
8.540,5.614,2.375,1523455336188
8.543,5.654,2.413,1523455336138
8.524,5.538,2.310,1523455336288
8.471,5.346,2.323,1523455336438
8.490,5.414,2.312,1523455336388
8.510,5.486,2.310,1523455336338
8.453,5.122,2.340,1523455336666
8.450,5.174,2.346,1523455336588
8.448,5.229,2.346,1523455336538
8.453,5.281,2.336,1523455336538
8.467,4.918,2.330,1523455336788
8.461,4.993,2.328,1523455336738
8.457,5.058,2.328,1523455336688
8.488,4.795,2.362,1523455336988
8.445,4.818,2.349,1523455336888
8.438,4.868,2.345,1523455336861
8.498,4.753,2.370,1523455336988
8.535,4.590,2.368,1523455337138
8.522,4.651,2.374,1523455337094
8.509,4.705,2.374,1523455337038
8.562,4.425,2.351,1523455337288
8.555,4.480,2.351,1523455337254
8.544,4.529,2.359,1523455337188
8.567,4.367,2.354,1523455337338
8.522,4.223,2.369,1523455337531
8.529,4.274,2.361,1523455337438
8.531,4.324,2.357,1523455337389
8.489,4.072,2.371,1523455337647
8.500,4.124,2.373,1523455337588
8.512,4.175,2.373,1523455337538
8.476,4.013,2.367,1523455337688
8.465,3.951,2.361,1523455337738
8.458,3.885,2.351,1523455337796
8.456,3.819,2.348,1523455337838
8.455,3.756,2.348,1523455337925
8.453,3.700,2.350,1523455337938
8.452,3.649,2.355,1523455337988
8.450,3.595,2.358,1523455338074
8.448,3.542,2.362,1523455338088
8.446,3.485,2.365,1523455338138
8.443,3.423,2.365,1523455338188
8.465,3.345,2.350,1523455338252
8.461,3.276,2.343,1523455338288
8.457,3.212,2.332,1523455338338
8.390,3.119,2.324,1523455338400
8.383,3.067,2.324,1523455338480
8.371,3.015,2.331,1523455338488
8.360,2.978,2.335,1523455338538
8.343,2.945,2.344,1523455338588
8.331,2.935,2.349,1523455338666
8.304,2.903,2.355,1523455338688
8.277,2.872,2.354,1523455338738
8.243,2.834,2.353,1523455338816
8.207,2.791,2.350,1523455338838
8.172,2.749,2.341,1523455338915
8.147,2.709,2.330,1523455338938
8.124,2.673,2.330,1523455338988
8.103,2.638,2.330,1523455339038
8.078,2.597,2.337,1523455339088
8.047,2.553,2.342,1523455339183
8.007,2.504,2.353,1523455339188
7.966,2.456,2.359,1523455339238
7.921,2.409,2.364,1523455339332
7.878,2.365,2.365,1523455339338
7.833,2.320,2.363,1523455339388
7.789,2.275,2.351,1523455339461
7.749,2.239,2.347,1523455339488
7.713,2.210,2.347,1523455339538
7.670,2.179,2.355,1523455339588
7.616,2.162,2.352,1523455339660
7.571,2.141,2.355,1523455339688
7.521,2.126,2.359,1523455339759
7.480,2.116,2.364,1523455339788
7.431,2.104,2.366,1523455339838
7.387,2.093,2.366,1523455339888
7.334,2.080,2.358,1523455339938
7.287,2.064,2.352,1523455339988
7.229,2.107,2.240,1523455340077
7.181,2.088,2.230,1523455340088
7.013,2.106,2.191,1523455340185
6.970,2.089,2.191,1523455340188
6.917,2.070,2.191,1523455340238
6.872,2.053,2.194,1523455340317
6.818,2.032,2.200,1523455340338
6.775,2.016,2.208,1523455340388
6.724,1.997,2.211,1523455340441
6.683,1.981,2.211,1523455340488
6.640,1.965,2.208,1523455340538
6.604,1.953,2.199,1523455340591
6.570,1.944,2.185,1523455340638
6.542,1.939,2.178,1523455340688
6.508,1.933,2.178,1523455340738
6.467,1.928,2.186,1523455340788
6.420,1.924,2.189,1523455340869
6.376,1.925,2.190,1523455340888
6.334,1.929,2.191,1523455340938
6.309,1.931,2.192,1523455340988
6.142,2.040,2.126,1523455341068
6.117,2.043,2.127,1523455341087
6.083,2.046,2.128,1523455341137
6.029,2.079,2.104,1523455341200
5.984,2.078,2.104,1523455341237
5.942,2.073,2.103,1523455341299
5.904,2.067,2.101,1523455341337
5.870,2.059,2.100,1523455341387
5.819,2.068,2.091,1523455341464
5.779,2.056,2.090,1523455341487
5.738,2.039,2.090,1523455341537
5.567,2.061,2.087,1523455341596
5.529,2.038,2.090,1523455341637
5.494,2.013,2.095,1523455341702
5.460,1.989,2.098,1523455341737
5.426,1.966,2.103,1523455341787
5.397,1.946,2.110,1523455341837
5.370,1.930,2.110,1523455341887
5.346,1.916,2.110,1523455341937
5.324,1.904,2.108,1523455341999
5.305,1.894,2.099,1523455342037
5.290,1.885,2.097,1523455342087
5.279,1.879,2.094,1523455342137
5.268,1.873,2.093,1523455342187
5.258,1.867,2.093,1523455342279
5.241,1.857,2.093,1523455342287
5.228,1.848,2.092,1523455342337
5.215,1.841,2.090,1523455342423
5.208,1.837,2.086,1523455342437
5.198,1.831,2.084,1523455342487
5.193,1.828,2.077,1523455342537
5.227,1.852,2.077,1523455342609
5.224,1.850,2.073,1523455342637
5.221,1.847,2.072,1523455342687
5.217,1.845,2.070,1523455342746
5.212,1.841,2.068,1523455342787
5.209,1.862,2.067,1523455342873
5.204,1.858,2.066,1523455342887
5.171,1.868,2.064,1523455342983
5.169,1.867,2.064,1523455342987
5.168,1.866,2.063,1523455343037
5.167,1.865,2.063,1523455343109
5.164,1.862,2.059,1523455343137
5.163,1.861,2.059,1523455343187
5.159,1.857,2.059,1523455343237
5.158,1.856,2.059,1523455343287
5.157,1.855,2.062,1523455343337
5.154,1.853,2.062,1523455343388
5.150,1.849,2.063,1523455343437
5.148,1.847,2.063,1523455343487
5.143,1.843,2.063,1523455343537
5.142,1.842,2.063,1523455343587
5.141,1.841,2.063,1523455343666
5.140,1.840,2.063,1523455343815
5.141,1.840,2.063,1523455343737
5.141,1.841,2.063,1523455343687
5.136,1.837,2.065,1523455343947
5.138,1.838,2.064,1523455343887
5.139,1.839,2.064,1523455343837
5.134,1.835,2.066,1523455343987
5.127,1.830,2.069,1523455344149
5.129,1.831,2.069,1523455344087
5.131,1.833,2.068,1523455344037
5.139,1.866,2.069,1523455344287
5.141,1.867,2.067,1523455344281
5.125,1.828,2.070,1523455344187
5.106,1.856,2.075,1523455344437
5.115,1.862,2.071,1523455344391
5.134,1.863,2.072,1523455344337
5.098,1.851,2.075,1523455344519
5.092,1.848,2.073,1523455344637
5.093,1.849,2.074,1523455344587
5.094,1.849,2.075,1523455344537
5.084,1.845,2.073,1523455344794
5.085,1.845,2.072,1523455344737
5.087,1.846,2.072,1523455344687
5.084,1.845,2.075,1523455344837
5.076,1.841,2.077,1523455344987
5.078,1.842,2.076,1523455344937
5.082,1.844,2.075,1523455344887
5.061,1.834,2.073,1523455345137
5.066,1.836,2.075,1523455345087
5.072,1.839,2.076,1523455345080
5.056,1.832,2.071,1523455345199
5.053,1.830,2.071,1523455345237
5.049,1.828,2.070,1523455345350
5.042,1.824,2.070,1523455345487
5.043,1.825,2.070,1523455345437
5.046,1.826,2.070,1523455345387
5.045,1.855,2.068,1523455345687
5.053,1.859,2.068,1523455345668
5.035,1.819,2.070,1523455345587
5.039,1.822,2.070,1523455345557
5.029,1.845,2.068,1523455345837
5.033,1.847,2.068,1523455345820
5.039,1.851,2.068,1523455345737
5.024,1.843,2.067,1523455345903
5.020,1.840,2.065,1523455345937
5.014,1.838,2.064,1523455345987
5.009,1.835,2.063,1523455346037
5.005,1.833,2.062,1523455346087
5.001,1.831,2.060,1523455346180
4.996,1.828,2.059,1523455346187
4.989,1.824,2.058,1523455346237
4.986,1.822,2.058,1523455346287
4.985,1.822,2.059,1523455346387
4.981,1.819,2.060,1523455346437
4.977,1.817,2.060,1523455346487
4.972,1.813,2.060,1523455346559
4.968,1.811,2.061,1523455346608
4.965,1.809,2.061,1523455346637
4.962,1.807,2.062,1523455346687
4.961,1.806,2.062,1523455346737
5.011,1.852,2.066,1523455346811
5.010,1.852,2.067,1523455346837
5.010,1.852,2.067,1523455346887
5.009,1.851,2.067,1523455346944
5.008,1.850,2.066,1523455346987
5.027,1.883,2.065,1523455347076
5.026,1.883,2.065,1523455347087
5.037,1.884,2.062,1523455347186
5.036,1.883,2.062,1523455347187
5.035,1.883,2.062,1523455347237
5.033,1.882,2.062,1523455347313
5.031,1.881,2.063,1523455347337
5.031,1.880,2.063,1523455347387
5.030,1.880,2.063,1523455347437
5.028,1.879,2.063,1523455347487
5.023,1.876,2.060,1523455347537
5.017,1.872,2.059,1523455347588
5.014,1.870,2.058,1523455347637
5.010,1.868,2.058,1523455347687
5.007,1.866,2.059,1523455347737
5.002,1.863,2.060,1523455347787
4.996,1.858,2.061,1523455347870
4.992,1.855,2.061,1523455347887
4.989,1.853,2.062,1523455347936
4.983,1.849,2.064,1523455348036
4.980,1.848,2.065,1523455348086
4.975,1.844,2.066,1523455348136
5.000,1.869,2.066,1523455348198
4.996,1.866,2.067,1523455348236
4.994,1.865,2.067,1523455348286
4.992,1.864,2.068,1523455348343
4.991,1.863,2.069,1523455348386
5.003,1.886,2.068,1523455348462
5.002,1.885,2.069,1523455348486
4.998,1.883,2.069,1523455348536
4.995,1.882,2.070,1523455348614
4.992,1.880,2.071,1523455348636
4.991,1.880,2.071,1523455348720
4.991,1.880,2.071,1523455348736
4.990,1.880,2.072,1523455348786
4.990,1.880,2.072,1523455348836
4.989,1.879,2.072,1523455348886
4.987,1.878,2.072,1523455348936
4.985,1.878,2.072,1523455349035
4.983,1.877,2.071,1523455349086
4.983,1.877,2.070,1523455349136
4.982,1.877,2.070,1523455349186
4.982,1.876,2.070,1523455349236
4.981,1.876,2.070,1523455349313
4.980,1.876,2.071,1523455349336
4.976,1.874,2.073,1523455349401
4.969,1.871,2.075,1523455349436
4.960,1.868,2.076,1523455349486
4.952,1.866,2.077,1523455349554
4.945,1.864,2.079,1523455349586
4.939,1.862,2.079,1523455349636
4.933,1.860,2.080,1523455349686
4.928,1.859,2.080,1523455349738
4.924,1.859,2.080,1523455349786
4.952,1.897,2.074,1523455349870
4.949,1.897,2.074,1523455349886
4.947,1.897,2.074,1523455349936
4.972,1.900,2.070,1523455350002
4.971,1.900,2.068,1523455350036
4.968,1.900,2.068,1523455350110
4.967,1.900,2.068,1523455350136
4.964,1.900,2.067,1523455350186
4.962,1.899,2.067,1523455350236
4.960,1.899,2.066,1523455350286
4.959,1.899,2.066,1523455350382
4.958,1.899,2.066,1523455350386
4.955,1.899,2.065,1523455350436
4.955,1.899,2.065,1523455350532
4.954,1.899,2.064,1523455350536
4.952,1.899,2.064,1523455350586
4.951,1.899,2.065,1523455350675
4.951,1.899,2.065,1523455350686
4.951,1.899,2.065,1523455350736
4.951,1.899,2.064,1523455350809
4.949,1.899,2.064,1523455350836
4.947,1.899,2.064,1523455350886
4.946,1.899,2.063,1523455350936
4.961,1.909,2.064,1523455351014
4.960,1.909,2.062,1523455351036
4.957,1.909,2.061,1523455351113
4.956,1.909,2.060,1523455351136
4.954,1.909,2.060,1523455351186
4.954,1.915,2.059,1523455351278
4.952,1.914,2.059,1523455351286
4.950,1.914,2.059,1523455351336
4.928,1.917,2.059,1523455351389
4.927,1.917,2.058,1523455351436
4.926,1.916,2.058,1523455351516
4.926,1.916,2.058,1523455351536
4.926,1.916,2.058,1523455351586
4.925,1.916,2.058,1523455351641
4.925,1.916,2.058,1523455351686
4.925,1.916,2.058,1523455351736
4.924,1.916,2.058,1523455351791
4.923,1.916,2.059,1523455351836
4.913,1.915,2.059,1523455351986
4.917,1.916,2.059,1523455351936
4.921,1.916,2.059,1523455351918
4.901,1.914,2.057,1523455352136
4.905,1.915,2.058,1523455352086
4.909,1.915,2.058,1523455352068
4.898,1.914,2.058,1523455352218
4.893,1.913,2.058,1523455352336
4.895,1.914,2.058,1523455352286
4.897,1.914,2.058,1523455352236
4.915,1.930,2.062,1523455352436
4.922,1.931,2.062,1523455352400
4.913,1.929,2.063,1523455352486
4.912,1.936,2.064,1523455352665
4.907,1.928,2.066,1523455352586
4.907,1.928,2.064,1523455352555
4.906,1.935,2.065,1523455352836
4.908,1.936,2.065,1523455352817
4.910,1.936,2.065,1523455352736
4.911,1.936,2.065,1523455352686
4.900,1.934,2.064,1523455352986
4.902,1.935,2.064,1523455352936
4.904,1.935,2.065,1523455352901
4.886,1.932,2.061,1523455353136
4.890,1.933,2.061,1523455353086
4.896,1.934,2.062,1523455353036
4.886,1.932,2.061,1523455353200
4.878,1.931,2.063,1523455353336
4.882,1.932,2.063,1523455353286
4.885,1.932,2.063,1523455353236
4.874,1.930,2.060,1523455353495
4.874,1.930,2.060,1523455353436
4.876,1.931,2.062,1523455353386
4.873,1.930,2.061,1523455353536
4.861,1.928,2.064,1523455353686
4.868,1.930,2.062,1523455353636
4.873,1.930,2.062,1523455353607
4.892,1.948,2.068,1523455353836
4.899,1.949,2.069,1523455353808
4.855,1.927,2.064,1523455353736
4.886,1.947,2.068,1523455353886
4.890,1.961,2.067,1523455354073
4.877,1.946,2.068,1523455353986
4.881,1.946,2.068,1523455353941
4.886,1.961,2.066,1523455354086
4.912,1.961,2.065,1523455354184
4.908,1.961,2.064,1523455354186
4.904,1.960,2.064,1523455354236
4.902,1.960,2.064,1523455354312
4.899,1.959,2.065,1523455354336
4.896,1.959,2.065,1523455354386
4.893,1.958,2.064,1523455354436
4.890,1.958,2.064,1523455354486
4.888,1.958,2.062,1523455354536
4.884,1.957,2.062,1523455354587
4.883,1.957,2.062,1523455354636
4.881,1.956,2.062,1523455354686
4.877,1.956,2.062,1523455354736
4.875,1.956,2.062,1523455354785
4.873,1.955,2.061,1523455354866
4.872,1.955,2.061,1523455354885
4.870,1.955,2.060,1523455354935
4.868,1.955,2.059,1523455355014
4.867,1.954,2.058,1523455355035
4.865,1.954,2.058,1523455355085
4.864,1.954,2.057,1523455355135
4.873,1.959,2.058,1523455355198
4.871,1.958,2.059,1523455355235
4.869,1.958,2.059,1523455355285
4.865,1.958,2.059,1523455355351
4.862,1.957,2.059,1523455355385
4.855,1.955,2.057,1523455355485
4.852,1.954,2.057,1523455355485
4.849,1.954,2.055,1523455355535
4.849,1.954,2.055,1523455355595
4.847,1.954,2.055,1523455355635
4.843,1.953,2.054,1523455355721
4.838,1.953,2.053,1523455355735
4.832,1.952,2.051,1523455355785
4.826,1.951,2.051,1523455355835
4.819,1.950,2.050,1523455355885
4.812,1.949,2.049,1523455355935
4.806,1.948,2.049,1523455356006
4.798,1.947,2.049,1523455356035
4.792,1.946,2.050,1523455356085
4.784,1.945,2.050,1523455356135
4.777,1.943,2.052,1523455356185
4.771,1.943,2.053,1523455356285
4.764,1.942,2.055,1523455356285
4.758,1.941,2.056,1523455356335
4.751,1.940,2.058,1523455356409
4.744,1.938,2.059,1523455356435
4.738,1.938,2.061,1523455356485
4.731,1.937,2.061,1523455356535
4.776,1.958,2.068,1523455356608
4.771,1.957,2.070,1523455356635
4.766,1.957,2.071,1523455356685
4.762,1.956,2.072,1523455356753
4.758,1.956,2.073,1523455356785
4.826,1.968,2.069,1523455357005
4.818,1.967,2.068,1523455357135
4.813,1.966,2.070,1523455357235
