# reference acquisiton gt
# x(m), y(m), z(m),  timestamp (ms GMT )
103390923359.143967
6.445706, 2.157335, 2.050238, 103390923359.183960
6.446856, 2.151859, 2.050894, 103390923442.400787
6.447038, 2.151833, 2.055777, 103390923525.663361
6.448095, 2.147454, 2.047327, 103390923608.879898
6.444750, 2.150074, 2.049903, 103390923692.096802
6.441817, 2.145380, 2.048334, 103390923775.359467
6.445451, 2.143994, 2.051411, 103390923858.575836
6.441216, 2.142617, 2.052761, 103390923941.930847
6.445090, 2.144700, 2.048498, 103390924025.239792
6.447337, 2.144738, 2.047408, 103390924108.548447
6.445816, 2.145867, 2.050677, 103390924191.857346
6.448784, 2.148397, 2.045200, 103390924275.074203
6.446972, 2.144950, 2.051354, 103390924358.290527
6.453530, 2.151672, 2.049350, 103390924441.507050
6.448509, 2.159539, 2.052879, 103390924524.723557
6.447969, 2.155332, 2.047980, 103390924607.893890
6.451726, 2.167290, 2.058292, 103390924691.064148
6.461749, 2.167629, 2.050242, 103390924774.188507
6.462821, 2.170710, 2.050397, 103390924857.405029
6.469322, 2.167055, 2.052997, 103390924940.713455
6.473997, 2.169124, 2.029660, 103390925024.160568
6.470224, 2.171778, 2.039400, 103390925107.607452
6.477374, 2.174042, 2.047678, 103390925191.054214
6.485146, 2.168893, 2.040164, 103390925274.408676
6.480857, 2.169547, 2.036422, 103390925357.855957
6.485445, 2.166988, 2.044965, 103390925441.256653
6.492219, 2.176725, 2.040945, 103390925524.703232
6.492741, 2.181416, 2.052856, 103390925608.104309
6.488646, 2.184153, 2.050071, 103390925691.504654
6.491540, 2.184710, 2.059033, 103390925774.813126
6.492854, 2.182311, 2.050430, 103390925858.075439
6.486606, 2.182266, 2.056003, 103390925941.291916
6.489569, 2.182316, 2.049009, 103390926024.554642
6.487318, 2.183590, 2.054554, 103390926107.771011
6.480641, 2.175641, 2.047330, 103390926190.941116
6.481948, 2.176736, 2.043970, 103390926274.111328
6.477278, 2.177724, 2.046984, 103390926357.281387
6.476521, 2.181624, 2.039896, 103390926440.451660
6.479671, 2.179838, 2.040146, 103390926523.622162
6.475462, 2.170791, 2.044323, 103390926606.792587
6.472140, 2.172680, 2.042087, 103390926689.916687
6.465188, 2.172232, 2.040697, 103390926773.040817
6.463743, 2.173610, 2.035987, 103390926856.164780
6.464105, 2.174564, 2.045456, 103390926939.381149
6.463446, 2.171915, 2.046582, 103390927022.643524
6.467539, 2.167004, 2.044241, 103390927105.951920
6.466293, 2.164911, 2.050383, 103390927189.214203
6.470376, 2.161406, 2.038806, 103390927272.476334
6.467179, 2.154602, 2.037358, 103390927355.738647
6.466455, 2.146079, 2.031216, 103390927438.908768
6.464638, 2.138523, 2.027338, 103390927522.032913
6.446385, 2.143234, 2.028255, 103390927605.202850
6.433967, 2.146936, 2.027033, 103390927688.280914
6.421780, 2.142550, 2.030963, 103390927771.220718
6.392806, 2.151958, 2.043889, 103390927854.114395
6.361890, 2.157774, 2.045682, 103390927937.100266
6.320528, 2.152202, 2.052105, 103390928020.132126
6.280748, 2.146433, 2.054263, 103390928103.302795
6.230435, 2.134002, 2.051322, 103390928186.703354
6.185426, 2.124326, 2.043125, 103390928270.149994
6.142925, 2.105170, 2.049969, 103390928353.642654
6.105098, 2.091192, 2.060932, 103390928437.043335
6.071285, 2.075769, 2.042356, 103390928520.306061
6.042142, 2.056630, 2.040722, 103390928603.476395
6.022175, 2.030778, 2.038618, 103390928686.692505
5.991220, 2.008324, 2.023845, 103390928770.231262
5.957532, 1.982945, 2.005331, 103390928853.770065
5.935400, 1.969835, 2.011722, 103390928937.216675
5.917355, 1.953171, 2.000968, 103390929020.801468
5.902229, 1.937105, 1.992624, 103390929104.248398
5.895142, 1.919142, 1.984170, 103390929187.694885
5.888563, 1.909598, 1.981897, 103390929271.095367
5.883678, 1.897424, 1.971556, 103390929354.496078
5.888353, 1.899346, 1.976959, 103390929437.850540
5.898149, 1.901078, 1.983713, 103390929521.296982
5.904958, 1.905228, 1.987925, 103390929604.789948
5.914629, 1.915782, 1.993165, 103390929688.236481
5.933019, 1.925337, 2.000685, 103390929771.683182
5.950254, 1.946667, 2.008251, 103390929855.175735
5.974719, 1.962856, 2.021026, 103390929938.576538
5.995834, 1.982935, 2.035355, 103390930021.930984
6.015461, 2.009976, 2.042651, 103390930105.378082
6.038782, 2.029381, 2.052746, 103390930188.824661
6.062171, 2.046135, 2.061211, 103390930272.317047
6.080866, 2.056065, 2.063772, 103390930355.717743
6.101269, 2.066461, 2.064465, 103390930438.979950
6.116730, 2.075407, 2.068211, 103390930522.057800
6.132905, 2.087307, 2.069243, 103390930604.997696
6.139781, 2.098421, 2.077390, 103390930687.983398
6.144920, 2.103787, 2.082458, 103390930770.877228
6.155140, 2.108558, 2.077944, 103390930853.678452
6.159256, 2.123260, 2.081211, 103390930936.526245
6.158636, 2.129088, 2.088377, 103390931019.511871
6.161736, 2.128871, 2.082432, 103390931102.590149
6.166588, 2.138589, 2.082289, 103390931185.760178
6.167779, 2.146489, 2.087238, 103390931268.976517
6.173017, 2.154454, 2.080111, 103390931352.192810
6.181142, 2.157519, 2.075328, 103390931435.454971
6.184799, 2.154723, 2.076460, 103390931518.763306
6.181509, 2.153279, 2.073366, 103390931602.071945
6.182608, 2.145555, 2.077701, 103390931685.334045
6.188344, 2.138747, 2.071113, 103390931768.550308
6.184238, 2.130505, 2.080702, 103390931851.720322
6.185042, 2.121959, 2.083082, 103390931934.982681
6.183889, 2.113169, 2.079880, 103390932018.291336
6.190140, 2.106843, 2.077913, 103390932101.461151
6.194076, 2.099703, 2.074538, 103390932184.677658
6.195425, 2.094192, 2.081325, 103390932267.939880
6.189240, 2.092635, 2.080502, 103390932351.340500
6.188788, 2.092792, 2.072817, 103390932434.740952
6.183360, 2.088977, 2.071134, 103390932518.095444
6.184802, 2.074631, 2.065327, 103390932601.404114
6.187877, 2.080080, 2.074959, 103390932684.619980
6.185212, 2.091838, 2.084182, 103390932767.836563
6.188800, 2.100049, 2.082402, 103390932851.006500
6.191070, 2.107267, 2.083485, 103390932934.084396
6.198166, 2.114501, 2.084762, 103390933017.116302
6.205109, 2.120440, 2.089364, 103390933100.147705
6.208554, 2.120589, 2.092388, 103390933183.271713
6.206324, 2.131328, 2.094227, 103390933266.395889
6.207932, 2.140166, 2.089807, 103390933349.565598
6.209043, 2.152579, 2.095659, 103390933432.781540
6.209141, 2.167800, 2.099572, 103390933516.090195
6.207043, 2.178910, 2.105647, 103390933599.352600
6.211777, 2.183987, 2.098655, 103390933682.476410
6.211992, 2.185315, 2.096962, 103390933765.600830
6.209072, 2.183365, 2.089924, 103390933848.770767
6.207922, 2.183619, 2.097063, 103390933931.940994
6.209041, 2.183697, 2.090461, 103390934015.157028
6.213614, 2.186646, 2.090315, 103390934098.373383
6.210989, 2.190274, 2.097053, 103390934181.635620
6.210115, 2.191827, 2.095135, 103390934264.851929
6.210783, 2.195108, 2.096011, 103390934348.068222
6.210531, 2.199102, 2.096886, 103390934431.330154
6.211349, 2.205057, 2.099668, 103390934514.638702
6.212264, 2.205891, 2.093252, 103390934597.992798
6.213554, 2.212035, 2.095221, 103390934681.347198
6.214125, 2.214459, 2.098428, 103390934764.655746
6.213357, 2.213734, 2.094452, 103390934847.963669
6.215868, 2.215351, 2.093029, 103390934931.271973
6.219818, 2.215039, 2.094854, 103390935014.534164
6.219962, 2.209852, 2.098543, 103390935097.796631
6.222811, 2.208055, 2.090333, 103390935181.013123
6.223749, 2.208044, 2.088369, 103390935264.228897
6.224206, 2.206898, 2.092983, 103390935347.445099
6.222246, 2.211053, 2.092048, 103390935430.661194
6.223000, 2.213456, 2.096683, 103390935513.923325
6.226653, 2.217128, 2.087796, 103390935597.185379
6.223986, 2.218948, 2.084913, 103390935680.447632
6.226343, 2.219843, 2.082485, 103390935763.710052
6.237369, 2.223334, 2.082700, 103390935846.925858
6.233809, 2.223168, 2.091900, 103390935930.049484
6.235650, 2.222969, 2.093909, 103390936013.081543
6.242350, 2.226518, 2.092241, 103390936096.067368
6.251962, 2.229251, 2.085423, 103390936179.052765
6.263746, 2.228986, 2.089567, 103390936262.130646
6.264441, 2.221577, 2.087905, 103390936345.254623
6.269790, 2.218136, 2.083237, 103390936428.516556
6.274488, 2.218628, 2.082099, 103390936511.962891
6.278768, 2.219107, 2.083286, 103390936595.501495
6.285465, 2.222359, 2.081513, 103390936679.039886
6.292828, 2.223669, 2.082240, 103390936762.578400
6.296658, 2.222319, 2.081841, 103390936846.162994
6.300295, 2.221689, 2.086028, 103390936929.793686
6.305652, 2.212428, 2.081589, 103390937013.424698
6.315649, 2.202503, 2.070171, 103390937096.962997
6.320779, 2.198209, 2.069820, 103390937180.409485
6.335617, 2.193556, 2.084206, 103390937263.671585
6.344251, 2.205733, 2.077471, 103390937346.841385
6.364965, 2.204937, 2.070891, 103390937429.873184
6.371487, 2.213393, 2.072991, 103390937512.859024
6.380460, 2.219306, 2.069227, 103390937595.982559
6.383416, 2.208096, 2.066982, 103390937679.290924
6.391969, 2.205769, 2.060319, 103390937762.506790
6.406729, 2.206920, 2.066122, 103390937845.446503
6.418420, 2.216166, 2.076435, 103390937928.385956
6.416510, 2.230304, 2.072034, 103390938011.371307
6.415806, 2.243644, 2.069392, 103390938094.495163
6.406711, 2.259759, 2.074200, 103390938177.941788
6.396039, 2.268683, 2.079730, 103390938261.526291
6.385039, 2.277575, 2.071989, 103390938345.203201
6.384806, 2.290556, 2.076146, 103390938428.787491
6.381430, 2.302972, 2.075473, 103390938512.141617
6.385854, 2.313553, 2.071970, 103390938595.403732
6.382746, 2.322068, 2.072037, 103390938678.527512
6.388402, 2.332994, 2.078422, 103390938761.651566
6.398052, 2.345692, 2.080751, 103390938844.683273
6.402585, 2.355273, 2.081825, 103390938927.622513
6.408305, 2.365992, 2.088072, 103390939010.654251
6.411542, 2.371626, 2.087605, 103390939093.732040
6.424287, 2.375876, 2.088901, 103390939176.947739
6.440070, 2.380824, 2.084967, 103390939260.302139
6.466465, 2.374551, 2.087439, 103390939343.702560
6.477625, 2.365865, 2.098824, 103390939427.194565
6.500775, 2.360952, 2.083459, 103390939510.456680
6.507923, 2.345807, 2.082470, 103390939593.626831
6.515070, 2.337949, 2.083730, 103390939676.842651
6.528043, 2.330385, 2.080545, 103390939760.104736
6.538159, 2.311707, 2.074551, 103390939843.320526
6.547811, 2.301892, 2.075669, 103390939926.398605
6.560620, 2.297198, 2.089297, 103390940009.291702
6.561534, 2.301181, 2.081810, 103390940092.000946
6.560845, 2.318062, 2.092458, 103390940174.663971
6.551622, 2.329330, 2.086121, 103390940257.511353
6.543429, 2.344429, 2.089969, 103390940340.404892
6.548998, 2.356860, 2.079493, 103390940423.482819
6.537867, 2.363850, 2.086818, 103390940506.790817
6.520209, 2.362740, 2.090975, 103390940590.283249
6.513160, 2.358076, 2.083392, 103390940673.914047
6.507791, 2.365550, 2.091441, 103390940757.728775
6.499753, 2.367125, 2.094463, 103390940841.636093
6.494254, 2.373085, 2.083247, 103390940925.542755
6.493269, 2.371258, 2.083456, 103390941009.357758
6.492002, 2.375412, 2.085207, 103390941093.034668
6.493656, 2.372834, 2.086515, 103390941176.572800
6.492408, 2.369728, 2.082049, 103390941260.111389
6.496892, 2.367308, 2.078264, 103390941343.557831
6.494198, 2.372565, 2.084021, 103390941427.003616
6.497341, 2.372839, 2.090620, 103390941510.449860
6.482754, 2.365464, 2.090297, 103390941594.034058
6.480119, 2.367669, 2.090276, 103390941677.710892
6.479671, 2.359548, 2.079464, 103390941761.387802
6.485682, 2.355071, 2.073176, 103390941845.064285
6.488810, 2.354324, 2.084869, 103390941928.971390
6.503096, 2.346570, 2.090294, 103390942013.062607
6.519339, 2.343480, 2.093819, 103390942097.200165
6.538774, 2.325560, 2.094017, 103390942181.153336
6.543441, 2.313325, 2.087835, 103390942264.829865
6.551500, 2.305842, 2.090377, 103390942348.322372
6.562519, 2.299628, 2.089253, 103390942431.768478
6.568766, 2.294163, 2.080316, 103390942515.030136
6.568106, 2.298735, 2.079544, 103390942597.969788
6.588831, 2.307952, 2.091416, 103390942680.817184
6.606377, 2.326967, 2.093539, 103390942763.526321
6.628155, 2.340928, 2.091067, 103390942846.235428
6.648825, 2.360150, 2.085683, 103390942928.898636
6.674076, 2.378997, 2.092083, 103390943011.561340
6.691797, 2.392428, 2.089533, 103390943094.132065
6.713251, 2.405238, 2.091965, 103390943176.656906
6.737037, 2.415997, 2.089007, 103390943259.227554
6.753555, 2.430146, 2.093140, 103390943341.844025
6.771531, 2.445152, 2.087292, 103390943424.645157
6.794554, 2.460594, 2.088057, 103390943507.722946
6.818548, 2.481287, 2.089359, 103390943591.030594
6.831692, 2.496903, 2.091270, 103390943674.246414
6.842881, 2.509815, 2.096756, 103390943757.508301
6.839770, 2.513128, 2.096594, 103390943840.723999
6.833395, 2.521818, 2.092214, 103390943923.939789
6.819787, 2.537890, 2.098219, 103390944006.971344
6.807243, 2.547202, 2.102405, 103390944089.864456
6.806364, 2.558033, 2.097392, 103390944172.803635
6.798016, 2.571383, 2.097649, 103390944255.789032
6.787395, 2.596769, 2.085358, 103390944338.636398
6.788106, 2.614205, 2.087286, 103390944421.437317
6.799782, 2.625165, 2.087672, 103390944504.238449
6.818030, 2.632468, 2.085222, 103390944586.947525
6.847974, 2.643242, 2.086375, 103390944669.702484
6.871106, 2.646844, 2.084838, 103390944752.319122
6.898586, 2.656128, 2.082193, 103390944834.936142
6.920689, 2.660933, 2.086053, 103390944917.553009
6.942417, 2.664894, 2.091099, 103390945000.308151
6.966298, 2.670206, 2.089279, 103390945083.154922
6.986117, 2.672310, 2.090033, 103390945166.324692
7.009857, 2.669432, 2.091926, 103390945249.724762
7.023779, 2.669502, 2.094085, 103390945333.401077
7.036152, 2.673604, 2.087840, 103390945417.262283
7.037552, 2.670464, 2.093258, 103390945501.169403
7.037204, 2.669056, 2.090994, 103390945585.122116
7.041124, 2.671808, 2.089593, 103390945668.983109
7.046666, 2.671037, 2.090426, 103390945752.797516
7.051369, 2.682082, 2.091851, 103390945836.427979
7.061693, 2.690184, 2.086176, 103390945919.966248
7.069674, 2.696218, 2.085261, 103390946003.412170
7.079937, 2.700440, 2.090958, 103390946086.812576
7.091033, 2.706336, 2.088175, 103390946170.074066
7.098092, 2.713033, 2.083821, 103390946253.335815
7.108202, 2.715174, 2.083801, 103390946336.597916
7.118873, 2.724151, 2.089805, 103390946419.905563
7.123802, 2.726186, 2.091055, 103390946503.167526
7.135283, 2.733712, 2.089712, 103390946586.383301
7.145986, 2.749844, 2.084511, 103390946669.507004
7.156464, 2.771513, 2.084113, 103390946752.584427
7.173142, 2.798639, 2.077136, 103390946835.754181
7.192211, 2.837291, 2.081727, 103390946918.878021
7.208730, 2.871239, 2.070043, 103390947002.001205
7.234950, 2.919168, 2.062034, 103390947085.124893
7.258796, 2.967109, 2.066711, 103390947168.340790
7.295061, 3.015597, 2.070923, 103390947251.740631
7.324432, 3.067366, 2.080086, 103390947335.094437
7.360123, 3.114788, 2.082824, 103390947418.402527
7.395298, 3.158983, 2.081354, 103390947501.618118
7.433649, 3.200435, 2.083936, 103390947584.603439
7.474482, 3.243524, 2.077811, 103390947667.588913
7.504678, 3.290545, 2.068763, 103390947750.297867
7.536991, 3.324316, 2.071265, 103390947833.006546
7.575309, 3.356624, 2.077832, 103390947915.807877
7.621308, 3.385294, 2.082417, 103390947998.839462
7.679273, 3.423874, 2.090589, 103390948082.009201
7.719234, 3.473358, 2.089294, 103390948165.362717
7.753227, 3.534539, 2.082360, 103390948249.085327
7.787291, 3.597106, 2.074744, 103390948333.038193
7.809645, 3.668777, 2.067746, 103390948416.991226
7.833693, 3.741072, 2.066684, 103390948501.036652
7.867144, 3.821319, 2.077791, 103390948585.357956
7.916046, 3.901479, 2.079032, 103390948669.541428
7.932605, 3.983142, 2.077628, 103390948752.941528
7.960994, 4.043929, 2.089647, 103390948836.064651
7.995620, 4.099744, 2.086341, 103390948919.050186
8.021121, 4.167595, 2.084531, 103390949001.759232
8.057702, 4.216756, 2.066966, 103390949084.421661
8.079473, 4.261915, 2.076969, 103390949166.946487
8.111004, 4.301597, 2.090202, 103390949249.655426
8.155084, 4.363438, 2.092645, 103390949332.640594
8.185690, 4.430578, 2.092045, 103390949415.948425
8.213826, 4.506859, 2.081412, 103390949499.486588
8.244880, 4.582935, 2.077000, 103390949583.208969
8.261652, 4.664740, 2.074142, 103390949666.977768
8.280871, 4.760234, 2.064904, 103390949750.700317
8.297212, 4.858742, 2.059341, 103390949834.376617
8.317753, 4.964863, 2.061622, 103390949918.237457
8.331247, 5.068057, 2.068990, 103390950001.867874
8.336910, 5.142637, 2.084512, 103390950085.083359
8.358906, 5.231223, 2.087086, 103390950168.207016
8.370081, 5.321891, 2.091168, 103390950251.146103
8.378578, 5.412597, 2.092563, 103390950334.084991
8.380140, 5.503687, 2.089737, 103390950416.840149
8.383670, 5.582707, 2.105148, 103390950499.595078
8.402609, 5.669616, 2.129029, 103390950582.350403
8.416881, 5.754086, 2.163134, 103390950665.151276
8.429359, 5.817396, 2.200096, 103390950748.228912
8.442787, 5.878365, 2.228190, 103390950831.536682
8.445864, 5.939094, 2.240562, 103390950914.936386
8.444647, 6.005742, 2.245975, 103390950998.382660
8.438872, 6.069654, 2.249873, 103390951081.782745
8.433898, 6.125762, 2.263612, 103390951165.320923
8.440267, 6.184386, 2.277524, 103390951249.274017
8.441044, 6.240026, 2.293865, 103390951333.134552
8.427810, 6.299541, 2.306823, 103390951416.811020
8.433842, 6.366136, 2.296607, 103390951500.395355
8.432774, 6.435468, 2.299876, 103390951583.610641
8.442244, 6.495904, 2.311636, 103390951666.595642
8.440125, 6.549388, 2.325280, 103390951749.396561
8.449421, 6.607696, 2.353642, 103390951832.105453
8.457417, 6.674943, 2.385975, 103390951914.768036
8.463222, 6.740492, 2.416046, 103390951997.569031
8.471238, 6.807817, 2.447459, 103390952080.462097
8.477769, 6.875044, 2.460253, 103390952163.492996
8.479809, 6.934900, 2.469071, 103390952246.524216
8.483916, 6.991757, 2.461583, 103390952329.832214
8.490458, 7.050367, 2.470853, 103390952413.278320
8.485575, 7.094749, 2.476179, 103390952496.724213
8.472323, 7.137617, 2.491351, 103390952580.031876
8.459777, 7.192004, 2.529714, 103390952663.339157
8.456122, 7.239127, 2.566210, 103390952746.739044
8.448256, 7.271911, 2.611531, 103390952830.138580
8.451121, 7.294733, 2.637023, 103390952913.676651
8.456353, 7.326125, 2.648142, 103390952997.306747
8.465715, 7.363396, 2.648121, 103390953080.983200
8.487350, 7.405274, 2.654035, 103390953164.659180
8.504897, 7.446553, 2.667223, 103390953248.151077
8.525441, 7.487212, 2.704385, 103390953331.366608
8.549088, 7.522444, 2.752266, 103390953414.397568
8.566813, 7.569301, 2.793253, 103390953497.336319
8.570894, 7.615236, 2.824868, 103390953580.136917
8.575765, 7.665542, 2.844242, 103390953662.983978
8.571510, 7.719153, 2.838001, 103390953745.830658
8.565282, 7.780961, 2.832545, 103390953828.769699
8.557711, 7.843560, 2.841491, 103390953911.800644
8.541641, 7.901585, 2.872603, 103390953995.016037
8.541455, 7.950436, 2.915815, 103390954078.738297
8.533932, 7.982509, 2.962572, 103390954162.229874
8.524785, 8.013362, 2.997029, 103390954245.721573
8.542107, 8.044830, 3.008196, 103390954329.443848
8.546067, 8.083665, 3.009627, 103390954412.981506
8.549317, 8.133389, 3.000601, 103390954496.473206
8.553960, 8.190392, 3.004379, 103390954579.780563
8.568156, 8.251417, 3.049488, 103390954662.811737
8.579112, 8.306050, 3.096925, 103390954745.566284
8.596726, 8.351673, 3.137033, 103390954828.366730
8.608672, 8.397206, 3.171057, 103390954911.120743
8.612815, 8.439192, 3.187792, 103390954993.967392
8.617763, 8.479436, 3.190064, 103390955076.998764
8.607170, 8.526454, 3.192831, 103390955160.075912
8.605433, 8.576894, 3.210748, 103390955243.291229
8.602505, 8.639202, 3.232747, 103390955326.921021
8.606838, 8.714000, 3.281315, 103390955410.919678
8.590734, 8.770988, 3.322612, 103390955494.687546
8.591337, 8.814928, 3.362908, 103390955578.640366
8.601001, 8.862694, 3.377393, 103390955662.500946
8.599555, 8.911341, 3.392158, 103390955745.992615
8.603776, 8.961518, 3.392180, 103390955829.346069
8.609103, 9.020121, 3.412923, 103390955912.560867
8.605240, 9.066219, 3.456713, 103390955995.223145
8.621760, 9.112438, 3.505561, 103390956077.931915
8.637275, 9.156625, 3.543334, 103390956160.916626
8.646206, 9.201248, 3.557103, 103390956243.993210
8.649909, 9.257142, 3.562862, 103390956327.162460
8.654963, 9.314695, 3.569862, 103390956410.424042
8.658758, 9.361224, 3.596275, 103390956493.639359
8.662480, 9.408924, 3.635389, 103390956577.131317
8.661670, 9.461244, 3.671190, 103390956660.807266
8.654459, 9.512384, 3.714942, 103390956744.298904
8.658023, 9.551223, 3.749424, 103390956827.974854
8.669625, 9.588840, 3.755546, 103390956911.604874
8.666451, 9.629168, 3.760630, 103390956994.958267
8.673101, 9.679288, 3.768950, 103390957078.266403
8.687308, 9.739905, 3.788211, 103390957161.343567
8.683788, 9.791679, 3.838530, 103390957243.821350
8.690192, 9.839456, 3.876381, 103390957326.391449
8.707399, 9.887348, 3.914152, 103390957409.238510
8.714458, 9.926964, 3.926588, 103390957492.130951
8.720498, 9.969289, 3.928491, 103390957575.115952
8.726504, 10.024318, 3.933680, 103390957658.147110
8.720232, 10.085349, 3.945206, 103390957741.224182
8.722908, 10.141575, 3.978526, 103390957824.577911
8.726748, 10.199206, 4.019766, 103390957908.346054
8.722335, 10.247004, 4.074810, 103390957992.022018
8.723630, 10.284994, 4.112250, 103390958075.790543
8.734199, 10.321939, 4.129256, 103390958159.420197
8.737549, 10.358716, 4.130252, 103390958242.681442
8.746098, 10.411059, 4.140360, 103390958325.897125
8.757082, 10.474092, 4.155982, 103390958408.881821
8.762131, 10.523991, 4.200494, 103390958491.452652
8.768008, 10.569112, 4.245198, 103390958573.930634
8.782386, 10.620422, 4.279360, 103390958656.501099
8.786839, 10.659468, 4.302478, 103390958739.071289
8.786978, 10.708191, 4.309644, 103390958821.964279
8.789734, 10.762113, 4.318415, 103390958905.041595
8.789124, 10.815166, 4.332400, 103390958988.487427
8.794298, 10.869392, 4.359053, 103390959072.071304
8.794747, 10.930118, 4.396156, 103390959155.885895
8.788845, 10.990057, 4.435268, 103390959239.792023
8.780567, 11.033205, 4.480097, 103390959323.698639
8.790123, 11.072286, 4.496859, 103390959407.743607
8.793061, 11.103203, 4.517932, 103390959491.373383
8.787154, 11.145353, 4.521912, 103390959574.727173
8.787459, 11.195683, 4.532898, 103390959657.896317
8.793509, 11.245934, 4.566668, 103390959740.835281
8.791154, 11.292872, 4.601238, 103390959823.451691
8.797406, 11.339382, 4.643256, 103390959906.114426
8.806128, 11.375190, 4.672102, 103390959988.915024
8.807269, 11.415204, 4.685771, 103390960071.761520
8.807322, 11.459795, 4.694617, 103390960154.608459
8.808882, 11.512456, 4.694763, 103390960237.593353
8.808681, 11.572824, 4.709463, 103390960320.808838
8.802563, 11.624690, 4.748116, 103390960404.254532
8.799889, 11.678057, 4.786504, 103390960488.114944
8.786167, 11.725122, 4.824230, 103390960571.698578
8.781796, 11.757039, 4.865371, 103390960655.420975
8.792497, 11.790427, 4.875534, 103390960739.189423
8.781111, 11.820632, 4.881533, 103390960822.588959
8.779757, 11.858798, 4.884838, 103390960906.034897
8.777539, 11.910871, 4.904738, 103390960989.250061
8.777602, 11.963801, 4.929856, 103390961072.142975
8.776347, 12.012170, 4.976159, 103390961154.712936
8.780296, 12.052654, 5.015717, 103390961237.191025
8.779029, 12.087144, 5.040927, 103390961319.715302
8.779287, 12.111312, 5.038526, 103390961402.562042
8.776817, 12.148528, 5.056284, 103390961485.685501
8.773105, 12.187363, 5.050470, 103390961568.993088
8.767961, 12.244959, 5.057966, 103390961652.439087
8.747249, 12.311775, 5.072587, 103390961735.976883
8.727810, 12.386439, 5.105365, 103390961819.883636
8.716524, 12.454366, 5.141083, 103390961903.928589
8.691332, 12.506071, 5.179371, 103390961987.742813
8.678969, 12.538424, 5.215755, 103390962071.511108
8.691098, 12.580893, 5.241289, 103390962155.279282
8.682015, 12.624403, 5.251272, 103390962238.632813
8.670952, 12.675836, 5.254796, 103390962321.802277
8.666331, 12.738549, 5.268976, 103390962404.740967
8.646891, 12.791152, 5.309222, 103390962487.034805
8.634826, 12.830380, 5.347283, 103390962569.282684
8.631444, 12.864850, 5.386632, 103390962651.576813
8.609530, 12.896424, 5.414867, 103390962733.962540
8.580489, 12.937234, 5.416882, 103390962816.671417
8.547185, 12.981057, 5.406991, 103390962899.610214
8.507763, 13.033147, 5.400513, 103390962982.779495
8.462440, 13.094250, 5.395993, 103390963066.363373
8.416184, 13.146983, 5.413374, 103390963150.362167
8.378798, 13.198849, 5.426319, 103390963234.453049
8.333491, 13.246356, 5.432887, 103390963318.313370
8.289788, 13.312095, 5.424212, 103390963402.220062
8.241672, 13.369910, 5.419295, 103390963485.896194
8.181432, 13.429702, 5.418599, 103390963569.111649
8.138868, 13.488604, 5.423783, 103390963652.050735
8.101053, 13.543055, 5.425192, 103390963734.943375
8.053095, 13.598526, 5.430922, 103390963817.882324
7.992198, 13.665941, 5.435604, 103390963900.821426
7.928234, 13.720165, 5.432026, 103390963983.852692
7.865196, 13.775938, 5.424968, 103390964066.975784
7.801446, 13.827503, 5.424135, 103390964150.283478
7.731441, 13.882694, 5.428085, 103390964233.821213
7.674173, 13.937709, 5.429639, 103390964317.820038
7.600661, 13.990106, 5.437046, 103390964401.588165
7.521989, 14.033695, 5.441373, 103390964484.988129
7.462166, 14.090235, 5.439021, 103390964568.433640
7.393660, 14.130627, 5.438238, 103390964651.465118
7.329639, 14.171544, 5.428849, 103390964734.219925
7.277852, 14.234198, 5.417475, 103390964817.112839
7.203239, 14.285898, 5.434650, 103390964900.005661
7.128169, 14.336631, 5.436640, 103390964982.990280
7.045141, 14.366846, 5.441025, 103390965065.929413
6.944616, 14.410712, 5.427062, 103390965149.006577
6.847290, 14.446822, 5.430584, 103390965232.221664
6.764720, 14.472965, 5.444175, 103390965315.482895
6.676945, 14.499476, 5.464987, 103390965398.928879
6.618048, 14.528934, 5.499763, 103390965482.743088
6.532244, 14.549109, 5.549451, 103390965566.234970
6.477310, 14.565061, 5.587624, 103390965649.634689
6.409935, 14.585776, 5.605479, 103390965733.218781
6.350820, 14.595813, 5.624230, 103390965816.710800
6.292399, 14.602154, 5.638149, 103390965900.202591
6.227334, 14.606785, 5.670349, 103390965983.326126
6.183926, 14.607983, 5.712941, 103390966066.126648
6.125569, 14.630028, 5.748976, 103390966149.111801
6.075049, 14.643947, 5.766143, 103390966232.189117
6.033311, 14.641778, 5.776094, 103390966315.450150
5.978064, 14.648923, 5.786740, 103390966398.757751
5.941710, 14.654932, 5.796620, 103390966481.973328
5.890776, 14.647975, 5.829355, 103390966565.464874
5.843500, 14.663357, 5.874363, 103390966649.417465
5.788682, 14.655617, 5.904722, 103390966733.093445
5.733526, 14.654741, 5.924223, 103390966816.769867
5.683686, 14.676509, 5.940299, 103390966900.492050
5.635789, 14.683444, 5.932855, 103390966983.707153
5.572996, 14.685909, 5.945257, 103390967066.738281
5.506399, 14.696251, 5.969125, 103390967149.585251
5.443530, 14.692389, 6.004924, 103390967231.924774
5.402324, 14.694804, 6.045303, 103390967314.310638
5.353634, 14.711219, 6.087833, 103390967396.927322
5.311865, 14.710325, 6.117465, 103390967479.635880
5.269303, 14.707943, 6.121716, 103390967562.712784
5.221117, 14.707456, 6.132355, 103390967646.020676
5.163709, 14.695143, 6.158293, 103390967729.697113
5.103671, 14.700942, 6.195652, 103390967814.110367
5.041563, 14.701908, 6.231701, 103390967898.707977
4.987450, 14.684550, 6.275968, 103390967982.845047
4.936419, 14.684839, 6.296682, 103390968066.936005
4.881077, 14.682999, 6.320431, 103390968150.519806
4.842227, 14.672880, 6.325481, 103390968233.735062
4.800165, 14.682345, 6.339329, 103390968317.042358
4.745826, 14.692468, 6.370989, 103390968399.981323
4.717074, 14.684972, 6.421033, 103390968482.413651
4.680604, 14.690004, 6.463500, 103390968564.984207
4.635394, 14.705381, 6.486337, 103390968647.784454
4.601143, 14.704189, 6.502661, 103390968730.723328
4.549289, 14.701210, 6.491027, 103390968813.846527
4.477635, 14.694049, 6.500313, 103390968897.153824
4.407850, 14.677216, 6.503309, 103390968980.553436
4.341849, 14.676400, 6.541200, 103390969064.413620
4.282898, 14.664820, 6.576013, 103390969148.412048
4.247599, 14.657109, 6.621749, 103390969232.318832
4.212227, 14.667089, 6.657119, 103390969316.317307
4.168409, 14.667667, 6.674242, 103390969399.855469
4.123280, 14.652615, 6.678983, 103390969483.024826
4.067194, 14.650425, 6.685423, 103390969566.055603
4.002000, 14.646894, 6.718357, 103390969648.626038
3.974907, 14.640760, 6.769896, 103390969730.873566
3.934776, 14.648454, 6.803639, 103390969813.259644
3.895436, 14.647307, 6.832858, 103390969895.875595
3.854666, 14.637541, 6.842144, 103390969978.630096
3.806685, 14.628267, 6.835830, 103390970061.615295
3.742729, 14.615570, 6.843785, 103390970144.876572
3.669369, 14.595622, 6.838931, 103390970228.137878
3.592687, 14.562357, 6.855547, 103390970311.537766
3.519190, 14.536201, 6.883541, 103390970395.075684
3.460253, 14.505105, 6.933068, 103390970478.199112
3.428963, 14.481319, 6.981089, 103390970561.137863
3.395176, 14.472300, 7.014549, 103390970644.353149
3.352961, 14.456945, 7.023411, 103390970727.798981
3.302635, 14.431033, 7.024059, 103390970811.198853
3.248221, 14.398871, 6.996227, 103390970894.506149
3.178361, 14.367367, 6.991168, 103390970977.629318
3.089772, 14.334815, 6.995057, 103390971060.614487
3.000612, 14.312011, 6.994118, 103390971143.645477
2.909819, 14.282495, 6.998302, 103390971226.814926
2.822183, 14.253934, 6.995800, 103390971310.076492
2.744456, 14.208175, 6.994470, 103390971393.245682
2.668635, 14.162224, 6.991780, 103390971476.414383
2.591083, 14.116818, 6.972303, 103390971559.629669
2.508497, 14.056777, 6.987558, 103390971642.706833
2.441481, 14.001543, 7.015411, 103390971725.875961
2.375232, 13.945293, 7.055107, 103390971809.183762
2.321049, 13.897456, 7.091954, 103390971892.353027
2.291660, 13.871358, 7.134131, 103390971975.475922
2.233827, 13.823852, 7.169986, 103390972058.644821
2.183801, 13.787768, 7.174328, 103390972141.768005
2.121712, 13.740102, 7.180223, 103390972224.983139
2.074651, 13.706527, 7.202404, 103390972308.059860
2.045257, 13.683762, 7.246200, 103390972390.814270
1.985921, 13.662530, 7.281218, 103390972473.845306
1.915984, 13.621011, 7.319815, 103390972556.968231
1.875297, 13.586487, 7.336830, 103390972640.183273
1.834348, 13.550788, 7.342737, 103390972723.583069
1.792824, 13.521919, 7.340146, 103390972807.074890
1.753380, 13.471688, 7.352685, 103390972890.612610
1.717674, 13.424249, 7.362412, 103390972974.334885
1.657808, 13.370267, 7.387409, 103390973058.563690
1.626350, 13.331030, 7.434254, 103390973142.562195
1.598302, 13.290263, 7.480122, 103390973226.284424
1.572869, 13.261984, 7.489847, 103390973310.098541
1.550106, 13.221588, 7.490242, 103390973393.590042
1.516342, 13.157234, 7.481215, 103390973476.805252
1.482682, 13.092633, 7.478475, 103390973559.835846
1.447122, 13.036912, 7.492024, 103390973642.544174
1.409300, 12.972600, 7.534261, 103390973725.160278
1.379096, 12.929425, 7.579057, 103390973807.960495
1.361280, 12.888998, 7.624791, 103390973890.668915
1.340416, 12.844197, 7.659944, 103390973973.653549
1.327901, 12.801427, 7.675395, 103390974056.546494
1.315812, 12.750310, 7.679207, 103390974139.485291
1.294430, 12.699164, 7.667914, 103390974222.746719
1.270335, 12.602889, 7.657221, 103390974306.100189
1.258293, 12.523102, 7.663561, 103390974389.730103
1.239027, 12.441036, 7.680186, 103390974473.636597
1.222329, 12.358563, 7.681088, 103390974557.358902
1.214231, 12.272016, 7.687735, 103390974640.758209
1.191471, 12.193057, 7.684320, 103390974724.342270
1.176986, 12.132508, 7.683597, 103390974807.695908
1.168276, 12.050590, 7.685225, 103390974890.680862
1.144455, 11.951841, 7.698032, 103390974973.619629
1.112148, 11.865534, 7.733336, 103390975056.374207
1.093756, 11.805883, 7.793896, 103390975138.990479
1.067776, 11.749219, 7.816159, 103390975221.790924
1.038819, 11.686588, 7.838790, 103390975304.822113
1.023878, 11.622925, 7.845745, 103390975388.083496
1.010556, 11.560228, 7.844923, 103390975471.390823
0.996685, 11.485349, 7.837554, 103390975554.744766
0.988246, 11.408868, 7.860323, 103390975638.098541
0.972688, 11.333006, 7.903872, 103390975721.958908
0.953600, 11.270412, 7.948167, 103390975806.049973
0.955032, 11.224928, 7.998398, 103390975889.726181
0.935018, 11.178638, 8.029749, 103390975973.540756
0.927445, 11.142848, 8.041291, 103390976057.032486
0.928080, 11.093140, 8.050129, 103390976140.293457
0.921039, 11.039132, 8.059910, 103390976223.508698
0.914365, 10.987814, 8.087189, 103390976306.493729
0.906744, 10.945676, 8.144411, 103390976389.063904
0.891840, 10.908445, 8.190545, 103390976471.772400
0.887356, 10.863089, 8.217558, 103390976554.526962
0.881186, 10.814509, 8.227664, 103390976637.511871
0.877545, 10.751648, 8.215092, 103390976720.680862
0.888522, 10.683723, 8.215450, 103390976803.988525
0.888593, 10.621793, 8.231355, 103390976887.434189
0.891426, 10.558975, 8.260991, 103390976971.110077
0.895989, 10.490643, 8.300752, 103390977055.062744
0.897422, 10.444749, 8.355349, 103390977138.969193
0.893894, 10.395473, 8.395509, 103390977222.921844
0.883184, 10.360718, 8.412323, 103390977306.828705
0.881889, 10.308160, 8.412283, 103390977390.366531
0.891491, 10.245410, 8.411265, 103390977473.490051
0.894584, 10.181525, 8.422591, 103390977556.520981
0.892458, 10.135920, 8.461061, 103390977638.998886
0.897099, 10.097421, 8.513134, 103390977721.292953
0.886312, 10.048913, 8.557444, 103390977803.863495
0.880283, 10.008137, 8.581839, 103390977886.572098
0.883438, 9.962367, 8.591795, 103390977969.280457
0.888379, 9.909250, 8.588768, 103390978052.173172
0.894743, 9.850939, 8.584696, 103390978135.250412
0.904880, 9.794024, 8.598575, 103390978218.696014
0.921574, 9.731680, 8.642021, 103390978302.556473
0.924933, 9.682821, 8.683893, 103390978386.832031
0.934330, 9.650245, 8.738904, 103390978470.876816
0.934601, 9.618848, 8.777610, 103390978554.921539
0.924586, 9.576039, 8.790088, 103390978638.920364
0.937617, 9.532397, 8.787334, 103390978722.457825
0.950031, 9.470256, 8.782695, 103390978805.765320
0.958610, 9.401501, 8.789110, 103390978888.658203
0.966857, 9.337893, 8.814536, 103390978971.136383
0.967729, 9.260478, 8.865589, 103390979053.614716
0.955442, 9.196642, 8.910967, 103390979136.277252
0.967824, 9.159462, 8.955369, 103390979219.078064
0.974434, 9.118992, 8.971067, 103390979302.108887
0.994483, 9.064016, 8.962804, 103390979385.278198
1.018934, 9.003815, 8.954182, 103390979468.493759
1.047958, 8.943808, 8.940407, 103390979551.893234
1.095951, 8.879960, 8.930255, 103390979635.339111
1.160498, 8.788877, 8.928330, 103390979718.738693
1.223570, 8.702013, 8.929806, 103390979802.092194
1.270604, 8.606851, 8.945398, 103390979885.445831
1.313968, 8.531118, 8.964215, 103390979968.476761
1.347168, 8.445590, 8.970339, 103390980051.645584
1.382301, 8.376239, 8.964782, 103390980134.584656
1.435632, 8.286767, 8.959195, 103390980217.339371
1.476351, 8.206415, 8.968411, 103390980300.139832
1.510845, 8.136170, 8.995427, 103390980382.894531
1.548221, 8.068323, 9.029727, 103390980465.556747
1.585399, 7.995377, 9.063952, 103390980548.449417
1.611953, 7.933854, 9.099714, 103390980631.711060
1.633759, 7.878792, 9.130678, 103390980715.387054
1.655957, 7.834725, 9.147120, 103390980799.108765
1.690991, 7.775309, 9.150813, 103390980883.015381
1.729527, 7.718332, 9.155966, 103390980966.829269
1.782951, 7.662071, 9.177413, 103390981050.643631
1.825926, 7.608125, 9.212628, 103390981134.826309
1.861468, 7.557798, 9.264264, 103390981218.870819
1.892903, 7.527003, 9.312832, 103390981302.592911
1.906355, 7.487067, 9.353026, 103390981386.268661
1.927515, 7.451144, 9.356150, 103390981469.529678
1.963957, 7.409259, 9.353971, 103390981552.468445
1.986526, 7.345244, 9.358463, 103390981635.591156
2.002042, 7.295915, 9.392015, 103390981718.253342
2.030848, 7.269132, 9.447312, 103390981800.685226
2.029786, 7.233099, 9.494139, 103390981883.347458
2.044828, 7.220365, 9.527545, 103390981965.733154
2.059730, 7.206153, 9.530112, 103390982048.487381
2.084290, 7.178182, 9.520690, 103390982131.564575
2.116551, 7.145155, 9.515417, 103390982214.964233
2.149244, 7.099736, 9.511470, 103390982298.686310
2.240314, 7.038205, 9.541455, 103390982382.546402
2.298524, 6.986244, 9.574720, 103390982466.729095
2.339741, 6.961345, 9.619574, 103390982550.681610
2.399827, 6.954139, 9.658694, 103390982634.127136
2.425980, 6.957736, 9.682943, 103390982717.526657
2.456947, 6.941715, 9.696240, 103390982800.787918
2.494184, 6.916406, 9.691420, 103390982883.864899
2.546222, 6.885020, 9.672687, 103390982966.895355
2.598638, 6.834461, 9.653381, 103390983050.064224
2.658129, 6.779415, 9.649390, 103390983133.141022
2.714813, 6.727386, 9.657000, 103390983216.033524
2.760372, 6.682408, 9.682231, 103390983298.833679
2.805897, 6.651051, 9.698427, 103390983381.634247
2.858213, 6.625119, 9.708050, 103390983464.388824
2.916106, 6.594457, 9.707207, 103390983547.281235
2.980989, 6.568056, 9.695929, 103390983630.219864
3.058868, 6.532500, 9.683958, 103390983713.296982
3.128992, 6.512586, 9.682641, 103390983796.281754
3.210041, 6.484955, 9.687507, 103390983879.589142
3.274623, 6.444555, 9.705448, 103390983962.988525
3.358620, 6.426275, 9.702698, 103390984046.019226
3.437701, 6.390445, 9.700911, 103390984129.234711
3.508281, 6.351375, 9.704827, 103390984212.311691
3.596688, 6.329598, 9.690202, 103390984295.158218
3.667737, 6.293835, 9.686206, 103390984378.143005
3.732897, 6.252534, 9.690448, 103390984461.173935
3.807525, 6.222223, 9.708076, 103390984544.296753
3.889992, 6.181837, 9.722824, 103390984627.650085
3.970694, 6.169775, 9.718269, 103390984711.049362
4.061626, 6.152920, 9.709002, 103390984794.633499
4.153984, 6.146384, 9.696807, 103390984878.447403
4.254665, 6.156800, 9.691260, 103390984962.215363
4.363189, 6.167315, 9.692041, 103390985046.075790
4.466710, 6.155486, 9.710080, 103390985130.120468
4.555809, 6.160432, 9.715677, 103390985213.658112
4.650373, 6.171433, 9.717124, 103390985297.103729
4.741939, 6.169930, 9.714459, 103390985380.411011
4.832026, 6.194706, 9.704581, 103390985463.257477
4.916162, 6.208100, 9.696655, 103390985546.150406
4.998505, 6.210812, 9.696603, 103390985629.089310
5.082359, 6.219739, 9.711636, 103390985712.028122
5.168726, 6.239753, 9.721058, 103390985795.104889
5.262032, 6.259083, 9.723991, 103390985878.227951
5.357538, 6.278446, 9.714305, 103390985961.627258
5.455820, 6.295143, 9.701938, 103390986045.349213
5.544814, 6.324138, 9.698250, 103390986129.163544
5.628852, 6.356629, 9.706119, 103390986213.023819
5.719251, 6.371431, 9.720000, 103390986297.160583
5.813197, 6.400388, 9.724455, 103390986380.928360
5.903513, 6.437453, 9.723814, 103390986464.558487
5.995697, 6.451326, 9.721686, 103390986548.096222
6.071768, 6.473393, 9.718147, 103390986631.173233
6.155479, 6.492008, 9.716475, 103390986714.112167
6.240399, 6.503488, 9.714731, 103390986797.004898
6.323208, 6.507928, 9.722403, 103390986879.943527
6.406922, 6.518033, 9.736504, 103390986962.790192
6.492498, 6.535056, 9.742223, 103390987045.728897
6.579523, 6.549287, 9.743203, 103390987128.852020
6.666471, 6.568655, 9.735912, 103390987212.067291
6.750914, 6.579369, 9.727406, 103390987295.328613
6.839789, 6.600187, 9.711081, 103390987378.589844
6.920296, 6.622161, 9.716453, 103390987461.851410
7.018463, 6.629267, 9.731461, 103390987545.250992
7.120439, 6.637925, 9.737402, 103390987628.512451
7.223077, 6.660982, 9.734982, 103390987711.773819
7.315345, 6.659090, 9.738471, 103390987795.127243
7.407727, 6.679077, 9.726825, 103390987877.974106
7.489080, 6.696265, 9.716630, 103390987960.636185
7.567867, 6.694242, 9.720688, 103390988043.344635
7.664538, 6.692850, 9.728038, 103390988126.329834
7.761609, 6.682790, 9.738487, 103390988209.591476
7.858806, 6.682093, 9.743937, 103390988293.037125
7.950390, 6.677992, 9.745089, 103390988376.759201
8.039948, 6.694012, 9.738577, 103390988460.250748
8.129887, 6.699958, 9.731077, 103390988543.650406
8.226261, 6.708566, 9.716976, 103390988626.773529
8.314867, 6.717413, 9.724449, 103390988709.988876
8.408309, 6.703992, 9.733233, 103390988793.572479
8.509769, 6.698026, 9.740691, 103390988876.925781
8.626057, 6.693870, 9.750039, 103390988960.233139
8.726205, 6.686123, 9.733301, 103390989043.218307
8.824561, 6.688966, 9.725922, 103390989125.788681
8.915342, 6.669309, 9.716643, 103390989208.451218
9.003476, 6.644879, 9.742109, 103390989291.113556
9.095565, 6.626850, 9.744732, 103390989373.730118
9.194669, 6.615017, 9.747762, 103390989456.438782
9.288126, 6.598696, 9.747112, 103390989539.516174
9.382377, 6.582636, 9.736102, 103390989622.915833
9.479530, 6.572183, 9.727071, 103390989706.546249
9.573863, 6.560450, 9.726703, 103390989790.314331
9.669128, 6.549127, 9.730965, 103390989874.267349
9.769587, 6.532156, 9.737851, 103390989958.127899
9.864191, 6.531336, 9.747875, 103390990041.573792
9.949843, 6.512749, 9.752905, 103390990125.065536
10.037024, 6.496666, 9.753626, 103390990208.327209
10.117422, 6.492061, 9.741139, 103390990291.265793
10.203122, 6.473013, 9.733338, 103390990374.204742
10.271913, 6.445586, 9.740931, 103390990457.189560
10.348340, 6.424909, 9.753381, 103390990540.174698
10.437673, 6.407316, 9.758974, 103390990623.297775
10.532560, 6.389230, 9.757913, 103390990706.513153
10.623112, 6.374883, 9.754281, 103390990789.866974
10.694549, 6.356803, 9.748845, 103390990873.404663
10.787234, 6.336815, 9.733397, 103390990957.080856
10.889637, 6.322288, 9.723335, 103390991040.941483
10.991375, 6.304610, 9.735528, 103390991125.124542
11.081177, 6.264686, 9.745111, 103390991209.307587
11.188787, 6.245543, 9.760158, 103390991293.122070
11.284416, 6.208745, 9.747661, 103390991376.843826
11.377875, 6.171738, 9.736641, 103390991460.105331
11.469358, 6.147178, 9.724692, 103390991542.859665
11.546780, 6.103198, 9.717261, 103390991625.522079
11.618921, 6.049063, 9.731371, 103390991708.184402
11.684271, 5.997015, 9.734737, 103390991790.892731
11.758180, 5.955492, 9.742403, 103390991873.739395
11.824931, 5.905403, 9.743910, 103390991956.908432
11.892780, 5.849611, 9.740420, 103390992040.262054
11.955424, 5.794209, 9.726432, 103390992123.754257
12.027742, 5.737077, 9.724557, 103390992207.199738
12.091969, 5.673756, 9.725746, 103390992290.922058
12.139485, 5.600823, 9.738930, 103390992374.966614
12.210114, 5.520416, 9.745657, 103390992458.688889
12.259511, 5.433808, 9.740989, 103390992542.549271
12.321172, 5.354679, 9.733315, 103390992625.949066
12.380286, 5.281898, 9.736567, 103390992708.565704
12.409355, 5.219164, 9.728811, 103390992791.182068
12.421531, 5.153304, 9.744587, 103390992873.660049
12.430749, 5.079391, 9.740322, 103390992956.368729
12.447171, 5.000005, 9.746304, 103390993039.399963
12.458815, 4.922056, 9.749536, 103390993122.983810
12.456884, 4.838076, 9.733935, 103390993206.798523
12.472946, 4.751340, 9.749335, 103390993290.520462
12.477511, 4.660203, 9.726137, 103390993374.104538
12.494626, 4.581211, 9.728933, 103390993457.642319
12.478751, 4.494391, 9.734093, 103390993541.318710
12.467322, 4.402418, 9.734683, 103390993624.902695
12.455010, 4.311592, 9.738615, 103390993708.302231
12.424129, 4.214411, 9.724449, 103390993791.702301
12.394439, 4.126560, 9.703793, 103390993874.549103
12.363024, 4.043143, 9.704494, 103390993956.889069
12.315012, 3.967106, 9.701909, 103390994039.136642
12.256798, 3.894489, 9.707273, 103390994121.292435
12.195475, 3.813622, 9.716103, 103390994203.632339
12.139555, 3.735758, 9.716748, 103390994286.202820
12.080007, 3.666648, 9.715153, 103390994369.233932
12.024103, 3.600033, 9.709020, 103390994452.495529
11.963264, 3.525083, 9.698329, 103390994535.941513
11.893209, 3.453993, 9.682745, 103390994619.571579
11.822334, 3.414292, 9.697002, 103390994703.708664
11.746455, 3.359936, 9.710683, 103390994787.707230
11.677112, 3.292579, 9.719412, 103390994871.383575
11.596721, 3.236641, 9.719115, 103390994955.106049
11.518804, 3.181992, 9.701544, 103390995038.321548
11.454002, 3.131517, 9.695060, 103390995121.214310
11.377211, 3.097694, 9.691768, 103390995204.060928
11.294836, 3.053234, 9.705138, 103390995286.631012
11.215268, 3.023039, 9.711422, 103390995369.247620
11.132045, 2.990684, 9.716660, 103390995452.094406
11.043659, 2.954892, 9.714663, 103390995535.263657
10.972046, 2.927119, 9.706976, 103390995618.525024
10.885198, 2.896481, 9.691738, 103390995701.832245
10.797639, 2.865839, 9.692190, 103390995785.139923
10.715423, 2.855748, 9.700363, 103390995868.678131
10.612991, 2.844846, 9.722975, 103390995952.400192
10.515617, 2.816323, 9.723603, 103390996035.800079
10.408182, 2.800784, 9.713228, 103390996119.338165
10.308095, 2.776298, 9.697018, 103390996202.369080
10.206483, 2.746498, 9.678456, 103390996284.847153
10.115118, 2.739344, 9.680049, 103390996367.371506
10.024737, 2.742687, 9.696595, 103390996449.803955
9.920478, 2.756711, 9.714536, 103390996532.374069
9.829088, 2.763428, 9.718574, 103390996615.128830
9.746246, 2.745135, 9.708842, 103390996698.298340
9.645778, 2.755601, 9.692749, 103390996781.836075
9.533267, 2.757119, 9.665088, 103390996865.558304
9.421026, 2.748019, 9.662641, 103390996949.142471
9.324258, 2.738502, 9.666260, 103390997032.864670
9.221312, 2.748055, 9.680441, 103390997116.955475
9.112350, 2.754393, 9.689914, 103390997200.815918
9.015805, 2.749552, 9.702668, 103390997284.400101
8.914696, 2.760085, 9.690730, 103390997367.846054
8.806520, 2.759973, 9.674480, 103390997450.784943
8.711847, 2.765363, 9.662405, 103390997533.678085
8.627588, 2.781724, 9.683768, 103390997616.432922
8.531637, 2.790048, 9.700940, 103390997699.187469
8.444544, 2.794755, 9.705757, 103390997782.034515
8.350456, 2.789160, 9.695033, 103390997865.065735
8.243937, 2.788442, 9.693702, 103390997948.419403
8.142843, 2.779255, 9.675080, 103390998032.003647
8.039835, 2.773760, 9.670541, 103390998115.726059
7.944347, 2.758797, 9.672031, 103390998199.540314
7.838333, 2.766074, 9.678981, 103390998283.815933
7.735513, 2.768170, 9.704435, 103390998367.768692
7.630193, 2.758495, 9.706137, 103390998451.537186
7.526168, 2.773855, 9.701314, 103390998535.167358
7.434330, 2.765778, 9.694695, 103390998618.244614
7.339742, 2.767381, 9.683590, 103390998701.137299
7.250113, 2.780688, 9.688437, 103390998783.892059
7.168510, 2.792006, 9.694474, 103390998866.554535
7.070161, 2.801979, 9.695717, 103390998949.355362
6.976976, 2.801719, 9.678888, 103390999032.432495
6.884928, 2.806916, 9.675415, 103390999115.786011
6.801097, 2.817435, 9.687654, 103390999199.324203
6.714943, 2.824435, 9.680304, 103390999282.954193
6.619927, 2.824940, 9.690281, 103390999366.538162
6.526610, 2.841187, 9.688328, 103390999450.444656
6.437697, 2.876601, 9.701291, 103390999534.535812
6.332309, 2.885126, 9.707863, 103390999618.396393
6.234300, 2.919801, 9.701056, 103390999702.441177
6.127736, 2.938957, 9.691995, 103390999785.564575
6.025582, 2.939539, 9.688808, 103390999867.812622
5.963287, 2.951178, 9.674961, 103390999949.507767
5.918329, 2.973474, 9.703045, 103391000031.432953
5.863033, 3.010919, 9.720631, 103391000113.957291
5.777876, 3.024083, 9.701873, 103391000197.034760
5.689414, 3.068980, 9.710598, 103391000280.711166
5.606907, 3.095714, 9.699297, 103391000364.663956
5.528529, 3.118885, 9.681696, 103391000448.893295
5.455842, 3.141472, 9.685166, 103391000533.260910
5.366375, 3.159795, 9.703101, 103391000617.535919
5.295355, 3.210323, 9.710190, 103391000702.041565
5.194167, 3.251055, 9.715014, 103391000785.994125
5.114222, 3.296866, 9.731119, 103391000869.900986
5.055735, 3.351911, 9.719671, 103391000953.300705
4.986610, 3.402798, 9.699223, 103391001036.055511
4.930228, 3.461028, 9.695436, 103391001118.718201
4.887771, 3.522699, 9.704920, 103391001201.012024
4.857399, 3.587114, 9.714115, 103391001283.213699
4.821618, 3.649259, 9.734502, 103391001365.738266
4.772760, 3.726599, 9.717967, 103391001448.447052
4.732906, 3.799040, 9.715660, 103391001531.570633
4.685583, 3.869193, 9.710986, 103391001614.786346
4.621168, 3.945195, 9.695434, 103391001697.817459
4.590727, 4.013234, 9.697951, 103391001780.848526
4.575531, 4.082222, 9.705619, 103391001864.202515
4.572999, 4.173986, 9.718657, 103391001948.017014
4.558604, 4.269522, 9.717620, 103391002031.831650
4.547004, 4.368761, 9.707195, 103391002115.830750
4.535443, 4.472762, 9.682006, 103391002199.368576
4.517483, 4.554261, 9.680137, 103391002282.169373
4.510119, 4.657440, 9.677802, 103391002364.601563
4.521102, 4.741334, 9.703359, 103391002446.803406
4.539508, 4.817585, 9.714324, 103391002529.051392
4.549201, 4.896291, 9.720071, 103391002611.621765
4.565132, 4.985290, 9.724033, 103391002694.422699
4.578128, 5.069770, 9.736950, 103391002777.361725
4.593003, 5.151738, 9.727260, 103391002860.531158
4.620260, 5.232532, 9.712122, 103391002943.839111
4.636461, 5.314333, 9.716149, 103391003027.377213
4.676659, 5.393483, 9.716154, 103391003111.422012
4.709311, 5.480047, 9.718314, 103391003195.236694
4.753417, 5.565645, 9.723606, 103391003279.097412
4.797471, 5.641528, 9.718411, 103391003362.866211
4.835836, 5.731368, 9.714260, 103391003446.036011
4.879324, 5.800813, 9.695401, 103391003529.021500
4.933515, 5.845753, 9.696172, 103391003611.914536
4.993527, 5.887681, 9.725350, 103391003694.715408
5.066108, 5.935047, 9.728494, 103391003777.562241
5.142326, 5.994626, 9.724348, 103391003860.639862
5.212343, 6.047730, 9.718366, 103391003944.039642
5.274772, 6.100527, 9.730465, 103391004027.485336
5.342176, 6.165828, 9.721041, 103391004110.793213
5.409062, 6.251246, 9.714735, 103391004193.870377
5.493576, 6.290634, 9.720145, 103391004276.901443
5.580295, 6.326412, 9.727474, 103391004360.301392
5.666459, 6.362067, 9.733463, 103391004443.655106
5.753950, 6.411153, 9.741037, 103391004526.778259
5.855286, 6.434445, 9.731264, 103391004609.993790
5.937570, 6.461211, 9.723390, 103391004692.656433
6.016194, 6.499434, 9.712334, 103391004775.134552
6.099797, 6.508938, 9.717670, 103391004857.659088
6.191295, 6.510024, 9.725599, 103391004940.137466
6.285425, 6.530569, 9.728817, 103391005022.661652
6.371410, 6.562529, 9.735365, 103391005105.324112
6.454229, 6.581753, 9.737963, 103391005188.493637
6.534002, 6.607596, 9.735455, 103391005271.709091
6.618485, 6.630685, 9.719688, 103391005355.108810
6.707200, 6.648925, 9.713671, 103391005438.647049
6.796092, 6.660417, 9.732650, 103391005522.553986
6.887568, 6.667546, 9.741447, 103391005606.690628
6.987963, 6.688602, 9.737720, 103391005690.551041
7.098222, 6.697789, 9.733338, 103391005774.457733
7.202080, 6.709044, 9.723830, 103391005857.903366
7.291940, 6.735145, 9.716096, 103391005940.980576
7.393524, 6.735347, 9.712126, 103391006023.965759
7.477905, 6.730786, 9.720030, 103391006106.812515
7.575405, 6.703813, 9.733966, 103391006189.751236
7.664786, 6.699674, 9.745233, 103391006272.736404
7.759082, 6.698549, 9.741661, 103391006356.044128
7.848745, 6.694505, 9.743591, 103391006439.674179
7.937138, 6.705794, 9.727038, 103391006523.442505
8.037404, 6.712271, 9.715123, 103391006607.164703
8.133111, 6.723534, 9.713768, 103391006690.933289
8.237469, 6.711602, 9.722705, 103391006774.931915
8.342986, 6.708869, 9.730527, 103391006858.515961
8.447760, 6.710290, 9.729300, 103391006942.146362
8.554411, 6.693877, 9.722645, 103391007025.591904
8.652265, 6.699571, 9.722361, 103391007108.438782
8.738994, 6.691572, 9.720181, 103391007191.147675
8.834883, 6.667473, 9.718119, 103391007273.856216
8.924633, 6.645462, 9.726300, 103391007356.380707
9.013885, 6.639772, 9.730846, 103391007438.997589
9.108257, 6.630432, 9.733505, 103391007521.752258
9.205936, 6.619025, 9.734717, 103391007604.783661
9.299900, 6.614271, 9.726295, 103391007687.953323
9.392872, 6.605094, 9.714037, 103391007771.307129
9.481162, 6.610737, 9.719661, 103391007854.568771
9.567863, 6.614085, 9.735042, 103391007938.060913
9.665139, 6.588152, 9.729240, 103391008021.875565
9.767085, 6.584012, 9.747044, 103391008105.505905
9.865384, 6.574422, 9.747659, 103391008189.320511
9.972297, 6.563611, 9.739596, 103391008272.766525
10.067172, 6.570447, 9.739054, 103391008355.659668
10.150753, 6.566206, 9.728270, 103391008438.506729
10.241923, 6.550126, 9.718803, 103391008521.445847
10.332185, 6.532155, 9.743527, 103391008604.523407
10.436226, 6.521758, 9.757269, 103391008687.554703
10.531280, 6.523497, 9.744477, 103391008770.816513
10.637977, 6.524527, 9.739944, 103391008854.216583
10.738209, 6.522513, 9.733664, 103391008938.077271
10.845220, 6.526909, 9.723346, 103391009021.891846
10.932729, 6.546175, 9.730872, 103391009105.614136
11.032305, 6.543261, 9.741940, 103391009189.797485
11.141011, 6.547260, 9.749484, 103391009273.519684
11.240059, 6.565866, 9.751439, 103391009356.919388
11.339947, 6.569059, 9.743822, 103391009440.088989
11.433436, 6.585083, 9.735154, 103391009522.889862
11.525429, 6.589909, 9.725172, 103391009605.690796
11.615042, 6.590266, 9.737185, 103391009688.491745
11.698814, 6.586392, 9.744444, 103391009771.246414
11.791569, 6.583019, 9.753140, 103391009854.047379
11.884207, 6.604637, 9.760225, 103391009936.848221
11.982579, 6.617277, 9.752761, 103391010019.971680
12.074338, 6.632977, 9.746784, 103391010103.371582
12.164097, 6.651412, 9.743516, 103391010187.094009
12.250209, 6.680898, 9.748059, 103391010270.908722
12.345561, 6.706605, 9.757346, 103391010355.091812
12.443686, 6.726322, 9.762518, 103391010439.044327
12.541902, 6.762650, 9.758862, 103391010522.674286
12.645385, 6.782885, 9.756467, 103391010606.304474
12.736900, 6.826373, 9.748156, 103391010689.151276
12.819651, 6.847898, 9.734461, 103391010771.952164
12.904294, 6.859991, 9.752457, 103391010854.706757
12.986592, 6.869434, 9.763932, 103391010937.461472
13.074231, 6.889643, 9.760756, 103391011020.216141
13.158438, 6.917488, 9.771194, 103391011103.109039
13.248037, 6.942287, 9.757339, 103391011186.370636
13.329357, 6.973313, 9.750525, 103391011269.632202
13.413285, 7.005885, 9.744153, 103391011353.078125
13.486123, 7.049255, 9.738112, 103391011436.754333
13.566339, 7.082923, 9.748854, 103391011520.983734
13.655955, 7.121121, 9.753366, 103391011604.982285
13.722177, 7.174159, 9.760084, 103391011688.243759
13.791833, 7.224869, 9.752684, 103391011771.136688
13.848156, 7.275589, 9.745795, 103391011853.753143
13.908697, 7.307056, 9.750648, 103391011936.600189
13.962670, 7.324965, 9.737920, 103391012019.400833
14.013268, 7.352089, 9.750438, 103391012102.017563
14.072421, 7.369354, 9.744827, 103391012184.864624
14.136417, 7.387752, 9.750657, 103391012268.034195
14.178933, 7.417217, 9.755732, 103391012351.434143
14.219144, 7.445395, 9.743472, 103391012435.156647
14.252679, 7.476506, 9.726516, 103391012518.878937
14.279361, 7.508069, 9.695752, 103391012602.647720
14.306030, 7.543458, 9.668372, 103391012686.416275
14.335284, 7.592415, 9.640229, 103391012770.092697
14.369984, 7.639328, 9.607381, 103391012853.769150
14.411539, 7.705927, 9.581828, 103391012937.122772
14.456092, 7.765604, 9.571700, 103391013020.384460
14.496572, 7.807479, 9.561571, 103391013103.646103
14.526650, 7.844819, 9.548453, 103391013186.539169
14.553905, 7.867667, 9.508879, 103391013269.201874
14.574981, 7.878494, 9.452766, 103391013351.726517
14.583053, 7.874823, 9.416912, 103391013434.297043
14.609202, 7.882390, 9.393977, 103391013517.144165
14.646695, 7.916669, 9.388047, 103391013600.313507
14.680324, 7.956629, 9.378688, 103391013683.759476
14.708657, 7.998484, 9.352882, 103391013767.251724
14.734290, 8.040234, 9.314043, 103391013850.743622
14.766804, 8.082193, 9.273061, 103391013934.419891
14.797888, 8.123540, 9.235619, 103391014018.096497
14.840297, 8.193453, 9.228659, 103391014101.496506
14.888741, 8.255384, 9.210155, 103391014184.666168
14.926746, 8.302555, 9.204480, 103391014267.605377
14.963579, 8.343933, 9.186176, 103391014350.406326
14.997762, 8.393052, 9.147593, 103391014433.068970
15.038462, 8.440264, 9.106200, 103391014515.777893
15.078912, 8.480158, 9.077579, 103391014598.717056
15.114167, 8.520735, 9.065327, 103391014681.794540
15.157114, 8.581449, 9.062698, 103391014765.148300
15.202422, 8.666371, 9.062114, 103391014848.455902
15.235210, 8.752550, 9.048265, 103391014931.809860
15.284416, 8.839017, 9.033698, 103391015015.670425
15.327737, 8.925798, 9.037902, 103391015099.946121
15.362789, 9.001660, 9.046160, 103391015184.175644
15.390836, 9.079814, 9.049106, 103391015267.897873
15.434153, 9.159901, 9.039735, 103391015351.344070
15.461782, 9.224364, 9.038242, 103391015434.513916
15.495194, 9.264553, 9.043755, 103391015517.453293
15.528081, 9.306239, 9.046396, 103391015600.392395
15.557027, 9.351611, 9.043586, 103391015683.331696
15.598478, 9.415826, 9.040351, 103391015766.409393
15.619696, 9.475408, 9.041644, 103391015849.486740
15.642921, 9.526870, 9.035327, 103391015932.748291
15.655323, 9.570464, 9.021091, 103391016016.148224
15.665907, 9.615318, 8.985584, 103391016099.778702
15.674597, 9.658375, 8.943736, 103391016183.455063
15.671935, 9.694188, 8.903009, 103391016267.039276
15.671585, 9.741715, 8.876189, 103391016350.347290
15.670407, 9.794547, 8.855464, 103391016433.516830
15.694003, 9.857973, 8.841342, 103391016516.732407
15.707637, 9.907522, 8.823875, 103391016599.625320
15.716661, 9.950653, 8.794337, 103391016682.288208
15.735805, 9.987044, 8.749813, 103391016764.859146
15.759914, 10.027588, 8.705783, 103391016847.522064
15.800073, 10.077448, 8.676764, 103391016930.691711
15.818221, 10.133725, 8.668414, 103391017014.137802
15.821149, 10.207368, 8.656635, 103391017097.860489
15.822727, 10.274158, 8.638195, 103391017181.721329
15.824635, 10.327948, 8.611281, 103391017265.674377
15.835244, 10.378955, 8.576777, 103391017349.765350
15.827953, 10.424248, 8.538501, 103391017433.764420
15.821536, 10.491308, 8.506556, 103391017517.671356
15.810238, 10.559269, 8.485603, 103391017601.117630
15.796387, 10.639723, 8.465820, 103391017684.241257
15.799541, 10.705910, 8.435004, 103391017767.134399
15.793432, 10.740535, 8.413248, 103391017849.751282
15.803229, 10.768537, 8.378746, 103391017932.367950
15.819353, 10.792829, 8.353024, 103391018015.123215
15.829878, 10.839374, 8.324404, 103391018097.924225
15.839847, 10.894175, 8.311511, 103391018181.139908
15.836734, 10.957335, 8.301376, 103391018264.263443
15.823252, 11.016124, 8.283646, 103391018347.525284
15.821150, 11.073109, 8.251182, 103391018431.063370
15.818905, 11.111079, 8.201660, 103391018514.693787
15.820272, 11.156292, 8.163095, 103391018598.600891
15.804302, 11.202571, 8.135150, 103391018682.138794
15.775135, 11.271482, 8.115855, 103391018765.308655
15.767062, 11.347252, 8.095269, 103391018848.386154
15.758703, 11.420212, 8.082995, 103391018931.233170
15.742388, 11.480392, 8.045065, 103391019013.988129
15.742634, 11.527038, 8.000646, 103391019096.881378
15.742659, 11.575614, 7.965060, 103391019179.820541
15.747942, 11.619261, 7.947950, 103391019262.805618
15.745227, 11.672615, 7.932692, 103391019345.883102
15.729291, 11.724670, 7.924938, 103391019428.868896
15.707162, 11.774743, 7.910039, 103391019511.762054
15.684533, 11.827606, 7.884313, 103391019594.609344
15.663770, 11.876101, 7.840078, 103391019677.594757
15.648957, 11.936417, 7.798803, 103391019760.764267
15.628483, 12.004373, 7.787297, 103391019844.118134
15.590849, 12.084916, 7.786759, 103391019927.103439
15.557501, 12.179099, 7.795105, 103391020010.042404
15.521150, 12.274495, 7.793511, 103391020092.889496
15.485280, 12.350644, 7.778226, 103391020175.644623
15.450572, 12.437270, 7.765553, 103391020258.399658
15.425799, 12.524832, 7.774578, 103391020341.246643
15.404569, 12.594666, 7.788308, 103391020424.416077
15.376402, 12.664580, 7.789619, 103391020507.769974
15.330656, 12.745464, 7.772019, 103391020591.446335
15.292290, 12.807784, 7.773508, 103391020675.261154
15.252221, 12.860005, 7.767108, 103391020759.260117
15.211848, 12.906821, 7.776696, 103391020843.581863
15.172855, 12.975737, 7.772936, 103391020928.364120
15.111335, 13.032120, 7.774658, 103391021012.639740
15.050743, 13.085086, 7.770052, 103391021096.638794
15.003890, 13.149377, 7.755147, 103391021180.315308
14.958772, 13.191990, 7.715508, 103391021263.392700
14.938753, 13.230367, 7.673057, 103391021346.423782
14.931125, 13.268272, 7.642663, 103391021429.455048
14.928857, 13.314351, 7.621502, 103391021512.809280
14.900249, 13.377142, 7.597533, 103391021596.393448
14.851810, 13.429943, 7.582850, 103391021679.793457
14.807159, 13.472331, 7.572408, 103391021763.101425
14.781034, 13.509102, 7.551273, 103391021846.363586
14.746762, 13.541318, 7.512358, 103391021929.579285
14.710874, 13.569576, 7.468522, 103391022012.979309
14.672345, 13.579613, 7.440394, 103391022096.241241
14.588197, 13.607475, 7.405602, 103391022178.950119
14.520214, 13.652719, 7.383354, 103391022261.520966
14.475303, 13.701815, 7.352246, 103391022344.183456
14.437083, 13.732100, 7.331556, 103391022426.708237
14.412744, 13.767478, 7.294118, 103391022509.417007
14.409605, 13.787215, 7.270884, 103391022592.310059
14.393774, 13.828988, 7.241033, 103391022675.479797
14.358641, 13.858844, 7.228700, 103391022758.695648
14.299426, 13.888922, 7.212671, 103391022842.095856
14.239270, 13.922503, 7.188713, 103391022925.634308
14.174322, 13.955967, 7.142521, 103391023009.126892
14.105328, 13.991733, 7.112479, 103391023092.665421
14.031865, 14.040316, 7.096787, 103391023176.111542
13.932758, 14.078178, 7.086056, 103391023259.189117
13.813618, 14.137799, 7.081432, 103391023342.220428
13.697470, 14.191134, 7.049607, 103391023425.113617
13.629333, 14.219012, 7.036034, 103391023507.730606
13.605344, 14.227036, 7.083167, 103391023590.209167
13.558221, 14.274097, 7.088465, 103391023672.964355
13.477598, 14.318756, 7.086742, 103391023755.811493
13.384212, 14.343358, 7.076125, 103391023838.981064
13.312744, 14.364146, 7.074010, 103391023922.657867
13.256427, 14.377758, 7.072896, 103391024006.657089
13.211368, 14.383736, 7.081579, 103391024091.117020
13.132835, 14.401203, 7.078520, 103391024175.853348
13.050611, 14.398108, 7.069211, 103391024259.990692
12.971437, 14.405239, 7.068047, 103391024343.897751
12.915492, 14.413612, 7.056891, 103391024427.344025
12.870172, 14.419881, 7.030621, 103391024510.421555
12.826787, 14.447601, 6.992595, 103391024593.591232
12.791507, 14.477578, 6.956253, 103391024676.668961
12.755645, 14.503555, 6.927947, 103391024759.884720
12.707667, 14.535719, 6.900771, 103391024843.284882
12.657312, 14.556363, 6.895005, 103391024926.777161
12.590343, 14.559765, 6.875672, 103391025010.177292
12.532188, 14.561448, 6.846823, 103391025093.577576
12.480272, 14.570543, 6.802298, 103391025177.069504
12.444008, 14.566825, 6.760241, 103391025260.331558
12.397083, 14.571371, 6.731444, 103391025343.639618
12.327488, 14.574596, 6.714283, 103391025426.717285
12.247963, 14.581844, 6.698513, 103391025509.564377
12.180917, 14.592437, 6.665286, 103391025592.227341
12.122856, 14.596914, 6.614557, 103391025674.659927
12.088470, 14.605052, 6.576225, 103391025757.000137
12.061391, 14.632005, 6.560179, 103391025839.570847
11.999184, 14.654082, 6.531940, 103391025922.325974
11.941286, 14.674013, 6.521470, 103391026005.541946
11.873917, 14.675903, 6.509675, 103391026088.758118
11.819710, 14.668533, 6.486892, 103391026172.066238
11.771585, 14.666110, 6.443885, 103391026255.512299
11.724399, 14.670078, 6.400713, 103391026339.097061
11.663618, 14.671403, 6.371943, 103391026422.635651
11.584097, 14.675024, 6.349686, 103391026506.035751
11.487911, 14.690433, 6.327665, 103391026589.251556
11.412038, 14.697822, 6.274727, 103391026672.098404
11.365893, 14.696817, 6.232844, 103391026754.576797
11.327304, 14.703355, 6.193999, 103391026837.239716
11.296578, 14.727193, 6.181950, 103391026920.501724
11.239068, 14.749805, 6.162371, 103391027004.224640
11.185414, 14.751467, 6.152455, 103391027088.131729
11.129368, 14.747338, 6.141029, 103391027172.131088
11.083334, 14.742184, 6.101946, 103391027256.038040
11.041291, 14.740512, 6.050305, 103391027340.037033
10.991918, 14.742360, 6.011378, 103391027424.036240
10.939227, 14.745202, 5.994029, 103391027507.574539
10.874375, 14.735904, 5.982852, 103391027590.468002
10.813679, 14.747121, 5.963917, 103391027673.361435
10.769368, 14.757172, 5.927033, 103391027755.932159
10.732067, 14.743348, 5.879811, 103391027838.180237
10.674550, 14.756230, 5.836448, 103391027920.935303
10.626647, 14.770565, 5.809354, 103391028004.197266
10.556998, 14.773007, 5.798095, 103391028087.689789
10.475927, 14.771927, 5.789049, 103391028171.274460
10.391135, 14.769691, 5.777125, 103391028254.904892
10.337128, 14.759439, 5.743986, 103391028338.351074
10.286135, 14.754594, 5.707546, 103391028421.889557
10.233542, 14.742713, 5.671347, 103391028505.473770
10.178240, 14.729594, 5.636282, 103391028588.873947
10.102690, 14.705236, 5.619365, 103391028671.951675
10.028247, 14.690200, 5.598893, 103391028754.890900
9.948566, 14.683927, 5.575126, 103391028837.599945
9.899667, 14.674718, 5.552368, 103391028920.216904
9.851108, 14.669484, 5.507803, 103391029002.879791
9.795434, 14.664167, 5.480559, 103391029085.681030
9.722568, 14.655078, 5.454303, 103391029168.851074
9.647182, 14.628014, 5.452817, 103391029252.112808
9.575328, 14.574515, 5.453937, 103391029335.328568
9.484901, 14.537333, 5.437386, 103391029418.682739
9.398862, 14.493154, 5.412222, 103391029502.036972
9.329407, 14.436639, 5.418052, 103391029585.390961
9.257005, 14.375184, 5.427792, 103391029669.021729
9.190845, 14.315095, 5.438285, 103391029752.652496
9.127194, 14.255589, 5.450953, 103391029835.730042
9.080235, 14.199265, 5.455099, 103391029918.807602
9.013858, 14.148003, 5.450064, 103391030001.793289
8.953038, 14.090496, 5.439006, 103391030084.594467
8.887237, 14.032078, 5.422672, 103391030167.487747
8.799248, 13.978751, 5.432039, 103391030250.288925
8.746970, 13.917477, 5.449659, 103391030333.136108
8.673191, 13.862205, 5.455246, 103391030416.305756
8.621899, 13.793499, 5.461902, 103391030499.383438
8.570601, 13.728451, 5.455843, 103391030582.829926
8.533313, 13.658868, 5.450803, 103391030666.460464
8.488290, 13.589655, 5.438178, 103391030750.413788
8.448078, 13.511333, 5.443520, 103391030834.689392
8.413200, 13.422744, 5.441105, 103391030918.919098
8.385886, 13.329332, 5.443808, 103391031002.641754
8.353488, 13.242359, 5.449255, 103391031086.087982
8.336423, 13.177058, 5.446362, 103391031168.981567
8.312519, 13.115262, 5.440117, 103391031251.828735
8.273932, 13.061891, 5.439164, 103391031334.814026
8.235357, 13.011083, 5.438630, 103391031417.891800
8.191123, 12.950938, 5.443403, 103391031501.199875
8.163197, 12.873632, 5.436337, 103391031584.415726
8.146306, 12.800386, 5.431562, 103391031667.816162
8.128891, 12.729287, 5.426334, 103391031751.308670
8.121449, 12.678790, 5.402863, 103391031834.985245
8.111930, 12.621621, 5.364806, 103391031918.846344
8.115830, 12.573429, 5.321616, 103391032002.707520
8.111063, 12.519649, 5.282767, 103391032086.568298
8.115377, 12.450167, 5.267381, 103391032170.014587
8.119458, 12.380470, 5.246254, 103391032253.230392
8.114248, 12.303654, 5.219079, 103391032336.215912
8.116479, 12.240824, 5.168765, 103391032418.832993
8.108624, 12.203671, 5.139174, 103391032501.357834
8.085899, 12.169006, 5.106509, 103391032584.113083
8.058556, 12.116831, 5.084937, 103391032667.098511
8.034660, 12.046755, 5.066933, 103391032750.268372
8.031039, 11.956582, 5.048020, 103391032833.438431
8.028570, 11.878197, 5.014851, 103391032916.654327
8.026026, 11.819057, 4.975844, 103391033000.146713
8.008959, 11.764627, 4.928362, 103391033083.915512
7.998142, 11.715642, 4.892549, 103391033167.868881
8.002843, 11.654626, 4.873056, 103391033251.407455
8.004670, 11.580221, 4.858301, 103391033334.485306
7.995546, 11.525639, 4.840374, 103391033417.240494
7.993374, 11.481358, 4.812192, 103391033499.673157
7.984176, 11.447181, 4.767788, 103391033582.336151
7.963117, 11.404235, 4.728802, 103391033665.137436
7.945711, 11.344172, 4.699679, 103391033748.169067
7.926865, 11.270348, 4.680690, 103391033831.523407
7.936273, 11.195545, 4.658069, 103391033914.647247
7.942822, 11.136363, 4.621116, 103391033997.817184
7.939149, 11.080718, 4.574911, 103391034081.263535
7.941153, 11.025301, 4.533145, 103391034164.802322
7.952142, 10.966540, 4.506149, 103391034248.156540
7.953518, 10.882019, 4.485037, 103391034331.234314
7.946779, 10.814234, 4.477006, 103391034414.173828
7.936902, 10.759867, 4.448942, 103391034496.883072
7.944600, 10.712047, 4.422883, 103391034579.499893
7.926471, 10.672179, 4.378329, 103391034662.347260
7.905718, 10.617102, 4.347471, 103391034745.425064
7.879445, 10.548523, 4.325072, 103391034828.825165
7.868065, 10.466488, 4.309596, 103391034912.225357
7.866395, 10.395656, 4.288354, 103391034995.441452
7.874681, 10.333293, 4.246671, 103391035078.749664
7.882959, 10.284928, 4.198211, 103391035162.242126
7.872777, 10.234130, 4.149624, 103391035246.241547
7.884222, 10.172475, 4.122114, 103391035330.102570
7.903400, 10.114157, 4.108016, 103391035413.502670
7.903629, 10.060218, 4.093099, 103391035496.580399
7.908035, 10.012792, 4.069212, 103391035579.474030
7.903370, 9.964006, 4.032003, 103391035662.459610
7.893409, 9.912655, 3.986911, 103391035745.583466
7.882557, 9.864182, 3.952975, 103391035828.753510
7.876214, 9.817796, 3.964468, 103391035912.015411
7.876913, 9.746389, 3.935609, 103391035995.277222
7.881074, 9.686808, 3.917004, 103391036078.539246
7.875395, 9.637443, 3.881103, 103391036161.985626
7.868159, 9.577079, 3.832804, 103391036245.478073
7.863511, 9.516150, 3.789543, 103391036329.016724
7.858398, 9.448994, 3.758124, 103391036412.278793
7.857834, 9.370273, 3.737175, 103391036495.356567
7.849343, 9.295104, 3.717741, 103391036578.249939
7.847279, 9.230500, 3.685576, 103391036660.820587
7.853903, 9.196739, 3.647846, 103391036743.391373
7.840900, 9.155789, 3.608935, 103391036826.284790
7.829783, 9.108107, 3.584471, 103391036909.546936
7.812017, 9.041735, 3.564578, 103391036993.131439
7.816441, 8.971650, 3.548649, 103391037076.623734
7.819700, 8.907029, 3.523697, 103391037160.208191
7.816021, 8.852942, 3.476844, 103391037244.022934
7.814190, 8.790403, 3.427288, 103391037328.114487
7.818478, 8.725496, 3.388639, 103391037412.113708
7.825261, 8.658831, 3.368541, 103391037495.744217
7.826041, 8.588319, 3.354447, 103391037579.006409
7.830573, 8.513261, 3.330087, 103391037662.038086
7.833447, 8.462617, 3.290793, 103391037744.977631
7.833928, 8.416295, 3.254817, 103391037827.963303
7.821812, 8.355322, 3.216230, 103391037911.041122
7.819655, 8.295984, 3.194316, 103391037994.257095
7.822854, 8.232474, 3.184426, 103391038077.519135
7.829163, 8.172795, 3.166296, 103391038160.642746
7.837631, 8.126098, 3.139549, 103391038243.812469
7.840828, 8.076947, 3.095051, 103391038327.212799
7.835715, 8.023013, 3.052615, 103391038410.843353
7.832153, 7.957237, 3.016485, 103391038494.243668
7.836963, 7.890303, 2.999013, 103391038577.367493
7.825970, 7.826712, 2.987219, 103391038660.353027
7.819629, 7.770193, 2.963346, 103391038742.970261
7.821941, 7.722587, 2.922488, 103391038825.402893
7.812376, 7.673434, 2.873534, 103391038908.065903
7.799484, 7.622144, 2.828901, 103391038991.051727
7.787744, 7.558473, 2.815598, 103391039074.359665
7.779561, 7.489164, 2.801915, 103391039157.713745
7.789164, 7.428185, 2.782815, 103391039241.021500
7.787696, 7.368564, 2.756084, 103391039324.513977
7.785345, 7.302524, 2.702837, 103391039408.190918
7.786122, 7.234399, 2.661506, 103391039492.005829
7.797430, 7.159101, 2.638630, 103391039575.498322
7.807141, 7.070978, 2.617745, 103391039658.760422
7.807715, 6.997253, 2.599559, 103391039741.838257
7.802009, 6.933185, 2.564591, 103391039824.731705
7.797018, 6.885713, 2.522119, 103391039907.532837
7.784206, 6.834504, 2.478106, 103391039990.518341
7.761684, 6.776324, 2.447043, 103391040073.826370
7.748786, 6.701345, 2.428128, 103391040157.272415
7.752490, 6.634590, 2.420636, 103391040240.718582
7.761649, 6.574860, 2.398608, 103391040324.118942
7.770872, 6.501287, 2.372227, 103391040407.426956
7.778982, 6.424309, 2.326416, 103391040490.688766
7.775389, 6.347140, 2.294084, 103391040574.135193
7.782891, 6.241331, 2.273460, 103391040657.305054
7.786699, 6.131681, 2.261011, 103391040740.244644
7.781099, 6.018014, 2.259711, 103391040823.229965
7.782470, 5.928536, 2.253846, 103391040905.846817
7.779598, 5.855866, 2.244643, 103391040988.463501
7.744889, 5.797966, 2.208424, 103391041071.310959
7.719011, 5.729642, 2.169306, 103391041154.250214
7.704096, 5.680684, 2.132662, 103391041237.281738
7.683685, 5.591717, 2.118239, 103391041320.543747
7.660889, 5.472950, 2.116350, 103391041404.358536
7.644710, 5.356265, 2.116129, 103391041488.127625
7.639234, 5.246400, 2.119440, 103391041571.988571
7.625109, 5.153996, 2.112059, 103391041655.849457
7.623797, 5.052965, 2.106028, 103391041739.618240
7.623755, 4.947996, 2.107549, 103391041823.663666
7.603650, 4.828806, 2.110884, 103391041907.708969
7.591586, 4.719079, 2.109175, 103391041991.293701
7.569489, 4.617334, 2.106413, 103391042074.786194
7.556820, 4.514858, 2.098444, 103391042157.771652
7.543423, 4.424527, 2.094008, 103391042240.573029
7.507992, 4.339027, 2.106207, 103391042323.328171
7.484943, 4.246527, 2.107516, 103391042406.037323
7.460699, 4.151311, 2.115386, 103391042488.884552
7.451537, 4.067060, 2.128424, 103391042571.824158
7.438298, 3.984376, 2.123590, 103391042655.040421
7.425132, 3.896247, 2.105313, 103391042738.486954
7.405666, 3.801668, 2.095210, 103391042822.163681
7.387378, 3.724703, 2.098422, 103391042906.024658
7.366105, 3.641713, 2.106920, 103391042990.070038
7.343043, 3.533682, 2.102636, 103391043073.839035
7.318767, 3.435611, 2.105463, 103391043157.469711
7.283863, 3.347322, 2.100508, 103391043240.962234
7.266996, 3.275496, 2.097611, 103391043324.040054
7.237082, 3.213575, 2.093667, 103391043407.025681
7.190722, 3.157855, 2.099824, 103391043489.965057
7.173868, 3.095745, 2.112236, 103391043572.812500
7.131996, 3.026956, 2.116987, 103391043655.798141
7.083437, 2.962945, 2.113447, 103391043739.060440
7.037012, 2.897138, 2.108488, 103391043822.691147
6.993714, 2.832779, 2.097526, 103391043906.552078
6.956979, 2.772686, 2.089352, 103391043990.413330
6.912817, 2.711270, 2.098408, 103391044074.412613
6.852800, 2.662776, 2.102211, 103391044158.550217
6.794033, 2.605446, 2.104292, 103391044242.503632
6.724992, 2.565849, 2.104402, 103391044326.318588
6.654078, 2.537060, 2.098970, 103391044409.857285
6.588735, 2.508177, 2.093487, 103391044492.842850
6.518683, 2.486980, 2.086496, 103391044575.505859
6.442204, 2.459964, 2.093269, 103391044657.846436
6.375895, 2.457060, 2.098280, 103391044740.048904
6.309770, 2.471300, 2.099145, 103391044822.435776
6.242970, 2.483076, 2.106775, 103391044904.960434
6.178774, 2.498869, 2.115797, 103391044987.807846
6.110854, 2.507017, 2.105553, 103391045070.701523
6.040520, 2.494928, 2.093985, 103391045153.272476
5.981895, 2.483366, 2.086654, 103391045235.658936
5.915393, 2.466200, 2.088301, 103391045317.999283
5.842296, 2.455395, 2.094162, 103391045400.570251
5.771636, 2.462364, 2.095182, 103391045483.141159
5.711743, 2.450264, 2.096368, 103391045565.251373
5.664572, 2.452930, 2.104043, 103391045647.315552
5.626590, 2.468860, 2.107095, 103391045729.471924
5.592252, 2.481679, 2.094100, 103391045811.766571
5.560207, 2.519494, 2.087539, 103391045894.245422
5.532681, 2.552644, 2.093106, 103391045977.046646
5.511321, 2.595564, 2.103560, 103391046060.354553
5.469326, 2.634110, 2.100823, 103391046144.307770
5.422609, 2.652761, 2.100234, 103391046228.860046
5.384472, 2.669501, 2.102005, 103391046313.734634
5.366416, 2.678907, 2.099741, 103391046398.655731
5.349448, 2.683438, 2.105474, 103391046483.530548
5.332228, 2.674864, 2.108512, 103391046568.221100
5.312270, 2.648463, 2.101996, 103391046652.727493
5.309296, 2.628791, 2.105268, 103391046736.819077
5.309223, 2.626577, 2.108790, 103391046820.634247
5.310457, 2.621781, 2.111530, 103391046904.310974
5.306494, 2.618048, 2.113388, 103391046988.033737
5.299728, 2.608718, 2.111726, 103391047071.480301
5.302742, 2.602730, 2.115530, 103391047154.696381
5.305926, 2.605091, 2.115748, 103391047237.866425
5.318155, 2.606477, 2.116560, 103391047321.036423
5.321115, 2.608621, 2.116566, 103391047404.068298
5.322681, 2.605503, 2.112762, 103391047487.008072
5.328864, 2.608306, 2.115546, 103391047569.855270
5.341315, 2.606576, 2.113462, 103391047652.564575
5.344266, 2.611417, 2.114248, 103391047735.412048
5.341521, 2.611743, 2.111007, 103391047818.305359
5.328782, 2.615338, 2.111411, 103391047901.521332
5.323528, 2.623048, 2.108972, 103391047984.783386
5.323754, 2.635031, 2.109798, 103391048067.815460
5.323226, 2.655139, 2.108846, 103391048150.755005
5.315625, 2.664477, 2.102283, 103391048233.694473
5.322503, 2.667373, 2.106555, 103391048316.634232
5.311296, 2.660595, 2.096272, 103391048399.574036
5.299222, 2.643331, 2.091119, 103391048482.329224
5.292346, 2.627356, 2.096985, 103391048564.946564
5.280710, 2.616208, 2.102417, 103391048647.563980
5.265138, 2.603601, 2.101532, 103391048730.226913
5.252458, 2.606161, 2.106095, 103391048812.797974
5.234677, 2.610411, 2.102302, 103391048895.415131
5.206791, 2.605583, 2.100204, 103391048978.262619
5.185329, 2.600095, 2.103051, 103391049061.294647
5.165114, 2.592525, 2.101481, 103391049144.556854
5.143473, 2.592559, 2.104261, 103391049228.049316
5.120818, 2.580822, 2.109359, 103391049311.680054
5.106125, 2.575082, 2.101052, 103391049395.403137
5.089418, 2.570420, 2.105758, 103391049479.264374
5.084199, 2.559341, 2.098274, 103391049563.217804
5.079309, 2.548157, 2.102427, 103391049647.217377
5.086642, 2.530207, 2.096677, 103391049731.263031
5.106835, 2.517232, 2.076396, 103391049815.262589
5.119204, 2.511587, 2.079577, 103391049899.262238
5.135830, 2.508060, 2.100572, 103391049983.261642
5.157174, 2.506220, 2.102290, 103391050067.307343
5.176920, 2.511846, 2.105314, 103391050151.352890
5.198385, 2.519761, 2.113613, 103391050235.260239
5.220497, 2.524587, 2.109300, 103391050318.891190
5.244262, 2.523309, 2.104406, 103391050402.337433
5.264567, 2.531863, 2.099197, 103391050485.553482
5.289553, 2.523176, 2.108143, 103391050568.631424
5.308634, 2.508031, 2.100981, 103391050651.571075
5.327004, 2.491469, 2.096645, 103391050734.372528
5.334994, 2.481381, 2.106020, 103391050817.035995
5.335759, 2.471009, 2.104900, 103391050899.468719
5.326728, 2.468578, 2.096726, 103391050981.717117
5.307945, 2.466614, 2.098420, 103391051063.827515
5.287180, 2.466952, 2.104087, 103391051146.075943
5.261004, 2.477846, 2.122954, 103391051228.232101
5.241940, 2.484001, 2.117734, 103391051310.618958
5.211736, 2.497468, 2.116949, 103391051393.236130
5.203450, 2.512145, 2.119158, 103391051475.945297
5.186269, 2.508772, 2.115375, 103391051559.023163
5.168993, 2.499902, 2.114123, 103391051642.423615
5.153061, 2.493351, 2.114248, 103391051726.146637
5.142846, 2.484704, 2.110368, 103391051810.192261
5.136484, 2.479234, 2.110256, 103391051894.330109
5.136254, 2.481413, 2.111035, 103391051978.467911
5.134605, 2.477675, 2.110936, 103391052062.513458
5.137244, 2.480677, 2.107338, 103391052146.605255
5.141499, 2.476352, 2.109815, 103391052230.604477
5.143739, 2.471465, 2.106646, 103391052314.649750
5.148971, 2.466625, 2.107546, 103391052398.603088
5.157441, 2.462171, 2.107756, 103391052482.464142
5.167658, 2.459312, 2.105601, 103391052566.048538
5.179949, 2.458833, 2.104951, 103391052649.402542
5.186032, 2.460941, 2.108142, 103391052732.572433
5.196519, 2.461378, 2.107022, 103391052815.742172
5.204102, 2.464279, 2.107616, 103391052898.773819
5.210575, 2.467903, 2.105291, 103391052981.805862
5.223785, 2.462403, 2.103898, 103391053064.791321
5.226876, 2.462444, 2.106364, 103391053147.776993
5.235438, 2.461194, 2.106558, 103391053230.854919
5.242705, 2.459203, 2.103640, 103391053313.932739
5.246955, 2.455703, 2.108390, 103391053397.010605
5.257113, 2.452941, 2.105250, 103391053480.134720
5.260768, 2.449504, 2.105416, 103391053563.304718
5.267352, 2.441653, 2.098531, 103391053646.428848
5.264711, 2.433336, 2.109657, 103391053729.599106
5.268131, 2.429004, 2.106780, 103391053812.769409
5.270562, 2.422817, 2.107611, 103391053895.801041
5.270041, 2.423603, 2.105509, 103391053978.740707
5.265673, 2.419891, 2.101569, 103391054061.634430
5.267626, 2.412388, 2.101589, 103391054144.573990
5.270401, 2.403621, 2.093078, 103391054227.559875
5.268428, 2.392705, 2.093261, 103391054310.684097
5.273843, 2.381950, 2.091838, 103391054393.900208
5.277692, 2.373055, 2.088494, 103391054477.208313
5.278444, 2.358231, 2.088085, 103391054560.562866
5.287562, 2.343066, 2.075303, 103391054643.917236
5.280625, 2.334106, 2.073760, 103391054727.179382
5.283591, 2.326380, 2.066149, 103391054810.349487
5.285176, 2.315082, 2.061880, 103391054893.473572
5.288620, 2.305522, 2.059818, 103391054976.551575
5.301134, 2.292501, 2.051837, 103391055059.583481
5.300247, 2.285604, 2.052017, 103391055142.569382
5.307510, 2.295110, 2.052781, 103391055225.693176
5.302153, 2.304544, 2.064888, 103391055309.001373
5.301730, 2.322687, 2.073403, 103391055392.356033
5.303834, 2.359604, 2.072616, 103391055475.802689
5.307030, 2.394851, 2.083943, 103391055559.157059
5.318098, 2.426589, 2.089473, 103391055642.511551
5.331248, 2.463030, 2.090906, 103391055725.819794
5.348004, 2.495671, 2.085763, 103391055808.989548
5.363204, 2.523577, 2.086196, 103391055892.159378
5.372335, 2.540566, 2.078810, 103391055975.421356
5.381273, 2.561373, 2.084212, 103391056058.683563
5.390256, 2.587804, 2.081943, 103391056141.945679
5.388813, 2.598861, 2.082691, 103391056225.115356
5.387504, 2.606007, 2.081772, 103391056308.147156
5.389973, 2.611241, 2.078418, 103391056391.086899
5.389344, 2.609511, 2.077972, 103391056474.164474
5.385205, 2.601622, 2.075685, 103391056557.380249
5.377855, 2.590569, 2.081263, 103391056640.734604
5.374223, 2.586466, 2.075642, 103391056724.181152
5.373514, 2.583690, 2.075512, 103391056807.673859
5.369700, 2.582304, 2.081749, 103391056891.258942
5.364639, 2.582649, 2.078823, 103391056974.889908
5.366702, 2.583385, 2.075491, 103391057058.566711
5.374015, 2.579691, 2.077555, 103391057142.335754
5.369344, 2.573577, 2.070891, 103391057226.012848
5.364537, 2.568417, 2.073116, 103391057309.643692
5.363873, 2.562234, 2.074684, 103391057393.182236
5.366378, 2.559377, 2.063763, 103391057476.490753
5.368479, 2.557703, 2.075153, 103391057559.614838
5.370857, 2.566503, 2.067273, 103391057642.462341
5.384272, 2.576625, 2.067890, 103391057725.217896
5.398254, 2.579669, 2.058387, 103391057808.065323
5.408527, 2.588436, 2.061101, 103391057891.005051
5.406843, 2.593407, 2.062175, 103391057973.990967
5.410550, 2.601110, 2.064187, 103391058057.022949
5.406948, 2.606435, 2.071276, 103391058140.101196
5.396482, 2.612579, 2.074817, 103391058223.178925
5.401754, 2.625567, 2.070095, 103391058306.210709
5.412724, 2.638074, 2.068211, 103391058389.473221
5.412423, 2.638962, 2.078600, 103391058472.873840
5.416126, 2.631027, 2.077761, 103391058556.504822
5.417574, 2.617983, 2.079827, 103391058640.181793
5.408917, 2.613714, 2.078351, 103391058723.904602
5.396406, 2.606431, 2.078218, 103391058807.535202
5.386136, 2.605527, 2.077773, 103391058891.027695
5.370424, 2.602004, 2.080783, 103391058974.382141
5.361978, 2.600115, 2.076743, 103391059057.598267
5.353921, 2.594663, 2.076942, 103391059140.676163
5.346818, 2.590854, 2.071575, 103391059223.708084
5.346042, 2.587724, 2.074121, 103391059306.555481
5.335432, 2.583038, 2.074108, 103391059389.218552
5.321669, 2.573482, 2.083181, 103391059471.973953
5.309484, 2.547522, 2.079302, 103391059554.867508
5.296376, 2.524749, 2.090977, 103391059637.806900
5.290580, 2.505014, 2.091676, 103391059720.930954
5.272478, 2.487767, 2.087780, 103391059804.100891
5.262824, 2.473095, 2.084363, 103391059887.316910
5.247211, 2.459567, 2.087945, 103391059970.625153
5.238648, 2.451107, 2.081377, 103391060054.025604
5.234741, 2.443172, 2.075976, 103391060137.426315
5.233355, 2.439428, 2.077702, 103391060220.918991
5.234378, 2.437209, 2.075245, 103391060304.365570
5.238113, 2.440931, 2.070558, 103391060387.719757
5.234836, 2.439947, 2.082420, 103391060471.073944
5.236313, 2.439565, 2.080076, 103391060554.290161
5.234921, 2.437320, 2.080118, 103391060637.506393
5.227256, 2.436066, 2.083263, 103391060720.676315
5.225843, 2.424344, 2.081811, 103391060803.984680
5.222787, 2.416727, 2.074079, 103391060887.339066
5.220427, 2.411085, 2.070035, 103391060970.693466
5.216541, 2.403019, 2.069684, 103391061054.001846
5.213591, 2.402523, 2.072845, 103391061137.172089
5.212512, 2.397343, 2.070490, 103391061220.296280
5.207088, 2.395427, 2.073158, 103391061303.420395
5.207260, 2.390570, 2.079238, 103391061386.544449
5.208045, 2.388379, 2.078351, 103391061469.668488
5.208605, 2.389492, 2.073855, 103391061552.884796
5.209143, 2.385795, 2.077274, 103391061636.147308
5.207803, 2.389106, 2.076170, 103391061719.501709
5.206855, 2.389799, 2.078043, 103391061802.810333
5.206004, 2.392150, 2.077367, 103391061886.072815
5.203284, 2.393494, 2.077925, 103391061969.335541
5.200509, 2.394342, 2.079620, 103391062052.597977
5.198578, 2.400022, 2.080185, 103391062135.768021
5.194150, 2.404879, 2.080284, 103391062218.938293
5.193152, 2.406282, 2.081491, 103391062302.108276
5.186773, 2.403680, 2.082125, 103391062385.232178
5.186136, 2.400884, 2.076227, 103391062468.356277
5.186158, 2.404948, 2.076317, 103391062551.434204
5.185755, 2.405216, 2.076576, 103391062634.558243
5.183270, 2.406885, 2.074348, 103391062717.728500
5.179179, 2.403682, 2.079458, 103391062801.082947
5.170195, 2.391060, 2.079870, 103391062884.529465
5.160191, 2.384291, 2.079690, 103391062968.022110
5.147408, 2.366446, 2.074394, 103391063051.560989
5.138184, 2.353176, 2.070178, 103391063135.145844
5.125922, 2.336897, 2.063388, 103391063218.684631
5.116892, 2.326238, 2.062251, 103391063302.085251
5.112576, 2.320647, 2.061673, 103391063385.485687
5.111954, 2.318650, 2.062700, 103391063468.655930
5.115883, 2.324218, 2.072082, 103391063551.687805
5.111433, 2.330340, 2.070882, 103391063634.719940
5.114169, 2.335820, 2.070764, 103391063717.659515
5.118719, 2.341518, 2.068949, 103391063800.645508
5.128272, 2.343422, 2.065985, 103391063883.723343
5.134910, 2.344051, 2.060579, 103391063966.893616
5.137080, 2.340005, 2.064540, 103391064050.110153
5.139722, 2.337936, 2.059522, 103391064133.372482
5.142653, 2.340376, 2.065546, 103391064216.726974
5.146975, 2.342491, 2.061280, 103391064300.081406
5.149671, 2.343604, 2.066336, 103391064383.389618
5.153786, 2.345321, 2.065488, 103391064466.651688
5.155703, 2.350274, 2.069561, 103391064549.960098
5.158053, 2.349677, 2.059729, 103391064633.314453
5.159650, 2.349839, 2.061697, 103391064716.714890
5.162075, 2.351463, 2.062840, 103391064800.115631
5.159192, 2.354805, 2.059402, 103391064883.470154
5.161509, 2.353288, 2.058839, 103391064966.686646
5.162958, 2.351007, 2.057020, 103391065049.902893
5.163075, 2.355918, 2.061167, 103391065133.073105
5.163959, 2.362314, 2.062562, 103391065216.197266
5.163955, 2.359876, 2.063201, 103391065299.321289
5.165645, 2.361381, 2.062452, 103391065382.353287
5.165203, 2.362034, 2.062812, 103391065465.385269
5.167355, 2.364023, 2.061083, 103391065548.463211
5.168205, 2.366341, 2.063286, 103391065631.541183
5.168510, 2.370339, 2.064385, 103391065714.665405
5.172044, 2.369519, 2.068698, 103391065797.927658
5.170478, 2.372558, 2.069015, 103391065881.143890
5.170636, 2.371510, 2.065249, 103391065964.498611
5.167306, 2.372311, 2.066068, 103391066047.853424
5.173125, 2.372219, 2.069347, 103391066131.254135
5.175581, 2.372335, 2.072204, 103391066214.700653
5.174981, 2.370855, 2.071194, 103391066298.055054
5.179665, 2.373289, 2.067195, 103391066381.409805
5.177672, 2.374489, 2.065251, 103391066464.672028
5.178751, 2.372705, 2.070630, 103391066547.888611
5.179586, 2.370721, 2.069578, 103391066631.104767
5.180727, 2.374931, 2.069995, 103391066714.274826
5.179434, 2.376679, 2.068752, 103391066797.444901
5.177121, 2.377978, 2.066527, 103391066880.568878
5.175348, 2.379903, 2.066696, 103391066963.693069
5.177118, 2.383245, 2.070194, 103391067046.771057
5.172831, 2.383821, 2.070910, 103391067129.987228
5.173528, 2.381899, 2.070037, 103391067213.203461
5.175572, 2.378825, 2.067194, 103391067296.511871
5.176935, 2.377266, 2.066957, 103391067379.820419
5.175627, 2.372938, 2.066799, 103391067463.174866
5.178421, 2.372186, 2.058121, 103391067546.529449
5.181139, 2.372366, 2.059224, 103391067629.930038
5.185281, 2.368670, 2.060905, 103391067713.330872
5.179554, 2.370179, 2.070110, 103391067796.731628
5.183465, 2.368344, 2.057955, 103391067880.132217
5.185939, 2.371041, 2.058702, 103391067963.486816
5.182322, 2.370332, 2.060296, 103391068046.749084
5.183468, 2.370090, 2.057799, 103391068130.011566
5.181047, 2.367895, 2.061766, 103391068213.227905
5.182629, 2.365785, 2.055165, 103391068296.351913
5.179858, 2.367271, 2.056388, 103391068379.522125
5.177489, 2.368661, 2.053812, 103391068462.600296
5.172861, 2.367428, 2.066726, 103391068545.816452
5.170412, 2.368876, 2.069954, 103391068628.986572
5.166119, 2.371572, 2.066133, 103391068712.248993
5.164343, 2.371320, 2.065807, 103391068795.557404
5.168425, 2.370809, 2.068467, 103391068878.819717
5.162961, 2.370459, 2.065934, 103391068962.082306
5.161788, 2.373571, 2.070354, 103391069045.298508
5.156372, 2.375386, 2.066450, 103391069128.514648
5.154696, 2.375435, 2.068146, 103391069211.730850
5.146173, 2.376896, 2.069341, 103391069295.039169
5.145421, 2.375565, 2.069019, 103391069378.347580
5.141876, 2.378769, 2.070484, 103391069461.702026
5.134314, 2.380435, 2.067957, 103391069545.010452
5.130683, 2.383937, 2.069288, 103391069628.226669
5.124924, 2.381632, 2.070499, 103391069711.442932
5.121907, 2.381029, 2.065313, 103391069794.659286
5.121318, 2.379624, 2.066925, 103391069877.737320
5.119851, 2.382461, 2.068028, 103391069960.861420
5.117959, 2.391186, 2.071275, 103391070043.939423
5.113444, 2.393889, 2.069915, 103391070127.063705
5.119064, 2.401491, 2.066523, 103391070210.187912
5.118690, 2.400087, 2.070262, 103391070293.358215
5.116174, 2.402847, 2.071313, 103391070376.574600
5.110321, 2.405054, 2.069403, 103391070459.883072
5.109333, 2.401637, 2.068847, 103391070543.237625
5.105071, 2.407220, 2.069599, 103391070626.638092
5.097976, 2.415033, 2.072328, 103391070710.038635
5.097906, 2.419715, 2.071585, 103391070793.439163
5.105061, 2.420388, 2.074212, 103391070876.747742
5.113082, 2.422702, 2.078027, 103391070960.009949
5.122542, 2.424451, 2.073540, 103391071043.318497
5.132639, 2.425865, 2.072195, 103391071126.627014
5.139813, 2.423343, 2.071699, 103391071209.981537
5.143468, 2.420618, 2.073130, 103391071293.335831
5.149792, 2.421994, 2.072858, 103391071376.736465
