1523450069899.5955
9.743794, 2.669543, 2.044108, 1523450069899.5955
9.745932, 2.668428, 2.046649, 1523450069982.6768
9.746274, 2.672075, 2.050096, 1523450070065.7109
9.748491, 2.671309, 2.052773, 1523450070148.8835
9.749424, 2.674809, 2.053972, 1523450070232.2412
9.750909, 2.676405, 2.048479, 1523450070315.6438
9.744948, 2.67778, 2.050207, 1523450070399.1392
9.743891, 2.679597, 2.049263, 1523450070482.6804
9.744589, 2.684161, 2.051136, 1523450070566.1750
9.738115, 2.686885, 2.045718, 1523450070649.4854
9.720888, 2.69172, 2.02892, 1523450070732.7043
9.700959, 2.703743, 2.028715, 1523450070815.9695
9.70156, 2.707546, 2.03649, 1523450070899.2339
9.710473, 2.70342, 2.046929, 1523450070982.3601
9.719762, 2.703849, 2.049797, 1523450071065.5789
9.718292, 2.713038, 2.047569, 1523450071148.8435
9.714881, 2.719457, 2.046365, 1523450071232.1082
9.712547, 2.711323, 2.044117, 1523450071315.2812
9.71256, 2.717292, 2.046405, 1523450071398.5920
9.712128, 2.716125, 2.051018, 1523450071481.7649
9.71001, 2.710059, 2.053078, 1523450071564.8914
9.712477, 2.715309, 2.044691, 1523450071648.0176
9.711047, 2.716022, 2.04125, 1523450071731.2825
9.701756, 2.711833, 2.039853, 1523450071814.6858
9.70142, 2.711563, 2.040066, 1523450071898.0881
9.693499, 2.715295, 2.03144, 1523450071981.3992
9.695012, 2.714551, 2.030797, 1523450072064.6641
9.699759, 2.711365, 2.03919, 1523450072147.8826
9.704122, 2.710495, 2.038556, 1523450072231.0554
9.705092, 2.713188, 2.038952, 1523450072314.2275
9.707223, 2.712081, 2.046344, 1523450072397.3076
9.70903, 2.708747, 2.045298, 1523450072480.4341
9.708124, 2.701851, 2.044867, 1523450072563.5605
9.714276, 2.706172, 2.04904, 1523450072646.8245
9.716043, 2.70875, 2.036747, 1523450072730.1824
9.718075, 2.699227, 2.048036, 1523450072813.6313
9.717738, 2.700493, 2.047424, 1523450072897.1265
9.720461, 2.694071, 2.05158, 1523450072980.6216
9.726226, 2.693248, 2.04895, 1523450073064.2090
9.72715, 2.70229, 2.043374, 1523450073147.7510
9.735703, 2.701802, 2.054997, 1523450073231.1077
9.728065, 2.684611, 2.035999, 1523450073314.5098
9.730521, 2.68286, 2.046167, 1523450073397.6824
9.718531, 2.682564, 2.037384, 1523450073480.7625
9.704041, 2.67198, 2.037488, 1523450073563.7966
9.684775, 2.66619, 2.023067, 1523450073646.7852
9.658441, 2.652496, 2.017445, 1523450073729.7273
9.631047, 2.643104, 2.016313, 1523450073812.9458
9.593326, 2.648929, 2.000484, 1523450073896.4409
9.547367, 2.6606, 1.98813, 1523450073979.9817
9.502426, 2.683515, 1.986441, 1523450074063.6147
9.453498, 2.717648, 1.967712, 1523450074147.4790
9.400967, 2.764312, 1.963556, 1523450074231.3892
9.362324, 2.804829, 1.960743, 1523450074315.0686
9.316809, 2.854409, 1.958872, 1523450074398.3796
9.285867, 2.903934, 1.979341, 1523450074481.4136
9.252398, 2.955552, 1.989252, 1523450074564.3555
9.234184, 2.99527, 2.011557, 1523450074647.4363
9.214674, 3.038243, 2.01765, 1523450074730.9309
9.177895, 3.082265, 2.035336, 1523450074814.5640
9.139804, 3.118325, 2.011491, 1523450074898.1045
9.091475, 3.1628, 2.005879, 1523450074981.5073
9.029237, 3.207434, 1.996684, 1523450075064.8643
8.976804, 3.259701, 2.005942, 1523450075148.1750
8.937618, 3.316982, 2.01848, 1523450075231.8088
8.893554, 3.376441, 2.020247, 1523450075315.3503
8.851122, 3.433916, 2.030135, 1523450075398.4307
8.823939, 3.490542, 2.027607, 1523450075481.3728
8.798918, 3.562057, 2.011708, 1523450075564.0381
8.760884, 3.623436, 2.023068, 1523450075646.5198
8.749265, 3.710924, 2.014329, 1523450075728.8630
8.731205, 3.784078, 2.011325, 1523450075811.1140
8.7253, 3.856791, 2.015541, 1523450075893.4106
8.707766, 3.932063, 2.025965, 1523450075976.0762
8.685078, 4.007896, 2.031782, 1523450076059.0181
8.648471, 4.078288, 2.024918, 1523450076142.0522
8.621714, 4.174336, 2.017275, 1523450076225.2710
8.601596, 4.263124, 2.006196, 1523450076308.6738
8.561268, 4.353208, 2.000813, 1523450076392.2151
8.557323, 4.440919, 2.013225, 1523450076476.2173
8.559793, 4.532381, 2.019644, 1523450076560.6333
8.554267, 4.618569, 2.027798, 1523450076644.5896
8.547443, 4.70497, 2.028305, 1523450076728.1775
8.550843, 4.781797, 2.009269, 1523450076811.5801
8.545463, 4.889541, 1.997914, 1523450076894.4299
8.542892, 4.983416, 2.00353, 1523450076977.0032
8.548552, 5.087516, 2.002818, 1523450077059.4851
8.561145, 5.194296, 2.013379, 1523450077141.9202
8.553726, 5.286462, 2.014151, 1523450077224.4482
8.535796, 5.376127, 2.016331, 1523450077307.2056
8.520804, 5.476623, 2.015984, 1523450077390.3320
8.512927, 5.575438, 2.009199, 1523450077473.7815
8.501041, 5.673324, 2.010326, 1523450077557.5073
8.495847, 5.761208, 2.024999, 1523450077641.4631
8.480663, 5.842175, 2.072463, 1523450077725.6956
8.473985, 5.915837, 2.118525, 1523450077809.9741
8.469187, 5.984709, 2.161928, 1523450077893.9756
8.461619, 6.046814, 2.192421, 1523450077977.7009
8.463256, 6.112197, 2.209219, 1523450078061.1960
8.457395, 6.182558, 2.201211, 1523450078144.4148
8.449713, 6.256438, 2.188402, 1523450078227.2642
8.437146, 6.320024, 2.196542, 1523450078309.8840
8.433819, 6.373997, 2.211909, 1523450078392.2275
8.428848, 6.44963, 2.209308, 1523450078474.5244
8.434073, 6.530816, 2.214088, 1523450078557.0520
8.427794, 6.598937, 2.213246, 1523450078639.9021
8.415968, 6.662035, 2.213708, 1523450078723.0291
8.410571, 6.734133, 2.216649, 1523450078806.4783
8.39712, 6.808263, 2.231669, 1523450078890.1580
8.375535, 6.876944, 2.253485, 1523450078974.0676
8.372853, 6.94012, 2.27779, 1523450079058.1155
8.376842, 6.996054, 2.327708, 1523450079142.1638
8.375007, 7.041453, 2.364709, 1523450079226.0276
8.386085, 7.08242, 2.382615, 1523450079309.8904
8.39896, 7.13208, 2.372458, 1523450079393.4775
8.393287, 7.186396, 2.371814, 1523450079476.5579
8.394722, 7.246342, 2.394814, 1523450079559.4536
8.416283, 7.294071, 2.43299, 1523450079642.2112
8.420547, 7.335681, 2.476026, 1523450079724.6465
8.426966, 7.368663, 2.519748, 1523450079807.1736
8.431288, 7.409605, 2.550682, 1523450079889.8391
8.42028, 7.457949, 2.563685, 1523450079972.4126
8.404186, 7.509082, 2.552811, 1523450080055.2166
8.405025, 7.563314, 2.56542, 1523450080138.4812
8.402314, 7.619925, 2.582974, 1523450080221.9763
8.384616, 7.671578, 2.616114, 1523450080305.7483
8.387554, 7.715559, 2.655833, 1523450080389.9805
8.398538, 7.753096, 2.6976, 1523450080474.3052
8.403234, 7.785779, 2.737052, 1523450080558.3535
8.419059, 7.813616, 2.751453, 1523450080642.2632
8.431389, 7.853252, 2.758693, 1523450080726.0347
8.432504, 7.905765, 2.763949, 1523450080809.2532
8.434577, 7.953099, 2.777709, 1523450080892.1953
8.450378, 8.002472, 2.827663, 1523450080974.7227
8.443324, 8.043549, 2.868938, 1523450081056.6506
8.436059, 8.078282, 2.912069, 1523450081138.5791
8.425436, 8.118169, 2.938818, 1523450081220.7380
8.405926, 8.164932, 2.942429, 1523450081302.9888
8.390464, 8.208648, 2.924529, 1523450081385.7927
8.391864, 8.263736, 2.937242, 1523450081469.2415
8.391632, 8.317207, 2.949119, 1523450081553.1511
8.374187, 8.377819, 3.000719, 1523450081637.6143
8.376851, 8.421007, 3.049215, 1523450081722.3997
8.36644, 8.454526, 3.096825, 1523450081807.0012
8.359447, 8.486054, 3.1382, 1523450081891.2332
8.377625, 8.518205, 3.143065, 1523450081975.1431
8.376766, 8.560648, 3.137958, 1523450082058.5459
8.368919, 8.616855, 3.135162, 1523450082141.3496
8.37459, 8.685683, 3.132944, 1523450082224.0615
8.39702, 8.747558, 3.164346, 1523450082306.7732
8.409717, 8.791905, 3.226187, 1523450082389.0703
8.406767, 8.825644, 3.266345, 1523450082471.2751
8.41288, 8.859414, 3.299846, 1523450082553.7563
8.407314, 8.904099, 3.313043, 1523450082636.3757
8.387112, 8.955601, 3.299848, 1523450082719.0876
8.381035, 9.017578, 3.293898, 1523450082802.1216
8.371043, 9.083951, 3.297302, 1523450082885.3862
8.355834, 9.151902, 3.333613, 1523450082969.0659
8.360031, 9.20675, 3.380495, 1523450083053.3440
8.369902, 9.251241, 3.432716, 1523450083137.8530
8.36896, 9.28264, 3.477502, 1523450083221.9470
8.372018, 9.317735, 3.500845, 1523450083305.9031
8.385753, 9.361993, 3.498202, 1523450083389.6746
8.390446, 9.427289, 3.50238, 1523450083472.8469
8.394102, 9.482467, 3.511505, 1523450083555.7432
8.411396, 9.529773, 3.552029, 1523450083638.5007
8.410658, 9.570351, 3.596804, 1523450083720.8901
8.407755, 9.61072, 3.63992, 1523450083803.4180
8.414371, 9.653625, 3.674322, 1523450083886.1758
8.406146, 9.699075, 3.682216, 1523450083968.9795
8.397626, 9.750711, 3.67379, 1523450084051.9216
8.398741, 9.808047, 3.671491, 1523450084135.1865
8.399148, 9.864365, 3.684836, 1523450084218.7734
8.386789, 9.917479, 3.723622, 1523450084302.6372
8.392126, 9.959909, 3.770091, 1523450084386.8691
8.400672, 9.99698, 3.821754, 1523450084471.1938
8.396625, 10.023557, 3.861401, 1523450084555.1038
8.39903, 10.044986, 3.875278, 1523450084638.8293
8.405045, 10.082824, 3.869633, 1523450084722.2783
8.399671, 10.129051, 3.869336, 1523450084805.3589
8.405538, 10.184431, 3.874959, 1523450084888.3467
8.426168, 10.232786, 3.910599, 1523450084971.3352
8.439837, 10.274438, 3.959133, 1523450085053.9548
8.43269, 10.316054, 3.996912, 1523450085136.3899
8.427022, 10.359827, 4.031417, 1523450085218.9167
8.418094, 10.396536, 4.04287, 1523450085301.4905
8.404545, 10.436341, 4.037984, 1523450085384.2480
8.406665, 10.480288, 4.040998, 1523450085467.4666
8.404981, 10.534757, 4.054326, 1523450085551.0999
8.401533, 10.589211, 4.080471, 1523450085635.1477
8.408031, 10.642872, 4.123096, 1523450085719.7949
8.41728, 10.680008, 4.174399, 1523450085804.3496
8.412779, 10.70797, 4.22438, 1523450085888.3516
8.412852, 10.734262, 4.256954, 1523450085972.0776
8.415127, 10.766605, 4.263574, 1523450086055.5725
8.414088, 10.809602, 4.260095, 1523450086138.6064
8.409982, 10.862462, 4.264807, 1523450086221.3643
8.418287, 10.911129, 4.285979, 1523450086303.9839
8.41735, 10.959826, 4.334569, 1523450086386.3271
8.414014, 11.007624, 4.372337, 1523450086468.4399
8.415221, 11.052937, 4.407726, 1523450086550.6914
8.406651, 11.100525, 4.431809, 1523450086633.0806
8.398022, 11.155364, 4.434454, 1523450086715.5623
8.384358, 11.211843, 4.423457, 1523450086798.2285
8.378251, 11.274404, 4.422687, 1523450086881.4009
8.375857, 11.342801, 4.436896, 1523450086965.0806
8.366053, 11.408976, 4.476406, 1523450087049.2212
8.367632, 11.463371, 4.518484, 1523450087133.7759
8.371109, 11.504304, 4.567994, 1523450087218.3311
8.371164, 11.540786, 4.61219, 1523450087302.6094
8.377741, 11.579529, 4.619407, 1523450087386.6577
8.374677, 11.629399, 4.61645, 1523450087470.0605
8.363217, 11.684164, 4.613406, 1523450087552.7722
8.36756, 11.738776, 4.630738, 1523450087635.4377
8.379334, 11.79086, 4.67546, 1523450087718.0576
8.376854, 11.826015, 4.719258, 1523450087800.3081
8.377308, 11.860575, 4.782992, 1523450087882.6973
8.376693, 11.891471, 4.794677, 1523450087965.1328
8.36956, 11.937251, 4.797648, 1523450088047.7061
8.369854, 11.988051, 4.785535, 1523450088130.6941
8.372039, 12.037714, 4.791775, 1523450088214.0051
8.364677, 12.092728, 4.808393, 1523450088297.6846
8.355803, 12.153114, 4.85042, 1523450088381.7786
8.353351, 12.201309, 4.900082, 1523450088466.1492
8.350577, 12.240095, 4.947927, 1523450088550.4275
8.343238, 12.269937, 4.988029, 1523450088634.3374
8.339582, 12.30784, 4.998703, 1523450088717.9248
8.339707, 12.351449, 4.988372, 1523450088801.2815
8.342695, 12.409212, 4.997055, 1523450088884.3162
8.336848, 12.45921, 5.009604, 1523450088967.3042
8.345477, 12.51166, 5.037782, 1523450089050.3384
8.353677, 12.558686, 5.08558, 1523450089133.1887
8.347673, 12.594847, 5.124708, 1523450089215.9924
8.339727, 12.62244, 5.155134, 1523450089298.8884
8.329939, 12.658342, 5.15588, 1523450089381.7844
8.315233, 12.704916, 5.156569, 1523450089464.8184
8.305707, 12.760187, 5.15783, 1523450089548.0371
8.293163, 12.819643, 5.162393, 1523450089631.4399
8.273782, 12.882004, 5.178156, 1523450089715.1655
8.248679, 12.944228, 5.227807, 1523450089799.2136
8.236065, 12.989149, 5.271678, 1523450089883.4460
8.224173, 13.022071, 5.313224, 1523450089967.3557
8.209747, 13.051005, 5.353217, 1523450090050.7585
8.203694, 13.080159, 5.364487, 1523450090133.9771
8.188904, 13.126782, 5.356695, 1523450090217.1040
8.165647, 13.180615, 5.353724, 1523450090299.9075
8.127447, 13.237219, 5.344277, 1523450090382.4810
8.102561, 13.278983, 5.351492, 1523450090464.9160
8.080484, 13.321222, 5.363348, 1523450090547.2590
8.051826, 13.372097, 5.36632, 1523450090629.5557
8.011209, 13.421067, 5.367532, 1523450090712.0364
7.964414, 13.457084, 5.379414, 1523450090794.7483
7.913354, 13.498165, 5.368287, 1523450090877.8286
7.853498, 13.544394, 5.366672, 1523450090961.1853
7.796877, 13.579638, 5.361821, 1523450091044.7725
7.732562, 13.614891, 5.361712, 1523450091128.5437
7.654393, 13.651729, 5.364704, 1523450091212.4534
7.59367, 13.698047, 5.368863, 1523450091296.6399
7.541897, 13.7384, 5.374696, 1523450091380.8259
7.48125, 13.762641, 5.386456, 1523450091464.5510
7.420608, 13.791685, 5.3866, 1523450091548.1846
7.355309, 13.839282, 5.364342, 1523450091631.5413
7.2807, 13.876279, 5.359881, 1523450091714.5757
7.22637, 13.91, 5.359602, 1523450091797.4717
7.168756, 13.934893, 5.373118, 1523450091880.1372
7.117655, 13.952584, 5.381246, 1523450091962.6187
7.044812, 13.990826, 5.367909, 1523450092045.3308
6.979323, 14.023675, 5.381376, 1523450092128.4114
6.919685, 14.054087, 5.37392, 1523450092211.9062
6.838584, 14.077157, 5.368587, 1523450092295.6316
6.760767, 14.103252, 5.364941, 1523450092379.3569
6.677308, 14.1178, 5.371764, 1523450092463.0361
6.607159, 14.129964, 5.402184, 1523450092546.9460
6.529802, 14.149795, 5.433027, 1523450092631.3164
6.468432, 14.174536, 5.47824, 1523450092715.6411
6.420049, 14.186936, 5.517923, 1523450092799.6428
6.375394, 14.214706, 5.538731, 1523450092883.5068
6.321263, 14.23674, 5.540998, 1523450092966.9099
6.254496, 14.247578, 5.540372, 1523450093049.7134
6.19204, 14.263347, 5.552866, 1523450093132.2869
6.139899, 14.285108, 5.589847, 1523450093214.6758
6.088849, 14.296485, 5.624282, 1523450093296.7883
6.057198, 14.30513, 5.656604, 1523450093378.9929
6.018586, 14.314172, 5.682242, 1523450093461.5664
5.973716, 14.305857, 5.686751, 1523450093544.2322
5.923007, 14.291786, 5.684954, 1523450093626.9900
5.868754, 14.286242, 5.683577, 1523450093710.0701
5.803781, 14.276258, 5.694983, 1523450093793.6111
5.742856, 14.268013, 5.735828, 1523450093877.6130
5.691313, 14.26568, 5.785053, 1523450093962.1218
5.647806, 14.272997, 5.838035, 1523450094046.7688
5.615111, 14.269895, 5.883159, 1523450094131.0930
5.581289, 14.266043, 5.897501, 1523450094214.9106
5.528595, 14.262154, 5.885643, 1523450094298.2676
5.464491, 14.259872, 5.884237, 1523450094381.1633
5.409125, 14.273163, 5.904951, 1523450094463.8289
5.358764, 14.28395, 5.95364, 1523450094546.0337
5.328846, 14.288699, 5.997031, 1523450094628.1001
5.301357, 14.292377, 6.040293, 1523450094710.4434
5.259885, 14.296677, 6.058921, 1523450094793.0627
5.214045, 14.298458, 6.057761, 1523450094875.9128
5.159966, 14.302809, 6.054826, 1523450094959.0854
5.097717, 14.298567, 6.050757, 1523450095042.3960
5.030927, 14.28906, 6.070256, 1523450095125.9832
4.972126, 14.283536, 6.096111, 1523450095210.0312
4.926412, 14.287332, 6.147155, 1523450095294.4480
4.894087, 14.294868, 6.20144, 1523450095378.6802
4.863164, 14.301666, 6.240625, 1523450095462.5437
4.826851, 14.310312, 6.242761, 1523450095546.0850
4.769411, 14.313915, 6.238111, 1523450095629.1653
4.713349, 14.321584, 6.236786, 1523450095711.8770
4.653838, 14.34461, 6.260134, 1523450095794.4963
4.604834, 14.35806, 6.300564, 1523450095876.6550
4.579431, 14.362378, 6.365603, 1523450095958.7217
4.554383, 14.36475, 6.399659, 1523450096040.9724
4.514602, 14.355404, 6.410975, 1523450096123.4541
4.469603, 14.344637, 6.397146, 1523450096206.1194
4.422163, 14.335725, 6.390277, 1523450096289.0615
4.37016, 14.318306, 6.38823, 1523450096372.1880
4.307061, 14.295924, 6.399632, 1523450096455.8215
4.246557, 14.275489, 6.442107, 1523450096539.9619
4.191587, 14.270285, 6.493471, 1523450096624.6089
4.153373, 14.260696, 6.55265, 1523450096709.1638
4.12131, 14.250736, 6.579987, 1523450096793.3037
4.091934, 14.253636, 6.59674, 1523450096877.1213
4.031954, 14.248592, 6.584863, 1523450096960.5239
3.971389, 14.241802, 6.589014, 1523450097043.5581
3.907053, 14.250752, 6.617847, 1523450097126.4084
3.868259, 14.259742, 6.668199, 1523450097208.7976
3.83051, 14.26402, 6.713362, 1523450097291.1865
3.798754, 14.268661, 6.749014, 1523450097373.7139
3.765667, 14.259625, 6.765642, 1523450097456.3794
3.728478, 14.248315, 6.763129, 1523450097539.2295
3.678723, 14.233557, 6.750916, 1523450097622.2634
3.62163, 14.217199, 6.747043, 1523450097705.5740
3.558278, 14.195843, 6.75264, 1523450097789.1614
3.492571, 14.170176, 6.757675, 1523450097873.0249
3.429148, 14.148283, 6.789601, 1523450097957.1191
3.376757, 14.125791, 6.842132, 1523450098041.1667
3.347581, 14.110293, 6.908679, 1523450098124.9844
3.323043, 14.098829, 6.938461, 1523450098208.6638
3.28395, 14.106689, 6.932788, 1523450098292.7117
3.229957, 14.102947, 6.918525, 1523450098376.5754
3.173212, 14.07943, 6.915115, 1523450098459.8857
3.10466, 14.069689, 6.90169, 1523450098543.1499
3.024036, 14.078871, 6.90517, 1523450098626.4141
2.936782, 14.060194, 6.917261, 1523450098709.0796
2.875773, 14.029513, 6.924051, 1523450098791.1460
2.8104, 14.004154, 6.919939, 1523450098873.3967
2.737929, 13.978396, 6.917754, 1523450098955.7854
2.664165, 13.937494, 6.908901, 1523450099038.4971
2.582855, 13.889499, 6.899578, 1523450099121.7156
2.508382, 13.827076, 6.914095, 1523450099205.1643
2.440613, 13.77006, 6.935081, 1523450099288.8430
2.378086, 13.726405, 6.976749, 1523450099372.9832
2.329959, 13.697515, 7.02015, 1523450099457.1689
2.293358, 13.675607, 7.068233, 1523450099541.0322
2.259015, 13.660592, 7.102732, 1523450099624.7576
2.212987, 13.64037, 7.108397, 1523450099708.3445
2.168092, 13.602043, 7.112686, 1523450099791.4707
2.118978, 13.572352, 7.117599, 1523450099874.2742
2.069257, 13.551958, 7.150185, 1523450099956.8938
2.031783, 13.536072, 7.196723, 1523450100039.2368
1.993533, 13.509821, 7.231706, 1523450100121.5334
1.956922, 13.485234, 7.264201, 1523450100204.2446
1.92826, 13.44549, 7.270645, 1523450100286.9561
1.903057, 13.394239, 7.26939, 1523450100369.8518
1.879989, 13.346447, 7.274867, 1523450100453.0244
1.851632, 13.289626, 7.281473, 1523450100536.5190
1.821837, 13.223979, 7.301905, 1523450100620.3821
1.79371, 13.168852, 7.346447, 1523450100704.7065
1.785769, 13.148237, 7.401319, 1523450100789.2612
1.77377, 13.132895, 7.443879, 1523450100873.4473
1.763037, 13.106146, 7.470033, 1523450100957.2190
1.742037, 13.077602, 7.465584, 1523450101040.8057
1.713261, 13.0309, 7.450436, 1523450101124.0701
1.672946, 12.965353, 7.450617, 1523450101206.9658
1.622684, 12.900846, 7.455205, 1523450101289.7693
1.57221, 12.861481, 7.488669, 1523450101372.5728
1.548358, 12.825621, 7.540452, 1523450101454.9617
1.532898, 12.797149, 7.583997, 1523450101537.3503
1.520027, 12.774224, 7.62112, 1523450101619.9692
1.512385, 12.733398, 7.622618, 1523450101702.6804
1.503679, 12.694658, 7.622733, 1523450101785.6223
1.485755, 12.641597, 7.615421, 1523450101868.8867
1.472497, 12.584072, 7.607979, 1523450101952.3359
1.476284, 12.523301, 7.59793, 1523450102035.7842
1.480458, 12.431198, 7.601933, 1523450102119.2793
1.478095, 12.347089, 7.617121, 1523450102202.8203
1.451578, 12.271836, 7.624391, 1523450102286.8218
1.428707, 12.200929, 7.62717, 1523450102370.7773
1.413552, 12.126332, 7.625838, 1523450102454.5027
1.386484, 12.042011, 7.613324, 1523450102537.9976
1.360324, 11.955946, 7.603322, 1523450102621.2158
1.340316, 11.858176, 7.59608, 1523450102704.2036
1.317869, 11.779932, 7.613986, 1523450102787.0532
1.281579, 11.715076, 7.645084, 1523450102869.8572
1.259988, 11.65922, 7.687217, 1523450102952.4766
1.249146, 11.6133, 7.733226, 1523450103035.1418
1.249153, 11.584826, 7.766403, 1523450103118.0837
1.248276, 11.541596, 7.775519, 1523450103201.3481
1.24259, 11.490186, 7.776082, 1523450103284.8430
1.241474, 11.425559, 7.770474, 1523450103368.5220
1.244697, 11.344385, 7.762104, 1523450103452.1091
1.248926, 11.27161, 7.779349, 1523450103535.7881
1.242328, 11.209703, 7.816231, 1523450103619.8821
1.226129, 11.159523, 7.85994, 1523450103704.1602
1.213961, 11.121832, 7.90991, 1523450103788.1616
1.202549, 11.089131, 7.941209, 1523450103872.1172
1.180933, 11.052406, 7.950542, 1523450103955.9348
1.179633, 11.006636, 7.950837, 1523450104039.3374
1.184678, 10.933818, 7.959376, 1523450104122.2795
1.17272, 10.874529, 7.972545, 1523450104205.1292
1.149638, 10.828522, 8.012225, 1523450104287.7944
1.136697, 10.78607, 8.059896, 1523450104370.2756
1.123177, 10.752905, 8.105516, 1523450104452.8950
1.116823, 10.721965, 8.136348, 1523450104535.6062
1.125252, 10.670516, 8.143723, 1523450104618.3179
1.127377, 10.615462, 8.139182, 1523450104701.2600
1.1242, 10.547779, 8.136682, 1523450104784.3860
1.133286, 10.481701, 8.151496, 1523450104867.6506
1.14795, 10.421523, 8.18394, 1523450104951.3296
1.149453, 10.375534, 8.227297, 1523450105035.4697
1.146808, 10.344936, 8.285159, 1523450105119.7017
1.149802, 10.317604, 8.327006, 1523450105203.5190
1.138901, 10.29029, 8.338408, 1523450105287.1982
1.133013, 10.257198, 8.338073, 1523450105370.5544
1.130929, 10.202465, 8.340698, 1523450105453.4968
1.124221, 10.135606, 8.34287, 1523450105536.3003
1.106773, 10.086164, 8.375998, 1523450105619.0579
1.10146, 10.038072, 8.416752, 1523450105701.4929
1.102237, 9.994381, 8.461709, 1523450105783.8354
1.105993, 9.957689, 8.505612, 1523450105866.2708
1.12394, 9.913367, 8.519558, 1523450105948.6599
1.146063, 9.861811, 8.510859, 1523450106031.2329
1.160057, 9.802491, 8.510127, 1523450106114.2668
1.184345, 9.751236, 8.508084, 1523450106197.5774
1.218051, 9.681562, 8.516953, 1523450106281.0725
1.25737, 9.617734, 8.551933, 1523450106365.0283
1.286684, 9.568666, 8.603785, 1523450106449.3064
1.308607, 9.54254, 8.660372, 1523450106533.5847
1.327089, 9.51917, 8.700714, 1523450106617.4944
1.330469, 9.488785, 8.71601, 1523450106701.2656
1.339862, 9.447604, 8.718866, 1523450106784.7603
1.364285, 9.395779, 8.713341, 1523450106867.9788
1.385928, 9.325594, 8.708755, 1523450106951.1509
1.39503, 9.253078, 8.729825, 1523450107034.4153
1.408698, 9.198085, 8.773516, 1523450107117.4492
1.426065, 9.151998, 8.821859, 1523450107200.3911
1.434948, 9.11799, 8.873027, 1523450107283.4248
1.463827, 9.087201, 8.89694, 1523450107366.1824
1.507, 9.051169, 8.901222, 1523450107448.7554
1.537028, 9.008739, 8.896976, 1523450107531.5132
1.566243, 8.963058, 8.896238, 1523450107614.5474
1.608065, 8.903728, 8.886321, 1523450107697.8577
1.655316, 8.841099, 8.880011, 1523450107781.4907
1.701662, 8.775062, 8.895129, 1523450107865.4463
1.736262, 8.710939, 8.899992, 1523450107949.6321
1.771023, 8.647186, 8.906686, 1523450108033.6802
1.802879, 8.580244, 8.914192, 1523450108117.3594
1.834457, 8.514275, 8.909745, 1523450108200.7620
1.879778, 8.439768, 8.906549, 1523450108283.6582
1.919795, 8.367253, 8.910483, 1523450108366.2312
1.946873, 8.298515, 8.947766, 1523450108448.7124
1.966265, 8.244526, 8.98202, 1523450108531.0554
1.985693, 8.200684, 9.028381, 1523450108613.7207
2.003494, 8.177976, 9.065047, 1523450108696.5242
2.033817, 8.152566, 9.079384, 1523450108779.4199
2.067885, 8.121607, 9.077506, 1523450108862.4539
2.106296, 8.073381, 9.070925, 1523450108945.7183
2.149264, 8.033101, 9.067307, 1523450109029.2590
2.192298, 7.974079, 9.070446, 1523450109113.1687
2.229441, 7.921074, 9.102405, 1523450109197.4004
2.266367, 7.879307, 9.161545, 1523450109281.8630
2.292084, 7.84873, 9.219742, 1523450109366.2793
2.304762, 7.831515, 9.262237, 1523450109450.4192
2.322704, 7.80648, 9.283657, 1523450109534.4670
2.33051, 7.758956, 9.280018, 1523450109618.2844
2.358277, 7.710788, 9.263725, 1523450109701.5029
2.388623, 7.657876, 9.255968, 1523450109784.3523
2.41485, 7.588827, 9.265508, 1523450109867.1558
2.426954, 7.538937, 9.311682, 1523450109949.5908
2.442493, 7.493278, 9.366563, 1523450110031.7029
2.445471, 7.470375, 9.423871, 1523450110113.9536
2.459752, 7.443123, 9.444902, 1523450110196.2966
2.495753, 7.422935, 9.443131, 1523450110278.6851
2.53955, 7.395401, 9.429672, 1523450110361.3044
2.575291, 7.357449, 9.429875, 1523450110444.2463
2.625445, 7.317466, 9.426668, 1523450110527.5105
2.680648, 7.282171, 9.434933, 1523450110611.0056
2.740682, 7.252357, 9.487732, 1523450110694.8232
2.767181, 7.21766, 9.552266, 1523450110779.1477
2.781528, 7.197103, 9.608807, 1523450110863.4255
2.790012, 7.180234, 9.649971, 1523450110947.4734
2.802718, 7.152471, 9.653558, 1523450111031.4290
2.830535, 7.111218, 9.634668, 1523450111115.2002
2.870143, 7.069832, 9.636526, 1523450111198.3723
2.918768, 7.014342, 9.618356, 1523450111281.3604
2.948312, 6.956236, 9.621859, 1523450111364.2100
2.992349, 6.8989, 9.646385, 1523450111446.7368
3.040901, 6.866167, 9.663897, 1523450111528.9414
3.099006, 6.81768, 9.66887, 1523450111611.1919
3.150645, 6.790404, 9.677067, 1523450111693.4429
3.221547, 6.774981, 9.665883, 1523450111775.6472
3.288397, 6.747242, 9.663979, 1523450111858.3127
3.366781, 6.722624, 9.646512, 1523450111941.3923
3.45438, 6.7093, 9.651082, 1523450112024.7952
3.539324, 6.692447, 9.668133, 1523450112108.6587
3.614801, 6.652293, 9.667685, 1523450112192.9827
3.676998, 6.628286, 9.674978, 1523450112276.9385
3.744532, 6.608241, 9.67597, 1523450112360.4788
3.821083, 6.578298, 9.664771, 1523450112443.8813
3.912606, 6.542592, 9.646283, 1523450112527.0076
3.999438, 6.508382, 9.640146, 1523450112609.9492
4.068748, 6.471006, 9.645242, 1523450112692.8906
4.132335, 6.450027, 9.656616, 1523450112775.6482
4.208054, 6.430002, 9.666156, 1523450112858.6819
4.278143, 6.410919, 9.678112, 1523450112942.0845
4.34564, 6.400369, 9.681387, 1523450113025.7175
4.427598, 6.387139, 9.666836, 1523450113109.6729
4.516631, 6.375552, 9.655006, 1523450113193.8125
4.605773, 6.386463, 9.667304, 1523450113277.7681
4.719095, 6.391144, 9.650187, 1523450113361.8157
4.805643, 6.380841, 9.67125, 1523450113446.2319
4.87904, 6.373821, 9.670822, 1523450113530.2793
4.961771, 6.379866, 9.686081, 1523450113613.7280
5.038545, 6.375368, 9.673368, 1523450113696.9463
5.131733, 6.364125, 9.661127, 1523450113779.7957
5.230226, 6.355327, 9.65457, 1523450113862.4609
5.311961, 6.344895, 9.656301, 1523450113944.9419
5.391425, 6.346533, 9.659563, 1523450114027.1003
5.477726, 6.349569, 9.662341, 1523450114109.3965
5.555826, 6.342431, 9.684419, 1523450114192.1079
5.635215, 6.34825, 9.687524, 1523450114275.0957
5.721787, 6.358743, 9.68094, 1523450114358.3599
5.818659, 6.375988, 9.655463, 1523450114441.9470
5.90786, 6.407469, 9.650527, 1523450114525.5339
5.998817, 6.440632, 9.655947, 1523450114609.4434
6.083855, 6.442464, 9.663345, 1523450114693.8132
6.171826, 6.451479, 9.681377, 1523450114777.7229
6.263671, 6.462484, 9.684746, 1523450114861.1255
6.341434, 6.475883, 9.678145, 1523450114944.2976
6.414317, 6.485946, 9.66186, 1523450115027.1472
6.494921, 6.494952, 9.649403, 1523450115109.7661
6.575077, 6.497555, 9.676394, 1523450115192.2473
6.651794, 6.513394, 9.68876, 1523450115274.5439
6.725518, 6.53113, 9.696438, 1523450115357.0251
6.797209, 6.547707, 9.706559, 1523450115439.9668
6.875369, 6.568463, 9.702694, 1523450115523.4153
6.960214, 6.594633, 9.678927, 1523450115607.2322
7.055171, 6.618199, 9.665679, 1523450115691.2339
7.137047, 6.657112, 9.679871, 1523450115775.1892
7.225485, 6.684471, 9.681871, 1523450115859.3291
7.316539, 6.690583, 9.676985, 1523450115943.7915
7.404098, 6.704863, 9.682527, 1523450116027.8391
7.486228, 6.727936, 9.685766, 1523450116111.4260
7.564878, 6.743977, 9.679373, 1523450116194.6440
7.653757, 6.761447, 9.66042, 1523450116277.3555
7.737329, 6.771313, 9.662398, 1523450116359.8364
7.808822, 6.772758, 9.670603, 1523450116442.1794
7.904772, 6.770384, 9.679008, 1523450116524.8447
7.989424, 6.774152, 9.676053, 1523450116608.1548
8.061984, 6.765366, 9.684581, 1523450116691.7878
8.150488, 6.776213, 9.672707, 1523450116775.4663
8.23688, 6.772827, 9.664502, 1523450116859.2373
8.328326, 6.774994, 9.646784, 1523450116942.7781
8.403975, 6.773888, 9.66374, 1523450117026.2722
8.485805, 6.749309, 9.671272, 1523450117110.0894
8.566666, 6.723386, 9.669656, 1523450117193.8145
8.645073, 6.71142, 9.672256, 1523450117277.0786
8.714767, 6.684312, 9.662745, 1523450117360.0203
8.785107, 6.652252, 9.653962, 1523450117442.5933
8.865808, 6.617069, 9.645668, 1523450117524.8433
8.939491, 6.5759, 9.649469, 1523450117607.1401
8.999828, 6.529307, 9.669522, 1523450117689.5291
9.079305, 6.499668, 9.667533, 1523450117771.8716
9.155176, 6.476301, 9.67336, 1523450117854.4907
9.209765, 6.444227, 9.6797, 1523450117937.4321
9.285854, 6.427426, 9.67634, 1523450118020.4199
9.351895, 6.392526, 9.666073, 1523450118103.5920
9.438924, 6.372536, 9.659384, 1523450118186.7639
9.523206, 6.365776, 9.660029, 1523450118270.0281
9.606554, 6.356937, 9.680126, 1523450118353.4768
9.679255, 6.337162, 9.678041, 1523450118436.9250
9.762488, 6.332416, 9.676761, 1523450118519.9587
9.841077, 6.342925, 9.68374, 1523450118602.6699
9.914463, 6.335635, 9.672607, 1523450118685.3350
9.998034, 6.329154, 9.649287, 1523450118767.9077
10.075968, 6.332895, 9.639917, 1523450118850.5730
10.140822, 6.335278, 9.649877, 1523450118933.4688
10.202963, 6.343367, 9.654674, 1523450119016.3181
10.269849, 6.345727, 9.655664, 1523450119099.3979
10.318852, 6.357726, 9.669009, 1523450119182.9849
10.383852, 6.356044, 9.67145, 1523450119266.9861
10.447453, 6.365451, 9.667674, 1523450119351.3101
10.508322, 6.380143, 9.668674, 1523450119435.9563
10.576835, 6.399411, 9.653878, 1523450119520.8794
10.650154, 6.415679, 9.663233, 1523450119605.8479
10.729568, 6.440157, 9.677896, 1523450119690.3103
10.802713, 6.474214, 9.657314, 1523450119774.1736
10.867912, 6.491105, 9.673304, 1523450119857.8059
10.933474, 6.491823, 9.682258, 1523450119941.3467
11.013462, 6.501966, 9.667121, 1523450120024.8413
11.087087, 6.507702, 9.657123, 1523450120108.1973
11.162193, 6.498684, 9.658896, 1523450120191.5999
11.22639, 6.486003, 9.66863, 1523450120275.0022
11.286568, 6.470978, 9.682996, 1523450120358.3582
11.346354, 6.466076, 9.678846, 1523450120441.6685
11.406272, 6.453445, 9.690489, 1523450120525.3013
11.471605, 6.444562, 9.68844, 1523450120608.9797
11.53791, 6.434712, 9.67705, 1523450120692.5664
11.599849, 6.415211, 9.664303, 1523450120776.1531
11.680326, 6.395015, 9.655312, 1523450120859.4172
11.755976, 6.376887, 9.662024, 1523450120942.4048
11.8169, 6.344024, 9.690118, 1523450121025.7151
11.883821, 6.294947, 9.680846, 1523450121109.1631
11.949293, 6.254004, 9.670238, 1523450121192.1509
12.005182, 6.199188, 9.665164, 1523450121274.9541
12.053645, 6.14061, 9.661781, 1523450121357.3423
12.094506, 6.085539, 9.662827, 1523450121439.4546
12.118801, 6.024276, 9.663222, 1523450121521.5205
12.138835, 5.967159, 9.682712, 1523450121603.5405
12.160054, 5.901731, 9.688266, 1523450121685.7910
12.168644, 5.832401, 9.695975, 1523450121768.5017
12.193286, 5.762818, 9.690905, 1523450121851.4893
12.230521, 5.692299, 9.682418, 1523450121934.5232
12.262043, 5.609967, 9.665878, 1523450122017.6948
12.285425, 5.523602, 9.660269, 1523450122100.8206
12.308246, 5.454684, 9.675301, 1523450122184.1768
12.315701, 5.376321, 9.681, 1523450122267.9475
12.310037, 5.287346, 9.659904, 1523450122351.9490
12.318939, 5.203367, 9.683316, 1523450122435.6738
12.31658, 5.115347, 9.669182, 1523450122519.2139
12.301605, 5.041722, 9.666933, 1523450122602.5703
12.2888, 4.951799, 9.655384, 1523450122685.4194
12.275175, 4.864207, 9.665072, 1523450122767.9924
12.262454, 4.790757, 9.669597, 1523450122850.4270
12.239761, 4.710163, 9.674257, 1523450122933.1836
12.20225, 4.614803, 9.659935, 1523450123016.3093
12.184001, 4.537023, 9.643181, 1523450123099.6655
12.161122, 4.46814, 9.621336, 1523450123183.1135
12.129764, 4.377244, 9.623368, 1523450123266.5620
12.101863, 4.293435, 9.622148, 1523450123350.1487
12.064713, 4.215923, 9.643102, 1523450123434.1038
12.028503, 4.14107, 9.644562, 1523450123518.0591
12.001948, 4.052055, 9.652548, 1523450123601.5073
11.983538, 3.980591, 9.630113, 1523450123684.6792
11.934298, 3.905232, 9.652913, 1523450123767.7129
11.893222, 3.837161, 9.637438, 1523450123850.7004
11.839983, 3.756648, 9.628652, 1523450123933.6877
11.794571, 3.685145, 9.634692, 1523450124016.4910
11.75661, 3.611547, 9.662297, 1523450124099.1560
11.701033, 3.556325, 9.664838, 1523450124182.2817
11.643122, 3.497779, 9.671512, 1523450124265.7761
11.578815, 3.422805, 9.647067, 1523450124349.3164
11.510939, 3.353962, 9.63348, 1523450124433.1333
11.43924, 3.296953, 9.632549, 1523450124517.0422
11.370594, 3.22639, 9.637529, 1523450124600.9053
11.289249, 3.181181, 9.633393, 1523450124685.3210
11.201074, 3.143328, 9.643698, 1523450124769.5989
11.127114, 3.086937, 9.613029, 1523450124853.2771
11.044948, 3.04476, 9.612339, 1523450124936.4949
10.948957, 3.005808, 9.621485, 1523450125019.2981
10.865666, 2.97184, 9.596915, 1523450125101.9626
10.781868, 2.955391, 9.618381, 1523450125184.4431
10.70049, 2.923115, 9.62841, 1523450125266.6931
10.623028, 2.884847, 9.644482, 1523450125349.1277
10.546101, 2.857148, 9.645705, 1523450125432.1145
10.465228, 2.838366, 9.643263, 1523450125515.3789
10.374916, 2.80285, 9.630455, 1523450125598.8269
10.287221, 2.764474, 9.622524, 1523450125682.4133
10.21289, 2.729874, 9.630664, 1523450125766.2759
10.128479, 2.713205, 9.645998, 1523450125850.3694
10.030586, 2.674411, 9.648756, 1523450125934.0022
9.940434, 2.638033, 9.655453, 1523450126017.2197
9.847434, 2.60739, 9.6322, 1523450126100.1152
9.750009, 2.578862, 9.618518, 1523450126182.7341
9.65034, 2.566375, 9.604342, 1523450126265.3530
9.552494, 2.545744, 9.623712, 1523450126347.7412
9.466906, 2.527802, 9.630307, 1523450126429.9915
9.380027, 2.522688, 9.644342, 1523450126512.8867
9.297737, 2.51705, 9.653746, 1523450126596.3811
9.207314, 2.503292, 9.645162, 1523450126680.1514
9.115963, 2.480585, 9.615434, 1523450126764.0139
9.014997, 2.465187, 9.601759, 1523450126847.9229
8.925203, 2.434295, 9.580318, 1523450126931.8320
8.82989, 2.428599, 9.601072, 1523450127016.0637
8.741634, 2.436465, 9.617848, 1523450127100.3413
8.666041, 2.426877, 9.643971, 1523450127184.0198
8.573928, 2.420951, 9.640727, 1523450127267.1455
8.485365, 2.421107, 9.63, 1523450127349.7642
8.394658, 2.424782, 9.614045, 1523450127432.1987
8.307514, 2.438008, 9.625223, 1523450127514.7712
8.227169, 2.446585, 9.631448, 1523450127597.2515
8.148001, 2.43455, 9.637078, 1523450127679.6855
8.057824, 2.444887, 9.642847, 1523450127762.4426
7.964922, 2.437904, 9.636518, 1523450127845.5217
7.868512, 2.423626, 9.626237, 1523450127928.8774
7.772678, 2.426165, 9.599542, 1523450128012.6938
7.670453, 2.426518, 9.607835, 1523450128096.7407
7.579529, 2.411626, 9.621293, 1523450128180.9258
7.485356, 2.424122, 9.625067, 1523450128265.2954
7.384452, 2.427296, 9.631267, 1523450128349.3882
7.283379, 2.428584, 9.636283, 1523450128433.0664
7.191061, 2.422197, 9.619188, 1523450128516.2378
7.094364, 2.430223, 9.608368, 1523450128599.0867
6.999711, 2.452869, 9.584569, 1523450128681.9355
6.912502, 2.475787, 9.603546, 1523450128764.6921
6.846598, 2.475191, 9.63489, 1523450128847.1262
6.764183, 2.476509, 9.640832, 1523450128929.6982
6.675869, 2.481005, 9.645338, 1523450129012.7314
6.578685, 2.491098, 9.633755, 1523450129096.0869
6.482497, 2.508939, 9.613533, 1523450129179.7192
6.380304, 2.522455, 9.602602, 1523450129263.4434
6.270264, 2.527611, 9.609689, 1523450129347.1216
6.18229, 2.549306, 9.615261, 1523450129431.1685
6.105499, 2.597723, 9.629854, 1523450129515.6763
6.031876, 2.620717, 9.642872, 1523450129599.7231
5.952682, 2.629472, 9.63731, 1523450129683.3091
5.876418, 2.662278, 9.616471, 1523450129766.5266
5.80753, 2.69531, 9.612494, 1523450129849.3293
5.736856, 2.737055, 9.61866, 1523450129932.0398
5.672759, 2.781168, 9.633042, 1523450130014.7502
5.611906, 2.807498, 9.626692, 1523450130097.2302
5.54844, 2.844666, 9.642953, 1523450130180.0791
5.489682, 2.889957, 9.651359, 1523450130263.2964
5.418576, 2.922607, 9.644622, 1523450130346.5137
5.33098, 2.958318, 9.636049, 1523450130429.9155
5.263847, 2.997173, 9.627135, 1523450130513.5479
5.192804, 3.040158, 9.623441, 1523450130597.0876
5.124212, 3.069989, 9.635854, 1523450130680.8582
5.077136, 3.126711, 9.635204, 1523450130764.9048
5.012608, 3.183683, 9.624565, 1523450130848.6755
4.947272, 3.228437, 9.633904, 1523450130932.0310
4.885218, 3.282891, 9.626589, 1523450131015.0181
4.831701, 3.338654, 9.620948, 1523450131097.5442
4.784952, 3.397474, 9.622097, 1523450131179.9324
4.751765, 3.460631, 9.626711, 1523450131262.4587
4.725426, 3.537701, 9.655568, 1523450131344.9851
4.680535, 3.587221, 9.655843, 1523450131427.6956
4.642693, 3.644283, 9.667046, 1523450131510.8206
4.612299, 3.703154, 9.65644, 1523450131594.2222
4.560944, 3.773063, 9.652153, 1523450131677.7625
4.509948, 3.840607, 9.649188, 1523450131761.4404
4.463262, 3.897739, 9.639251, 1523450131845.0728
4.412545, 3.962912, 9.641998, 1523450131928.9351
4.380562, 4.022764, 9.65801, 1523450132013.1201
4.329885, 4.101555, 9.654519, 1523450132097.1213
4.283973, 4.169229, 9.650681, 1523450132180.6611
4.241679, 4.235626, 9.644554, 1523450132263.8784
4.211425, 4.306284, 9.642649, 1523450132346.8196
4.186794, 4.385194, 9.639068, 1523450132429.5759
4.163255, 4.457142, 9.626245, 1523450132512.4705
4.148877, 4.523016, 9.634332, 1523450132595.3652
4.128581, 4.586114, 9.662432, 1523450132678.1677
4.112848, 4.649576, 9.654856, 1523450132761.1086
4.107828, 4.713311, 9.671768, 1523450132844.5105
4.108799, 4.772119, 9.677381, 1523450132928.4187
4.095961, 4.83906, 9.655422, 1523450133012.3735
4.0899, 4.919921, 9.627876, 1523450133096.4202
4.075851, 5.004998, 9.62964, 1523450133180.2830
4.066531, 5.074389, 9.640545, 1523450133263.9148
4.068969, 5.141937, 9.658155, 1523450133347.5928
4.078155, 5.203967, 9.658548, 1523450133431.2253
4.084772, 5.26585, 9.66193, 1523450133514.3047
4.090342, 5.34161, 9.651037, 1523450133597.1069
4.114398, 5.407927, 9.650166, 1523450133679.7253
4.146873, 5.479995, 9.654214, 1523450133762.1594
4.192276, 5.544057, 9.636246, 1523450133844.6860
4.240626, 5.59316, 9.658298, 1523450133927.3044
4.287125, 5.646508, 9.66386, 1523450134010.0608
4.334254, 5.691096, 9.659056, 1523450134093.1399
4.385187, 5.741795, 9.66374, 1523450134176.7258
4.432456, 5.787081, 9.669527, 1523450134260.8188
4.488634, 5.834428, 9.660612, 1523450134344.9116
4.552733, 5.900701, 9.649823, 1523450134428.8660
4.605957, 5.96523, 9.634419, 1523450134512.5903
4.658777, 6.025501, 9.648323, 1523450134596.1763
4.711894, 6.071376, 9.658261, 1523450134679.9470
4.788517, 6.111668, 9.655972, 1523450134763.6711
4.859514, 6.156072, 9.66208, 1523450134846.9805
4.931671, 6.177722, 9.661347, 1523450134929.9211
5.006297, 6.205348, 9.655466, 1523450135012.4014
5.095137, 6.217885, 9.624295, 1523450135094.6047
5.166085, 6.226801, 9.647533, 1523450135176.5784
5.229482, 6.237365, 9.670841, 1523450135258.4595
5.29699, 6.251079, 9.683208, 1523450135340.4785
5.362858, 6.252129, 9.682176, 1523450135423.0510
5.432047, 6.268447, 9.679274, 1523450135505.9924
5.501231, 6.28307, 9.6802, 1523450135589.1633
5.579424, 6.300056, 9.671934, 1523450135672.5188
5.662192, 6.322805, 9.656182, 1523450135755.8740
5.740074, 6.342421, 9.653418, 1523450135839.3220
5.813704, 6.357284, 9.682631, 1523450135923.0923
5.886315, 6.362566, 9.688059, 1523450136007.1392
5.970412, 6.375719, 9.686987, 1523450136090.7251
6.049269, 6.388801, 9.690518, 1523450136173.8503
6.133337, 6.386405, 9.677761, 1523450136256.7913
6.208647, 6.378569, 9.667903, 1523450136339.4553
6.284708, 6.373081, 9.660658, 1523450136422.0737
6.357341, 6.354106, 9.672849, 1523450136504.7380
6.427192, 6.345342, 9.685397, 1523450136587.4482
6.511809, 6.34557, 9.667539, 1523450136670.1587
6.599695, 6.354881, 9.667317, 1523450136753.0996
6.679547, 6.365541, 9.668884, 1523450136836.2705
6.75231, 6.382445, 9.67074, 1523450136919.5801
6.812587, 6.407505, 9.656689, 1523450137003.2117
6.893636, 6.442417, 9.657379, 1523450137086.8896
6.960797, 6.479018, 9.669764, 1523450137170.7058
7.021622, 6.508144, 9.682577, 1523450137254.6604
7.087682, 6.542432, 9.672335, 1523450137338.7991
7.158874, 6.581384, 9.682265, 1523450137422.8000
7.212148, 6.626009, 9.679066, 1523450137506.4316
7.281472, 6.654643, 9.683102, 1523450137589.8333
7.357388, 6.675332, 9.672812, 1523450137673.2810
7.445049, 6.684369, 9.657885, 1523450137757.0049
7.526769, 6.676705, 9.671962, 1523450137841.0513
7.605082, 6.679949, 9.688823, 1523450137924.9600
7.680055, 6.702789, 9.694077, 1523450138008.6838
7.758788, 6.70833, 9.684727, 1523450138092.5464
7.836225, 6.71718, 9.689366, 1523450138176.3625
7.91783, 6.730917, 9.677527, 1523450138259.9480
8.007918, 6.744222, 9.668273, 1523450138343.3960
8.087673, 6.753103, 9.668415, 1523450138426.7053
8.165396, 6.76543, 9.675154, 1523450138509.8762
8.249602, 6.753644, 9.675904, 1523450138593.3237
8.340622, 6.738726, 9.680809, 1523450138676.6335
8.428596, 6.722511, 9.657498, 1523450138759.6204
8.516768, 6.706455, 9.653167, 1523450138842.1921
8.610848, 6.675479, 9.64938, 1523450138924.3496
8.691012, 6.641085, 9.653653, 1523450139006.3228
8.774854, 6.6051, 9.652134, 1523450139088.2036
8.853022, 6.579354, 9.659911, 1523450139169.9465
8.931099, 6.548197, 9.666841, 1523450139251.8733
9.002056, 6.517259, 9.676073, 1523450139334.1687
9.082294, 6.496803, 9.668885, 1523450139416.6948
9.169769, 6.464634, 9.645709, 1523450139499.5437
9.250178, 6.436902, 9.641532, 1523450139582.7144
9.343721, 6.420948, 9.644794, 1523450139665.8396
9.426658, 6.403253, 9.654193, 1523450139749.3789
9.496454, 6.36036, 9.663473, 1523450139833.3335
9.59338, 6.33059, 9.669973, 1523450139916.9648
9.66799, 6.319106, 9.687131, 1523450140000.0901
9.737904, 6.303729, 9.679311, 1523450140082.9387
9.820329, 6.291813, 9.668511, 1523450140165.4644
9.88918, 6.283768, 9.666063, 1523450140247.9443
9.959216, 6.275603, 9.668078, 1523450140330.5625
10.031885, 6.278461, 9.663284, 1523450140413.1804
10.111919, 6.283605, 9.665626, 1523450140496.0291
10.184759, 6.298994, 9.668101, 1523450140579.0620
10.248446, 6.309821, 9.674263, 1523450140662.5093
10.319126, 6.312634, 9.66412, 1523450140746.5564
10.402005, 6.334226, 9.651916, 1523450140830.8792
10.463942, 6.360449, 9.661609, 1523450140915.4788
10.520664, 6.380366, 9.677619, 1523450141000.2163
10.590348, 6.409743, 9.693359, 1523450141084.5396
10.657332, 6.439656, 9.696027, 1523450141168.6323
10.721061, 6.453976, 9.698971, 1523450141252.6785
10.800773, 6.479519, 9.688419, 1523450141336.5410
10.885859, 6.498095, 9.675241, 1523450141420.2646
10.971865, 6.507758, 9.67138, 1523450141503.8965
11.050255, 6.51276, 9.675735, 1523450141587.4817
11.131674, 6.552118, 9.680948, 1523450141670.5608
11.200777, 6.584358, 9.690516, 1523450141753.6858
11.278439, 6.600628, 9.687974, 1523450141837.0869
11.356219, 6.628648, 9.678677, 1523450141920.4424
11.434176, 6.666489, 9.667292, 1523450142003.5674
11.530931, 6.69507, 9.66069, 1523450142086.6921
11.615678, 6.733531, 9.657639, 1523450142169.6790
11.702338, 6.75808, 9.672638, 1523450142252.9424
11.795377, 6.766273, 9.679784, 1523450142336.5278
11.890669, 6.784451, 9.675236, 1523450142419.8372
11.974684, 6.810975, 9.674877, 1523450142502.7317
12.07043, 6.833067, 9.675883, 1523450142585.2114
12.16112, 6.848715, 9.66007, 1523450142667.4148
12.255318, 6.856263, 9.669108, 1523450142749.5259
12.342789, 6.873939, 9.678329, 1523450142831.4531
12.432555, 6.895201, 9.6913, 1523450142913.5183
12.517088, 6.910453, 9.708991, 1523450142995.9514
12.593687, 6.931623, 9.700125, 1523450143078.7078
12.680266, 6.95215, 9.688682, 1523450143161.9712
12.763886, 6.977148, 9.693658, 1523450143245.4644
12.838936, 7.022029, 9.699959, 1523450143329.0500
12.911978, 7.061056, 9.708158, 1523450143412.9585
13.002262, 7.083767, 9.703181, 1523450143497.0967
13.085325, 7.117951, 9.702563, 1523450143580.8206
13.168311, 7.150885, 9.702148, 1523450143664.2214
13.250882, 7.17861, 9.692572, 1523450143747.3923
13.336959, 7.202379, 9.681505, 1523450143830.2866
13.412635, 7.211564, 9.684184, 1523450143913.1809
13.497963, 7.232402, 9.72089, 1523450143995.9827
13.560415, 7.266405, 9.721848, 1523450144078.6929
13.638707, 7.300567, 9.720444, 1523450144161.6333
13.709222, 7.327322, 9.729088, 1523450144244.8958
13.779649, 7.349204, 9.717302, 1523450144328.7117
13.86197, 7.38404, 9.711205, 1523450144412.8042
13.925938, 7.428011, 9.697646, 1523450144497.0344
13.994351, 7.477867, 9.711235, 1523450144581.4954
14.061729, 7.530876, 9.701847, 1523450144666.0942
14.125181, 7.582284, 9.697726, 1523450144750.3252
14.176922, 7.647182, 9.709339, 1523450144833.8188
14.2145, 7.681777, 9.712782, 1523450144916.9436
14.249283, 7.702227, 9.715484, 1523450144999.8379
14.284545, 7.740925, 9.6976, 1523450145082.5479
14.315628, 7.756279, 9.666416, 1523450145165.2581
14.350846, 7.759766, 9.631072, 1523450145248.1982
14.391932, 7.758371, 9.576485, 1523450145331.4153
14.452928, 7.766911, 9.537271, 1523450145415.0469
14.512695, 7.774087, 9.521358, 1523450145498.8628
14.537121, 7.804247, 9.532475, 1523450145582.3101
14.560755, 7.831751, 9.519741, 1523450145665.8491
14.608099, 7.860831, 9.489588, 1523450145749.5271
14.640094, 7.898872, 9.445772, 1523450145832.9741
14.666952, 7.946191, 9.399624, 1523450145916.0994
14.685803, 8.001395, 9.358331, 1523450145998.9473
14.710835, 8.056617, 9.325886, 1523450146081.4729
14.744915, 8.096973, 9.331346, 1523450146164.1826
14.789166, 8.140477, 9.322641, 1523450146246.8469
14.819661, 8.191109, 9.303733, 1523450146329.2805
14.851215, 8.228892, 9.269928, 1523450146411.6680
