1523435797854.0000
8.100009, 2.884815, 2.082742, 1523435797854.0000
8.062335, 2.920075, 2.07915, 1523435797938.3701
8.023404, 2.953929, 2.074948, 1523435798022.2344
7.988315, 2.98245, 2.067762, 1523435798105.4536
7.983263, 3.037531, 2.058728, 1523435798188.1655
7.980286, 3.107163, 2.045831, 1523435798270.5547
7.999459, 3.17273, 2.032434, 1523435798352.5762
8.001338, 3.247486, 2.024205, 1523435798434.2285
8.006645, 3.323429, 2.03163, 1523435798515.6504
8.020771, 3.394275, 2.041258, 1523435798597.0254
8.018811, 3.473322, 2.048438, 1523435798678.2173
8.024489, 3.529697, 2.053562, 1523435798759.8691
8.047818, 3.593323, 2.065395, 1523435798842.1201
8.053301, 3.667269, 2.069423, 1523435798924.7402
8.057058, 3.739973, 2.065853, 1523435799007.7749
8.053966, 3.831118, 2.035458, 1523435799090.9014
8.04273, 3.935914, 2.034927, 1523435799174.2129
8.035786, 4.044495, 2.03701, 1523435799258.1230
8.057175, 4.155524, 2.039721, 1523435799342.5400
8.045829, 4.257065, 2.058207, 1523435799426.5420
8.051366, 4.333653, 2.066704, 1523435799510.2222
8.06304, 4.431993, 2.054871, 1523435799593.6714
8.080927, 4.541508, 2.017618, 1523435799676.9365
8.107694, 4.652194, 2.00608, 1523435799759.9702
8.124195, 4.758382, 2.021472, 1523435799843.0049
8.139495, 4.875498, 2.03269, 1523435799925.7637
8.149284, 4.985178, 2.053052, 1523435800008.5679
8.163094, 5.079998, 2.076795, 1523435800091.7871
8.165012, 5.199776, 2.072892, 1523435800175.2363
8.175671, 5.330536, 2.061279, 1523435800258.9624
8.1766, 5.450043, 2.038095, 1523435800342.8267
8.170341, 5.56634, 2.025843, 1523435800426.4604
8.147329, 5.72904, 2.025563, 1523435800509.7720
8.138471, 5.874013, 2.05056, 1523435800593.2212
8.15071, 5.979058, 2.090442, 1523435800676.8550
8.158634, 6.060048, 2.154701, 1523435800760.6729
8.180387, 6.133727, 2.209114, 1523435800844.6753
8.202675, 6.204118, 2.227692, 1523435800928.5854
8.218551, 6.282283, 2.21997, 1523435801012.2192
8.217808, 6.384184, 2.203154, 1523435801095.4844
8.211829, 6.487041, 2.223876, 1523435801178.4727
8.21971, 6.576017, 2.25519, 1523435801261.3691
8.224291, 6.662567, 2.292029, 1523435801343.8970
8.23066, 6.737875, 2.343005, 1523435801426.5171
8.240045, 6.800098, 2.388932, 1523435801509.5972
8.246172, 6.866818, 2.413348, 1523435801592.9082
8.241241, 6.943913, 2.418144, 1523435801676.3115
8.235886, 7.015432, 2.418928, 1523435801759.6226
8.226241, 7.092464, 2.423955, 1523435801842.7490
8.211431, 7.166606, 2.454018, 1523435801926.0137
8.213646, 7.236497, 2.497486, 1523435802009.9702
8.211449, 7.301753, 2.539354, 1523435802093.7881
8.200021, 7.354802, 2.579321, 1523435802177.4673
8.1941, 7.401286, 2.612946, 1523435802260.9170
8.214725, 7.460651, 2.620969, 1523435802344.3203
8.220369, 7.525829, 2.598369, 1523435802427.5396
8.237842, 7.588854, 2.617516, 1523435802510.6196
8.250622, 7.642006, 2.657659, 1523435802593.1016
8.260924, 7.683877, 2.707008, 1523435802675.3066
8.271652, 7.71608, 2.764241, 1523435802757.8345
8.276243, 7.752893, 2.790113, 1523435802840.5464
8.267957, 7.808778, 2.787404, 1523435802923.5352
8.260674, 7.859712, 2.784641, 1523435803006.8916
8.248425, 7.916737, 2.790382, 1523435803090.2026
8.23169, 7.979742, 2.815196, 1523435803173.6982
8.240483, 8.042495, 2.853961, 1523435803258.0234
8.249482, 8.090242, 2.899979, 1523435803342.5786
8.268414, 8.124457, 2.918769, 1523435803426.9497
8.276033, 8.161162, 2.985006, 1523435803510.9517
8.299407, 8.201506, 2.98421, 1523435803594.5854
8.314051, 8.246531, 2.979886, 1523435803677.8037
8.324201, 8.304058, 2.992886, 1523435803760.7466
8.347527, 8.347878, 3.01686, 1523435803843.3203
8.350389, 8.389559, 3.068245, 1523435803925.4331
8.359171, 8.42451, 3.116142, 1523435804007.7764
8.370938, 8.454899, 3.161655, 1523435804090.3047
8.357033, 8.495866, 3.179981, 1523435804172.9243
8.354174, 8.550043, 3.163087, 1523435804255.9585
8.353506, 8.602844, 3.165073, 1523435804339.2236
8.342086, 8.647467, 3.174599, 1523435804422.6265
8.334223, 8.7095, 3.20688, 1523435804506.5830
8.337022, 8.767558, 3.246416, 1523435804591.1382
8.333104, 8.812611, 3.29691, 1523435804675.6470
8.332359, 8.845729, 3.339186, 1523435804759.8799
8.332456, 8.876314, 3.365637, 1523435804843.7896
8.3489, 8.90624, 3.353185, 1523435804927.2393
8.343784, 8.953296, 3.359196, 1523435805010.4575
8.353609, 9.00773, 3.362728, 1523435805093.5386
8.362763, 9.054287, 3.384524, 1523435805176.3887
8.364427, 9.11084, 3.439411, 1523435805258.7778
8.370881, 9.151194, 3.48079, 1523435805341.2598
8.382953, 9.189697, 3.520214, 1523435805423.9717
8.375818, 9.229038, 3.542915, 1523435805506.5913
8.369088, 9.278509, 3.535458, 1523435805589.3491
8.373054, 9.327975, 3.529282, 1523435805672.2456
8.360773, 9.390529, 3.542859, 1523435805755.1421
8.344349, 9.445622, 3.568177, 1523435805838.3608
8.339952, 9.500939, 3.606526, 1523435805922.1323
8.336719, 9.544397, 3.649462, 1523435806006.0425
8.332379, 9.577324, 3.7013, 1523435806089.9980
8.331917, 9.60277, 3.725582, 1523435806173.7695
8.340536, 9.638719, 3.734361, 1523435806257.3574
8.341798, 9.676929, 3.734017, 1523435806340.6216
8.345163, 9.726542, 3.731111, 1523435806423.7485
8.34876, 9.792298, 3.737061, 1523435806506.5986
8.349944, 9.846939, 3.774815, 1523435806589.1260
8.344778, 9.892814, 3.827385, 1523435806671.3770
8.349993, 9.926525, 3.873392, 1523435806753.8589
8.353484, 9.953094, 3.913843, 1523435806836.4331
8.337631, 9.990517, 3.919906, 1523435806919.0532
8.338815, 10.042326, 3.913515, 1523435807002.2256
8.340311, 10.095696, 3.91553, 1523435807085.5830
8.336063, 10.154207, 3.934321, 1523435807169.3081
8.32279, 10.216851, 3.959268, 1523435807253.4487
8.325833, 10.280782, 3.996602, 1523435807338.0044
8.323342, 10.329151, 4.045283, 1523435807422.5132
8.317615, 10.360277, 4.095442, 1523435807506.7456
8.319479, 10.388071, 4.107897, 1523435807590.6558
8.325001, 10.427586, 4.109038, 1523435807674.2896
8.327187, 10.475875, 4.108389, 1523435807757.6924
8.330934, 10.530497, 4.118112, 1523435807840.9106
8.34273, 10.578732, 4.151342, 1523435807923.8071
8.339824, 10.628438, 4.194389, 1523435808006.1504
8.344876, 10.669553, 4.232903, 1523435808088.5859
8.349588, 10.702512, 4.271414, 1523435808171.1138
8.340728, 10.74542, 4.282367, 1523435808253.5493
8.337029, 10.795723, 4.273717, 1523435808336.2612
8.335813, 10.850266, 4.277145, 1523435808419.1577
8.328648, 10.907839, 4.286596, 1523435808502.2842
8.320384, 10.975992, 4.315097, 1523435808585.7334
8.326759, 11.035792, 4.353339, 1523435808669.9199
8.333834, 11.086246, 4.408051, 1523435808754.3369
8.338315, 11.12536, 4.453197, 1523435808838.5688
8.346343, 11.163799, 4.469753, 1523435808922.5249
8.358106, 11.212687, 4.478193, 1523435809006.2041
8.369805, 11.260252, 4.473664, 1523435809089.5146
8.376777, 11.318089, 4.486747, 1523435809172.5034
8.378989, 11.371815, 4.523646, 1523435809255.1226
8.367982, 11.415121, 4.579554, 1523435809337.2354
8.362342, 11.453008, 4.61986, 1523435809419.4863
8.351269, 11.486324, 4.653463, 1523435809501.8760
8.336799, 11.521576, 4.661069, 1523435809584.3574
8.330471, 11.565351, 4.656869, 1523435809667.2070
8.324346, 11.621719, 4.654196, 1523435809750.2417
8.310459, 11.680132, 4.676785, 1523435809833.5991
8.29554, 11.742122, 4.712751, 1523435809917.5088
8.294457, 11.794312, 4.760124, 1523435810001.7871
8.282815, 11.838301, 4.812975, 1523435810085.9736
8.272579, 11.877677, 4.850229, 1523435810169.7456
8.259723, 11.918827, 4.850931, 1523435810253.1489
8.260884, 11.970966, 4.839288, 1523435810336.3677
8.262085, 12.03788, 4.836814, 1523435810419.4482
8.272402, 12.100309, 4.85523, 1523435810502.5752
8.279087, 12.151756, 4.907394, 1523435810585.0571
8.27419, 12.193488, 4.954395, 1523435810667.3540
8.284134, 12.22471, 5.002503, 1523435810749.9741
8.275533, 12.259767, 5.028559, 1523435810832.5479
8.256271, 12.303725, 5.031057, 1523435810915.2139
8.260843, 12.360079, 5.016677, 1523435810998.2485
8.253902, 12.423363, 5.020796, 1523435811081.2832
8.233773, 12.492269, 5.049348, 1523435811164.6401
8.232874, 12.560889, 5.085229, 1523435811248.8267
8.226256, 12.622462, 5.134516, 1523435811333.2437
8.218245, 12.665314, 5.185137, 1523435811417.4756
8.212431, 12.697688, 5.218261, 1523435811501.3398
8.21738, 12.735649, 5.223082, 1523435811584.9731
8.22216, 12.786393, 5.220156, 1523435811668.2378
8.224129, 12.843722, 5.224959, 1523435811751.3643
8.220266, 12.894798, 5.254529, 1523435811834.1221
8.205879, 12.948504, 5.300183, 1523435811916.3730
8.198518, 12.990117, 5.349684, 1523435811998.6704
8.191074, 13.022137, 5.394299, 1523435812081.1519
8.164452, 13.057562, 5.414557, 1523435812163.7256
8.135726, 13.104865, 5.406845, 1523435812246.6211
8.118889, 13.158454, 5.398925, 1523435812329.9785
8.081297, 13.20772, 5.400128, 1523435812413.3813
8.044007, 13.270718, 5.414582, 1523435812497.0610
7.993612, 13.3218, 5.420758, 1523435812580.7407
7.952177, 13.379324, 5.423048, 1523435812664.6504
7.916047, 13.439833, 5.427857, 1523435812748.6064
7.870301, 13.491087, 5.427046, 1523435812832.1479
7.821902, 13.543269, 5.42777, 1523435812915.3662
7.770849, 13.60821, 5.411739, 1523435812998.3081
7.721576, 13.658945, 5.406073, 1523435813080.9282
7.680614, 13.698862, 5.409226, 1523435813163.4092
7.641958, 13.742071, 5.418857, 1523435813245.8447
7.590376, 13.786242, 5.425343, 1523435813328.3262
7.537414, 13.838814, 5.432819, 1523435813411.1304
7.480372, 13.87691, 5.43106, 1523435813494.3032
7.425756, 13.912078, 5.421111, 1523435813577.7524
7.347789, 13.945474, 5.410638, 1523435813661.7085
7.263392, 13.974845, 5.402417, 1523435813745.9404
7.189594, 13.992606, 5.406641, 1523435813830.5884
7.127258, 14.026402, 5.417438, 1523435813915.8804
7.040894, 14.057035, 5.41868, 1523435814000.8042
6.960703, 14.079122, 5.420333, 1523435814085.3599
6.879144, 14.104937, 5.415093, 1523435814169.2236
6.801712, 14.138005, 5.411149, 1523435814252.5811
6.717267, 14.172384, 5.408293, 1523435814335.5234
6.63865, 14.2058, 5.431921, 1523435814418.1431
6.567404, 14.230242, 5.460348, 1523435814500.3018
6.506282, 14.254318, 5.498531, 1523435814582.5532
6.450521, 14.281085, 5.533121, 1523435814665.0347
6.414974, 14.283224, 5.566793, 1523435814747.7007
6.3753, 14.278477, 5.579654, 1523435814830.7349
6.320819, 14.281064, 5.578711, 1523435814914.0923
6.264419, 14.273564, 5.574091, 1523435814997.4956
6.206972, 14.264553, 5.595957, 1523435815081.0371
6.156658, 14.256969, 5.623614, 1523435815164.9473
6.103842, 14.256981, 5.670042, 1523435815249.2720
6.077008, 14.253946, 5.717436, 1523435815333.4580
6.05651, 14.236764, 5.757944, 1523435815417.0459
6.026381, 14.232317, 5.781311, 1523435815500.3569
5.997313, 14.246035, 5.776599, 1523435815583.4839
5.941854, 14.251064, 5.766568, 1523435815666.4727
5.886886, 14.256858, 5.76576, 1523435815749.4150
5.833977, 14.260584, 5.791134, 1523435815832.1270
5.785206, 14.254337, 5.836988, 1523435815914.5161
5.738666, 14.2483, 5.864841, 1523435815996.9980
5.693119, 14.236653, 5.903655, 1523435816079.4790
5.664673, 14.20726, 5.919626, 1523435816161.9609
5.622757, 14.193955, 5.90795, 1523435816244.8110
5.556213, 14.182096, 5.912065, 1523435816327.9380
5.489293, 14.16575, 5.917664, 1523435816411.2949
5.440741, 14.149278, 5.95668, 1523435816495.0210
5.401218, 14.154737, 6.013591, 1523435816579.3457
5.342877, 14.148983, 6.060549, 1523435816663.8545
5.301911, 14.150723, 6.101696, 1523435816748.3174
5.265474, 14.157133, 6.120016, 1523435816832.4111
5.205614, 14.164594, 6.112583, 1523435816916.0444
5.155951, 14.182166, 6.117188, 1523435816999.2178
5.088514, 14.191278, 6.114537, 1523435817081.9292
5.025681, 14.205101, 6.15623, 1523435817164.2261
4.987203, 14.207364, 6.211745, 1523435817246.1543
4.958773, 14.229571, 6.267561, 1523435817328.4053
4.916111, 14.2391, 6.292959, 1523435817410.7026
4.875329, 14.243241, 6.296536, 1523435817493.3228
4.82829, 14.260771, 6.289969, 1523435817576.2188
4.770745, 14.25902, 6.290131, 1523435817659.2075
4.710579, 14.257773, 6.310745, 1523435817742.4722
4.651869, 14.260448, 6.338046, 1523435817826.3818
4.59858, 14.270151, 6.391843, 1523435817910.6143
4.570895, 14.268105, 6.439623, 1523435817994.7544
4.536981, 14.275919, 6.465935, 1523435818078.6182
4.501053, 14.292815, 6.469284, 1523435818162.2520
4.453299, 14.314868, 6.459589, 1523435818245.6084
4.396731, 14.331418, 6.472066, 1523435818328.7349
4.339957, 14.348542, 6.501798, 1523435818411.4468
4.29604, 14.355772, 6.543128, 1523435818493.6055
4.254694, 14.370698, 6.585615, 1523435818575.8564
4.218282, 14.375844, 6.624828, 1523435818658.1533
4.176993, 14.373209, 6.635378, 1523435818740.7271
4.122346, 14.373813, 6.618972, 1523435818823.7612
4.062008, 14.366931, 6.621342, 1523435818906.9795
4.00528, 14.355634, 6.636745, 1523435818990.4287
3.953838, 14.347684, 6.657738, 1523435819074.2925
3.896115, 14.348162, 6.696657, 1523435819158.6631
3.843757, 14.349593, 6.741243, 1523435819243.2637
3.814228, 14.348759, 6.789382, 1523435819327.6343
3.784455, 14.352961, 6.828784, 1523435819411.7749
3.746212, 14.373978, 6.832224, 1523435819495.6387
3.695248, 14.380577, 6.824281, 1523435819578.9956
3.631513, 14.374511, 6.825299, 1523435819661.9380
3.56682, 14.373045, 6.831537, 1523435819744.5576
3.515392, 14.361122, 6.874612, 1523435819826.6704
3.485234, 14.363013, 6.916302, 1523435819908.7827
3.454179, 14.366426, 6.96229, 1523435819991.2178
3.439497, 14.361562, 6.998961, 1523435820073.8379
3.422007, 14.349124, 7.007218, 1523435820156.7803
3.399928, 14.333297, 7.009323, 1523435820239.9985
3.374446, 14.309991, 7.006782, 1523435820323.4014
3.352861, 14.289055, 7.000576, 1523435820406.9888
3.332242, 14.260218, 7.000135, 1523435820490.6680
3.303197, 14.221432, 7.008529, 1523435820574.3472
3.273339, 14.188054, 7.008685, 1523435820657.9805
3.24499, 14.162979, 7.011854, 1523435820741.7520
3.210227, 14.134685, 7.010088, 1523435820825.3853
3.192457, 14.113714, 7.008773, 1523435820908.6040
3.178012, 14.094665, 7.013405, 1523435820991.4541
3.163384, 14.08545, 7.017935, 1523435821074.0737
3.152906, 14.08207, 7.024061, 1523435821156.5088
3.149466, 14.094694, 7.043214, 1523435821239.0361
3.131865, 14.110035, 7.040396, 1523435821321.7939
3.105968, 14.123582, 7.032156, 1523435821405.0586
3.093218, 14.12624, 7.039528, 1523435821488.5078
3.075582, 14.124037, 7.031381, 1523435821572.1411
3.065064, 14.1146, 7.025989, 1523435821655.7749
3.05588, 14.09848, 7.023336, 1523435821739.1777
3.050102, 14.080812, 7.023015, 1523435821822.3965
3.049793, 14.061702, 7.015274, 1523435821905.2002
3.056832, 14.04405, 7.006469, 1523435821987.6816
3.068383, 14.030594, 6.997784, 1523435822070.0713
3.089201, 14.026265, 7.008779, 1523435822152.5527
3.107924, 14.03138, 7.015062, 1523435822235.3105
3.1372, 14.043591, 7.023489, 1523435822318.5293
3.169344, 14.05603, 7.028653, 1523435822402.1167
3.20748, 14.061274, 7.029921, 1523435822485.8428
3.232818, 14.066645, 7.027694, 1523435822569.7983
3.265764, 14.076118, 7.025336, 1523435822653.8926
3.296465, 14.07898, 7.016282, 1523435822737.9868
3.329278, 14.085738, 7.011499, 1523435822821.7583
3.347785, 14.096309, 7.022621, 1523435822905.2993
3.353042, 14.105577, 7.023175, 1523435822988.5640
3.355735, 14.116263, 7.017434, 1523435823071.5981
3.343343, 14.124327, 7.023703, 1523435823154.5869
3.326947, 14.1294, 7.032092, 1523435823237.5752
3.315069, 14.117814, 7.027475, 1523435823320.7017
3.308393, 14.109102, 7.018608, 1523435823403.8740
3.312662, 14.092794, 7.004624, 1523435823487.0928
3.305336, 14.081988, 7.008132, 1523435823570.4961
3.299425, 14.071661, 7.009464, 1523435823654.4980
3.297255, 14.069463, 7.016103, 1523435823738.8228
3.287579, 14.083289, 7.026616, 1523435823823.2388
3.280612, 14.10194, 7.024774, 1523435823907.6558
3.288047, 14.128107, 7.018927, 1523435823991.7500
3.287313, 14.136641, 7.026369, 1523435824075.7979
3.283726, 14.139952, 7.027188, 1523435824159.5698
3.285432, 14.147348, 7.028982, 1523435824243.0190
3.293167, 14.151453, 7.031652, 1523435824326.2373
3.290168, 14.155499, 7.028797, 1523435824409.2256
3.293884, 14.155976, 7.027709, 1523435824492.1680
3.298061, 14.160816, 7.024972, 1523435824575.1104
3.303266, 14.165254, 7.026469, 1523435824658.0986
3.312518, 14.170026, 7.020493, 1523435824741.1333
3.320872, 14.168118, 7.016208, 1523435824824.3062
3.334239, 14.166968, 7.010016, 1523435824907.5703
3.344161, 14.163418, 7.003757, 1523435824990.8813
3.352779, 14.150599, 6.990005, 1523435825074.3770
3.356734, 14.131253, 6.977378, 1523435825158.1484
3.348621, 14.098945, 6.971357, 1523435825242.1504
3.33196, 14.077279, 6.976731, 1523435825326.1064
3.297544, 14.062874, 6.984411, 1523435825409.8320
3.246317, 14.050791, 6.995745, 1523435825493.1431
3.191459, 14.037844, 7.005986, 1523435825575.9463
3.146941, 14.036568, 7.013638, 1523435825658.3818
3.095017, 14.025997, 7.017815, 1523435825740.6787
3.043551, 14.012904, 7.010765, 1523435825823.0220
3.000592, 14.002729, 7.010124, 1523435825905.4575
2.966719, 13.999555, 7.007132, 1523435825988.1230
2.939612, 13.991046, 7.003477, 1523435826070.8345
2.910794, 13.974162, 7.006329, 1523435826153.5928
2.891036, 13.960738, 6.999443, 1523435826236.3042
2.855795, 13.938461, 6.987693, 1523435826319.0161
2.831767, 13.919724, 6.987441, 1523435826401.6357
2.816881, 13.892672, 6.986339, 1523435826484.1636
2.817744, 13.867441, 6.991749, 1523435826566.6445
2.800973, 13.836489, 6.98878, 1523435826649.2642
2.781427, 13.798759, 6.983141, 1523435826732.0225
2.770471, 13.75455, 6.987562, 1523435826814.9185
2.754594, 13.733622, 6.979818, 1523435826897.9067
2.728658, 13.714929, 6.977551, 1523435826980.9873
2.693501, 13.684487, 6.973169, 1523435827063.9297
2.648651, 13.666158, 6.967594, 1523435827146.9639
2.600957, 13.643461, 6.967394, 1523435827229.9058
2.55594, 13.613309, 6.969276, 1523435827312.6636
2.497747, 13.586698, 6.979821, 1523435827395.3291
2.454481, 13.568454, 7.011596, 1523435827477.8105
2.426888, 13.555628, 7.063223, 1523435827560.2461
2.411194, 13.546914, 7.105208, 1523435827643.0957
2.388419, 13.53462, 7.136287, 1523435827726.3145
2.373909, 13.504537, 7.153556, 1523435827809.6714
2.346018, 13.47548, 7.146901, 1523435827893.3511
2.299838, 13.426589, 7.142291, 1523435827977.1685
2.257128, 13.379074, 7.159124, 1523435828061.2163
2.227952, 13.333204, 7.190465, 1523435828145.6328
2.170098, 13.290955, 7.224003, 1523435828230.6484
2.139829, 13.2701, 7.268713, 1523435828315.7563
2.121088, 13.259912, 7.313833, 1523435828400.4956
2.085854, 13.241377, 7.336415, 1523435828484.7739
2.047107, 13.220656, 7.333841, 1523435828568.4536
1.996852, 13.190033, 7.336465, 1523435828651.6260
1.951221, 13.16389, 7.353241, 1523435828734.5684
1.913911, 13.137962, 7.388937, 1523435828816.9575
1.888677, 13.115547, 7.43087, 1523435828899.1621
1.869687, 13.11026, 7.475439, 1523435828981.3672
1.847924, 13.093658, 7.502625, 1523435829063.7104
1.830379, 13.071527, 7.507907, 1523435829146.2378
1.792525, 13.01718, 7.497919, 1523435829229.1343
1.759232, 12.9794, 7.494573, 1523435829312.2148
1.720162, 12.920155, 7.498734, 1523435829395.5254
1.689036, 12.860614, 7.519917, 1523435829478.9282
1.649941, 12.81327, 7.558149, 1523435829562.9761
1.620065, 12.762408, 7.603049, 1523435829647.0703
1.602121, 12.729805, 7.654003, 1523435829730.9341
1.588727, 12.712684, 7.679668, 1523435829814.5674
1.553155, 12.680471, 7.685448, 1523435829898.1084
1.523977, 12.64784, 7.670564, 1523435829981.5112
1.492435, 12.598176, 7.660783, 1523435830064.6377
1.462178, 12.537214, 7.653806, 1523435830147.5796
1.416979, 12.473388, 7.665944, 1523435830230.3374
1.386012, 12.405388, 7.663876, 1523435830312.8188
1.349565, 12.343172, 7.66452, 1523435830395.4380
1.316342, 12.273858, 7.669834, 1523435830478.1499
1.285965, 12.195334, 7.663805, 1523435830561.0923
1.26456, 12.113999, 7.651238, 1523435830644.5410
1.250528, 12.034094, 7.647925, 1523435830728.0820
1.239454, 11.946102, 7.645278, 1523435830811.7153
1.229264, 11.838819, 7.668512, 1523435830895.2563
1.210762, 11.749969, 7.704008, 1523435830979.1665
1.19563, 11.696908, 7.753317, 1523435831063.1221
1.197942, 11.677313, 7.797277, 1523435831146.8018
1.186113, 11.654542, 7.833284, 1523435831230.4351
1.166089, 11.613635, 7.844944, 1523435831313.9761
1.148797, 11.565805, 7.849516, 1523435831397.3330
1.131592, 11.505595, 7.84998, 1523435831480.4595
1.117534, 11.432919, 7.856058, 1523435831563.3091
1.101093, 11.356456, 7.882039, 1523435831646.0210
1.096528, 11.302835, 7.934335, 1523435831728.4097
1.086757, 11.252728, 7.971142, 1523435831811.0298
1.067599, 11.1928, 8.010013, 1523435831894.0181
1.063622, 11.133683, 8.021926, 1523435831977.0981
1.051698, 11.072651, 8.016157, 1523435832060.6396
1.040758, 11.012258, 8.016497, 1523435832144.2729
1.042807, 10.949588, 8.04735, 1523435832227.9062
1.053435, 10.894953, 8.081059, 1523435832311.7700
1.043962, 10.845392, 8.117357, 1523435832395.9561
1.049462, 10.813383, 8.164053, 1523435832479.9580
1.039355, 10.794275, 8.189526, 1523435832563.9141
1.026566, 10.754073, 8.195553, 1523435832647.5474
1.0224, 10.711865, 8.196849, 1523435832730.8120
1.009196, 10.649228, 8.199185, 1523435832813.8003
0.999587, 10.581605, 8.220953, 1523435832896.5581
0.992039, 10.518519, 8.24663, 1523435832978.9014
0.995989, 10.455427, 8.299131, 1523435833060.9219
0.983461, 10.399709, 8.342457, 1523435833143.2651
0.982123, 10.358486, 8.374654, 1523435833225.7925
0.989337, 10.313488, 8.381762, 1523435833308.5503
0.994866, 10.253165, 8.385053, 1523435833391.5386
1.007036, 10.202516, 8.388531, 1523435833474.6650
1.02119, 10.146507, 8.419088, 1523435833557.9297
1.039064, 10.093882, 8.454638, 1523435833641.7935
1.052313, 10.035243, 8.494942, 1523435833725.8872
1.064413, 10.02, 8.531734, 1523435833809.8428
1.072011, 9.97152, 8.566246, 1523435833893.5225
1.068315, 9.930899, 8.578544, 1523435833977.0635
1.059181, 9.895391, 8.567917, 1523435834060.4663
1.059811, 9.823651, 8.575527, 1523435834143.7773
1.054104, 9.765087, 8.591596, 1523435834226.8115
1.057895, 9.723303, 8.639682, 1523435834309.2930
1.056954, 9.673401, 8.696887, 1523435834391.6821
1.043282, 9.632258, 8.745497, 1523435834474.2095
1.046125, 9.588723, 8.775641, 1523435834556.9214
1.056878, 9.535918, 8.777305, 1523435834639.9556
1.06433, 9.473321, 8.762478, 1523435834723.1743
1.076975, 9.407245, 8.748723, 1523435834806.3931
1.096349, 9.330377, 8.74604, 1523435834889.7495
1.13171, 9.252441, 8.758093, 1523435834973.0596
1.172989, 9.167993, 8.793033, 1523435835056.7852
1.205243, 9.113596, 8.84381, 1523435835140.6025
1.231744, 9.085948, 8.900728, 1523435835224.1436
1.254418, 9.060781, 8.952006, 1523435835307.4082
1.269387, 9.038399, 8.96733, 1523435835390.4883
1.288483, 8.991966, 8.964397, 1523435835473.5688
1.315596, 8.937158, 8.946086, 1523435835556.6035
1.346843, 8.877193, 8.934048, 1523435835639.5913
1.374944, 8.805717, 8.927901, 1523435835722.4873
1.402147, 8.724455, 8.937512, 1523435835805.2915
1.433798, 8.65628, 8.949606, 1523435835887.8188
1.469231, 8.594342, 8.963007, 1523435835970.5303
1.505789, 8.533179, 8.966426, 1523435836053.5186
1.55748, 8.467497, 8.9529, 1523435836136.8291
1.605036, 8.386929, 8.953238, 1523435836220.5542
1.656564, 8.32908, 8.946836, 1523435836304.3257
1.703245, 8.274728, 8.955661, 1523435836388.2354
1.7704, 8.213844, 8.972075, 1523435836472.0068
1.829636, 8.15005, 9.00534, 1523435836556.0547
1.868948, 8.105249, 9.06914, 1523435836640.2407
1.90704, 8.079323, 9.108606, 1523435836724.1504
1.947859, 8.052982, 9.135756, 1523435836807.6450
1.987492, 8.01995, 9.144413, 1523435836890.7256
2.026088, 7.982473, 9.144381, 1523435836973.6211
2.068533, 7.932618, 9.136743, 1523435837056.4712
2.105827, 7.875592, 9.154428, 1523435837139.4585
2.124151, 7.833923, 9.192647, 1523435837222.3086
2.145266, 7.81208, 9.2441, 1523435837304.8818
2.163434, 7.789631, 9.282488, 1523435837387.7773
2.177764, 7.770305, 9.311723, 1523435837470.8574
2.211035, 7.756778, 9.322185, 1523435837553.9839
2.254177, 7.737967, 9.312363, 1523435837637.0640
2.306381, 7.715965, 9.304462, 1523435837720.0522
2.363196, 7.686022, 9.300845, 1523435837803.0864
2.420624, 7.661598, 9.302022, 1523435837886.1201
2.481307, 7.650746, 9.327348, 1523435837969.2930
2.517937, 7.633226, 9.375517, 1523435838053.1104
2.536824, 7.624609, 9.448759, 1523435838137.1118
2.550106, 7.631758, 9.490467, 1523435838220.9756
2.561564, 7.618213, 9.51169, 1523435838304.7925
2.577451, 7.606252, 9.5109, 1523435838388.1953
2.60662, 7.590956, 9.510341, 1523435838471.4136
2.64012, 7.565685, 9.51366, 1523435838554.5859
2.677635, 7.543163, 9.512759, 1523435838637.6196
2.714054, 7.502865, 9.529717, 1523435838720.7002
2.736703, 7.475688, 9.567685, 1523435838803.6880
2.761123, 7.462543, 9.616003, 1523435838886.4917
2.780138, 7.448272, 9.662087, 1523435838969.3877
2.79573, 7.440227, 9.694901, 1523435839052.3755
2.827896, 7.428538, 9.703339, 1523435839135.4097
2.863054, 7.415546, 9.687537, 1523435839218.5361
2.902472, 7.384414, 9.681781, 1523435839301.8467
2.940642, 7.353865, 9.689399, 1523435839385.2954
2.994464, 7.330067, 9.676313, 1523435839468.8823
3.056879, 7.298308, 9.679006, 1523435839552.6538
3.115936, 7.27426, 9.689168, 1523435839636.6094
3.165262, 7.242698, 9.69593, 1523435839720.6572
3.213905, 7.211811, 9.708468, 1523435839804.4746
3.259983, 7.178303, 9.718171, 1523435839887.9692
3.293313, 7.154678, 9.720531, 1523435839971.1880
3.329773, 7.12208, 9.715516, 1523435840054.0835
3.361215, 7.079456, 9.705353, 1523435840136.8872
3.402597, 7.030821, 9.695826, 1523435840219.5068
3.444343, 6.96242, 9.696527, 1523435840302.1260
3.474962, 6.896613, 9.705481, 1523435840384.8833
3.52622, 6.82948, 9.710943, 1523435840467.5488
3.581462, 6.78379, 9.71732, 1523435840550.2144
3.622993, 6.742652, 9.72284, 1523435840633.0640
3.673933, 6.716414, 9.719039, 1523435840715.9600
3.735373, 6.681348, 9.709396, 1523435840799.1782
3.797661, 6.645621, 9.69749, 1523435840882.4888
3.863829, 6.616791, 9.693986, 1523435840965.8452
3.939868, 6.581052, 9.701872, 1523435841049.3862
4.000653, 6.549247, 9.709707, 1523435841133.2495
4.063993, 6.514246, 9.707308, 1523435841217.0669
4.131518, 6.491405, 9.718864, 1523435841300.4697
4.189697, 6.472421, 9.710409, 1523435841383.3652
4.253484, 6.452052, 9.708415, 1523435841466.1226
4.323164, 6.423539, 9.700424, 1523435841548.8340
4.399055, 6.393297, 9.694175, 1523435841631.7295
4.469494, 6.368079, 9.692114, 1523435841714.9019
4.529748, 6.347183, 9.706364, 1523435841798.0742
4.609952, 6.332014, 9.699526, 1523435841881.3848
4.684826, 6.307737, 9.699206, 1523435841965.0635
4.760134, 6.296281, 9.703241, 1523435842048.7427
4.830446, 6.289334, 9.687841, 1523435842132.6523
4.909428, 6.283752, 9.681729, 1523435842216.7002
4.991696, 6.290477, 9.68267, 1523435842300.7480
5.074993, 6.295621, 9.684682, 1523435842384.7495
5.158695, 6.300224, 9.701071, 1523435842468.7969
5.251806, 6.287825, 9.69278, 1523435842552.9370
5.322766, 6.289059, 9.716562, 1523435842636.8003
5.392712, 6.289204, 9.706076, 1523435842720.4790
5.455141, 6.2799, 9.690513, 1523435842803.8354
5.537029, 6.26669, 9.684508, 1523435842886.8232
5.607095, 6.255734, 9.68533, 1523435842969.6270
5.681882, 6.240205, 9.697458, 1523435843052.2461
5.757075, 6.232725, 9.701248, 1523435843134.7271
5.835769, 6.226882, 9.696854, 1523435843217.3003
5.914124, 6.22297, 9.716018, 1523435843300.0576
5.982315, 6.238513, 9.715081, 1523435843382.8613
6.064241, 6.244221, 9.70838, 1523435843466.0332
6.155807, 6.253679, 9.696112, 1523435843549.3901
6.240496, 6.261817, 9.692505, 1523435843632.9307
6.32607, 6.269865, 9.700029, 1523435843716.7480
6.409382, 6.26895, 9.707573, 1523435843800.7959
6.492809, 6.26241, 9.715027, 1523435843884.7051
6.567089, 6.253582, 9.719612, 1523435843968.3379
6.636772, 6.246613, 9.716074, 1523435844051.6484
6.714569, 6.237085, 9.705371, 1523435844134.6826
6.791641, 6.234338, 9.698484, 1523435844217.3940
6.862881, 6.222548, 9.696289, 1523435844299.8750
6.940989, 6.21743, 9.706698, 1523435844382.2637
7.019507, 6.211158, 9.721498, 1523435844464.5605
7.108092, 6.214211, 9.724524, 1523435844547.1338
7.192427, 6.208454, 9.730968, 1523435844630.0752
7.271267, 6.227698, 9.723346, 1523435844713.1553
7.370569, 6.228526, 9.722997, 1523435844796.7422
7.461427, 6.233926, 9.711598, 1523435844880.5137
7.557822, 6.251806, 9.699744, 1523435844964.4229
7.648078, 6.267435, 9.70632, 1523435845048.6089
7.739995, 6.264999, 9.706856, 1523435845133.0249
7.820793, 6.271176, 9.717642, 1523435845217.0269
7.902963, 6.28765, 9.713205, 1523435845300.6133
7.985718, 6.279037, 9.707616, 1523435845383.7856
8.073997, 6.28739, 9.701051, 1523435845466.5894
8.167026, 6.291812, 9.691362, 1523435845549.3008
8.256959, 6.285459, 9.700908, 1523435845631.8735
8.332352, 6.28661, 9.71616, 1523435845714.2627
8.417654, 6.280828, 9.714507, 1523435845797.0659
8.501534, 6.282786, 9.729471, 1523435845880.1001
8.580812, 6.30624, 9.719365, 1523435845963.4565
8.670822, 6.318974, 9.710851, 1523435846047.0435
8.750372, 6.338648, 9.703997, 1523435846130.6763
8.846041, 6.364511, 9.704094, 1523435846214.4937
8.922176, 6.382708, 9.72728, 1523435846298.3105
9.005573, 6.393113, 9.728662, 1523435846382.2661
9.087365, 6.411458, 9.734098, 1523435846465.8530
9.166413, 6.426254, 9.73673, 1523435846548.9790
9.238066, 6.425798, 9.734655, 1523435846631.9663
9.309948, 6.437615, 9.72006, 1523435846714.5854
9.390099, 6.442763, 9.717204, 1523435846797.2505
9.477043, 6.438977, 9.724761, 1523435846879.8237
9.5563, 6.448493, 9.739185, 1523435846962.3047
9.642674, 6.467281, 9.73197, 1523435847044.9238
9.731463, 6.473417, 9.732959, 1523435847127.9111
9.816117, 6.48827, 9.737455, 1523435847211.0371
9.901463, 6.503673, 9.729785, 1523435847294.6240
9.99102, 6.524811, 9.706995, 1523435847378.3945
10.068313, 6.551501, 9.70588, 1523435847462.2583
10.147207, 6.580079, 9.719955, 1523435847546.3057
10.223943, 6.604103, 9.724588, 1523435847630.5830
10.318093, 6.629225, 9.721396, 1523435847714.5845
10.404944, 6.652328, 9.733838, 1523435847798.3555
10.478421, 6.668152, 9.74052, 1523435847881.6196
10.548677, 6.683722, 9.733185, 1523435847964.6074
10.629107, 6.69304, 9.723681, 1523435848047.5024
10.711518, 6.695059, 9.715548, 1523435848130.4443
10.788804, 6.683343, 9.724038, 1523435848213.3857
10.867624, 6.680836, 9.731712, 1523435848296.1890
10.949278, 6.677344, 9.72616, 1523435848379.1768
11.028137, 6.668666, 9.73863, 1523435848462.3945
11.100392, 6.675721, 9.743145, 1523435848545.7969
11.180686, 6.674933, 9.718388, 1523435848629.4297
11.270673, 6.677963, 9.714349, 1523435848712.9702
11.350886, 6.683952, 9.708424, 1523435848796.4648
11.428836, 6.681372, 9.721097, 1523435848880.1895
11.502028, 6.663156, 9.725214, 1523435848964.2368
11.591848, 6.643796, 9.727029, 1523435849048.1460
11.668965, 6.628895, 9.734649, 1523435849131.8711
11.742117, 6.607444, 9.732037, 1523435849215.1812
11.810658, 6.581758, 9.721132, 1523435849298.1685
11.880155, 6.543739, 9.718956, 1523435849380.9717
11.939048, 6.501586, 9.712585, 1523435849463.6831
11.990696, 6.451666, 9.723474, 1523435849546.2563
12.038511, 6.402899, 9.72302, 1523435849628.9214
12.070556, 6.349051, 9.733843, 1523435849712.0933
12.121408, 6.296196, 9.730379, 1523435849795.7261
12.173356, 6.245594, 9.721175, 1523435849879.5889
12.232306, 6.19285, 9.720362, 1523435849963.4521
12.287743, 6.135419, 9.711447, 1523435850046.9927
12.336473, 6.085017, 9.710138, 1523435850130.3950
12.376677, 6.027387, 9.709979, 1523435850213.8896
12.394403, 5.961956, 9.709024, 1523435850297.4302
12.427383, 5.898211, 9.719941, 1523435850380.6021
12.455132, 5.845592, 9.725847, 1523435850463.5898
12.469562, 5.780742, 9.729198, 1523435850546.2549
12.470761, 5.701319, 9.709133, 1523435850628.6436
12.472197, 5.620833, 9.712434, 1523435850710.9399
12.471797, 5.549934, 9.714692, 1523435850793.1904
12.461006, 5.470517, 9.710609, 1523435850875.3481
12.461815, 5.405377, 9.711048, 1523435850957.5522
12.45294, 5.337059, 9.708879, 1523435851040.2178
12.447886, 5.269001, 9.714622, 1523435851123.1592
12.454164, 5.19513, 9.715857, 1523435851206.3770
12.449953, 5.115441, 9.721022, 1523435851289.8716
12.441868, 5.038298, 9.697334, 1523435851373.4121
12.431441, 4.969303, 9.724491, 1523435851457.2290
12.417615, 4.893767, 9.722549, 1523435851541.3687
12.400125, 4.800861, 9.72363, 1523435851625.4160
12.383481, 4.717265, 9.714493, 1523435851709.1411
12.358162, 4.652592, 9.722359, 1523435851792.5430
12.332792, 4.586923, 9.708726, 1523435851875.7148
12.299648, 4.517008, 9.703369, 1523435851958.6562
12.266935, 4.451814, 9.687042, 1523435852041.4595
12.229677, 4.389081, 9.702341, 1523435852124.2168
12.195996, 4.337963, 9.71053, 1523435852206.8818
12.153622, 4.271752, 9.688302, 1523435852289.8232
12.104657, 4.215605, 9.702441, 1523435852373.2251
12.07195, 4.154163, 9.691586, 1523435852456.8115
12.044943, 4.082479, 9.706424, 1523435852540.3521
12.014917, 4.009123, 9.694913, 1523435852623.8003
11.971978, 3.930334, 9.669071, 1523435852707.0181
11.946199, 3.856315, 9.699491, 1523435852790.2358
11.912488, 3.79056, 9.70305, 1523435852873.6382
11.870605, 3.728503, 9.717697, 1523435852957.2710
11.836495, 3.662885, 9.719541, 1523435853040.7651
11.80014, 3.590419, 9.711496, 1523435853123.9829
11.761281, 3.543991, 9.709962, 1523435853206.9702
11.710653, 3.477812, 9.690479, 1523435853289.6812
11.659222, 3.409397, 9.691208, 1523435853372.3921
11.606531, 3.350236, 9.68882, 1523435853455.0566
11.561063, 3.297091, 9.702446, 1523435853537.7676
11.517997, 3.24391, 9.696751, 1523435853620.6172
11.473942, 3.183541, 9.697587, 1523435853703.7886
11.446779, 3.120986, 9.703608, 1523435853787.0981
11.419398, 3.053381, 9.691427, 1523435853870.6846
11.376306, 2.985929, 9.694354, 1523435853954.5015
11.341686, 2.90973, 9.683913, 1523435854038.4102
11.308619, 2.83434, 9.677074, 1523435854122.3193
11.271746, 2.759398, 9.669536, 1523435854206.2285
11.216221, 2.690474, 9.682577, 1523435854290.1831
11.168941, 2.624876, 9.692042, 1523435854373.7695
11.119099, 2.565541, 9.687823, 1523435854457.3101
11.059714, 2.51008, 9.669048, 1523435854540.6196
11.012997, 2.455405, 9.671209, 1523435854623.7451
10.942623, 2.404104, 9.657903, 1523435854706.7788
10.882112, 2.357811, 9.670495, 1523435854789.6279
10.811928, 2.332138, 9.683778, 1523435854872.4307
10.747235, 2.303975, 9.681483, 1523435854955.2339
10.680999, 2.274989, 9.682816, 1523435855038.4971
10.610968, 2.243576, 9.690827, 1523435855121.9453
10.547012, 2.194029, 9.674699, 1523435855205.4395
10.468506, 2.150069, 9.678823, 1523435855288.8413
10.414123, 2.098988, 9.6686, 1523435855372.1045
10.339394, 2.074812, 9.682028, 1523435855455.3223
10.266581, 2.027591, 9.690127, 1523435855538.4482
10.190535, 2.009798, 9.684302, 1523435855621.7578
10.111403, 1.994923, 9.675078, 1523435855704.8369
10.034981, 1.986938, 9.686391, 1523435855787.8701
9.969098, 1.980932, 9.677938, 1523435855870.4429
9.896049, 1.973313, 9.675406, 1523435855952.8770
9.819839, 1.973918, 9.662313, 1523435856035.2188
9.73547, 1.973593, 9.664321, 1523435856117.4229
9.662786, 1.959902, 9.684937, 1523435856199.3960
9.58578, 1.959109, 9.689201, 1523435856281.6001
9.523619, 1.966918, 9.692591, 1523435856364.3569
9.443267, 1.959954, 9.678621, 1523435856447.5747
9.364016, 1.948721, 9.683995, 1523435856531.0688
9.272479, 1.944909, 9.671746, 1523435856614.7012
9.177824, 1.938905, 9.657495, 1523435856698.5181
9.083178, 1.939076, 9.653732, 1523435856782.5649
9.002229, 1.924664, 9.665698, 1523435856866.7959
8.915401, 1.931732, 9.662469, 1523435856951.0732
8.844955, 1.93963, 9.682508, 1523435857035.0742
8.769137, 1.953197, 9.679491, 1523435857118.8447
8.6859, 1.963311, 9.665285, 1523435857202.2466
8.581005, 1.971245, 9.636867, 1523435857285.1875
8.50502, 1.979894, 9.648787, 1523435857367.9443
8.440119, 1.980393, 9.669015, 1523435857450.3325
8.359966, 1.970083, 9.673923, 1523435857532.8130
8.268798, 1.979007, 9.668997, 1523435857615.8003
8.181457, 1.975778, 9.652672, 1523435857699.0640
8.088212, 1.957211, 9.657795, 1523435857782.6963
8.007224, 1.950723, 9.638726, 1523435857866.5127
7.923378, 1.934551, 9.635839, 1523435857950.5137
7.833681, 1.919055, 9.634112, 1523435858034.6528
7.741446, 1.892674, 9.659304, 1523435858118.7925
7.656825, 1.872705, 9.666981, 1523435858202.9780
7.575973, 1.857242, 9.648355, 1523435858286.7480
7.493883, 1.827372, 9.656946, 1523435858370.1963
7.423566, 1.816798, 9.662978, 1523435858453.3677
7.346498, 1.804652, 9.654728, 1523435858536.3091
7.260172, 1.787743, 9.646305, 1523435858619.2500
7.186082, 1.78275, 9.656698, 1523435858702.1450
7.112031, 1.777206, 9.673247, 1523435858784.9478
7.035361, 1.768198, 9.667837, 1523435858867.7046
6.962039, 1.763486, 9.681466, 1523435858950.8765
6.88987, 1.756972, 9.685109, 1523435859034.3706
6.816246, 1.748906, 9.681452, 1523435859118.0488
6.72844, 1.748228, 9.67274, 1523435859201.8193
6.629482, 1.729715, 9.654635, 1523435859285.5898
6.551294, 1.712644, 9.652442, 1523435859369.2222
6.457055, 1.700194, 9.679186, 1523435859452.8545
6.38658, 1.703377, 9.675527, 1523435859536.5327
6.315205, 1.70924, 9.666966, 1523435859619.9346
6.249375, 1.722625, 9.680507, 1523435859703.1987
6.180287, 1.739348, 9.670055, 1523435859786.2778
6.097935, 1.748251, 9.666272, 1523435859869.2188
6.027366, 1.774187, 9.655919, 1523435859952.0679
5.959229, 1.798993, 9.665597, 1523435860034.7324
5.898483, 1.823904, 9.683674, 1523435860117.3511
5.832758, 1.856559, 9.686025, 1523435860200.0620
5.763453, 1.893202, 9.690507, 1523435860283.2798
5.707679, 1.928515, 9.691169, 1523435860366.7734
5.627214, 1.945097, 9.676539, 1523435860450.5903
5.561085, 1.997428, 9.670151, 1523435860534.5449
5.485778, 2.030779, 9.666056, 1523435860618.3618
5.420406, 2.067421, 9.656635, 1523435860702.0859
5.355726, 2.104833, 9.65916, 1523435860785.7646
5.293885, 2.160639, 9.668765, 1523435860869.4429
5.220812, 2.218258, 9.673937, 1523435860952.8447
5.170566, 2.264846, 9.688532, 1523435861035.9702
5.117277, 2.326746, 9.686655, 1523435861119.0034
5.06238, 2.380017, 9.682476, 1523435861201.7139
5.015148, 2.442371, 9.666499, 1523435861284.3784
4.966722, 2.505, 9.677526, 1523435861366.9048
4.920609, 2.560897, 9.69232, 1523435861449.2471
4.876081, 2.613578, 9.695319, 1523435861531.7271
4.838227, 2.680795, 9.700514, 1523435861614.6685
4.795233, 2.737, 9.707915, 1523435861697.7935
4.753524, 2.789491, 9.691549, 1523435861781.2417
4.706122, 2.862414, 9.681264, 1523435861865.0117
4.655329, 2.932598, 9.678115, 1523435861949.1050
4.600426, 3.00177, 9.684231, 1523435862033.2441
4.562531, 3.064654, 9.684065, 1523435862117.5674
4.523579, 3.151233, 9.679849, 1523435862201.5220
4.488191, 3.213743, 9.694338, 1523435862285.0161
4.471487, 3.280186, 9.691957, 1523435862368.1875
4.464314, 3.346957, 9.691409, 1523435862451.1748
4.458934, 3.416267, 9.673471, 1523435862534.0698
4.450603, 3.482889, 9.666846, 1523435862616.8721
4.445153, 3.550455, 9.679497, 1523435862699.2139
4.437118, 3.604011, 9.691228, 1523435862781.3257
4.432285, 3.665828, 9.701566, 1523435862863.6675
4.425945, 3.734651, 9.71003, 1523435862946.3779
4.40265, 3.813428, 9.709721, 1523435863029.1807
4.381653, 3.891064, 9.697841, 1523435863112.0757
4.364032, 3.972848, 9.67897, 1523435863194.8325
4.359195, 4.053605, 9.672018, 1523435863277.6353
4.347183, 4.128421, 9.671847, 1523435863360.6226
4.353362, 4.219964, 9.682668, 1523435863444.1167
4.34994, 4.314347, 9.701009, 1523435863527.4263
4.343597, 4.38991, 9.706075, 1523435863610.6899
4.354273, 4.460003, 9.700722, 1523435863693.8613
4.36764, 4.56498, 9.682237, 1523435863776.9404
4.375528, 4.628109, 9.688309, 1523435863860.0195
4.387681, 4.695811, 9.702235, 1523435863942.9604
4.405813, 4.744509, 9.72447, 1523435864025.7173
4.412137, 4.800509, 9.719702, 1523435864108.5659
4.426414, 4.867327, 9.718407, 1523435864191.9214
4.438098, 4.932769, 9.723481, 1523435864275.5537
4.44815, 5.013297, 9.7104, 1523435864359.4160
4.45862, 5.086058, 9.710709, 1523435864443.6011
4.471989, 5.164467, 9.696877, 1523435864527.9243
4.478794, 5.246272, 9.704899, 1523435864612.2012
4.483612, 5.335048, 9.724906, 1523435864696.5249
4.514767, 5.402955, 9.718102, 1523435864780.8022
4.537151, 5.479593, 9.721552, 1523435864864.7568
4.563612, 5.545217, 9.726588, 1523435864948.5732
4.605743, 5.595759, 9.714459, 1523435865032.1592
4.64601, 5.653677, 9.714288, 1523435865115.3765
4.68855, 5.691473, 9.702916, 1523435865198.2251
4.72859, 5.741644, 9.703267, 1523435865280.5210
4.761349, 5.787669, 9.71747, 1523435865362.3564
4.810205, 5.82222, 9.720317, 1523435865444.5596
4.870154, 5.857634, 9.71808, 1523435865527.1323
4.927887, 5.895751, 9.71284, 1523435865609.9810
5.00483, 5.945387, 9.705298, 1523435865693.0601
5.088423, 5.990981, 9.687164, 1523435865776.0933
5.164891, 6.029972, 9.684659, 1523435865859.4028
5.234664, 6.050909, 9.6935, 1523435865943.2188
5.306549, 6.067186, 9.703104, 1523435866027.1274
5.377057, 6.083653, 9.709142, 1523435866110.8516
5.433408, 6.086563, 9.713136, 1523435866194.0229
5.496396, 6.090959, 9.710436, 1523435866276.7793
5.578793, 6.080512, 9.699357, 1523435866359.3521
5.651978, 6.07986, 9.674126, 1523435866441.8779
5.722295, 6.074235, 9.690969, 1523435866524.1274
5.781372, 6.077366, 9.724161, 1523435866606.2852
5.839291, 6.078587, 9.72333, 1523435866688.9033
5.909369, 6.073626, 9.7237, 1523435866772.2129
5.971972, 6.076699, 9.704695, 1523435866855.7983
6.042495, 6.09532, 9.729302, 1523435866939.3848
6.127482, 6.1071, 9.688104, 1523435867023.1089
6.219669, 6.129507, 9.69818, 1523435867106.5107
6.322574, 6.152672, 9.693627, 1523435867190.0503
6.413409, 6.133488, 9.699034, 1523435867274.0054
6.480719, 6.130035, 9.694038, 1523435867357.7759
6.542218, 6.134639, 9.704666, 1523435867441.4077
6.612247, 6.123652, 9.705743, 1523435867524.9478
6.695007, 6.124445, 9.708998, 1523435867608.1187
6.770357, 6.124992, 9.705093, 1523435867691.1519
6.845747, 6.120265, 9.708302, 1523435867773.9546
6.918894, 6.125362, 9.714241, 1523435867856.4805
7.00919, 6.132489, 9.711893, 1523435867939.1450
7.095256, 6.130621, 9.717639, 1523435868022.4087
7.185429, 6.143724, 9.713925, 1523435868105.6719
7.272107, 6.163944, 9.702836, 1523435868189.0732
7.36687, 6.166734, 9.695999, 1523435868272.7056
7.4684, 6.177466, 9.693828, 1523435868356.4756
7.550039, 6.179288, 9.712718, 1523435868440.6602
7.635424, 6.184959, 9.718931, 1523435868524.9375
7.713779, 6.193491, 9.714896, 1523435868608.7075
7.785331, 6.204235, 9.725266, 1523435868692.0630
7.857676, 6.208026, 9.72115, 1523435868775.1421
7.940053, 6.214378, 9.713874, 1523435868857.9907
8.022187, 6.219395, 9.701528, 1523435868940.7471
8.102452, 6.220055, 9.706401, 1523435869023.5957
8.18675, 6.22072, 9.712563, 1523435869106.2603
8.280543, 6.240972, 9.70662, 1523435869189.1089
8.369342, 6.246907, 9.716126, 1523435869272.2339
8.450502, 6.269282, 9.713331, 1523435869355.4053
8.539684, 6.292791, 9.699337, 1523435869438.9448
8.63498, 6.308688, 9.682581, 1523435869522.7148
8.719471, 6.344636, 9.678337, 1523435869606.4395
8.796995, 6.370196, 9.699102, 1523435869690.6240
8.877332, 6.376575, 9.706702, 1523435869774.7632
8.964668, 6.410004, 9.71519, 1523435869858.4409
9.041368, 6.433109, 9.72001, 1523435869941.7969
9.119307, 6.449962, 9.700474, 1523435870024.8755
9.210865, 6.477568, 9.693182, 1523435870107.8164
9.296538, 6.487165, 9.687598, 1523435870190.8037
9.373598, 6.498537, 9.691786, 1523435870273.6060
9.449225, 6.51559, 9.719385, 1523435870356.1318
9.537225, 6.5386, 9.717784, 1523435870438.7505
9.619353, 6.564302, 9.739529, 1523435870521.7832
9.691873, 6.59213, 9.736679, 1523435870605.0005
9.76938, 6.621558, 9.728728, 1523435870688.5405
9.850837, 6.650059, 9.718588, 1523435870772.3105
9.925739, 6.679447, 9.726635, 1523435870856.3569
10.011065, 6.694757, 9.732916, 1523435870940.8643
10.094526, 6.724755, 9.739298, 1523435871024.8647
10.170632, 6.747646, 9.741781, 1523435871108.6812
10.254829, 6.75109, 9.737483, 1523435871192.3589
10.337735, 6.76395, 9.729343, 1523435871275.5303
10.416816, 6.779587, 9.715182, 1523435871358.4243
10.495813, 6.779078, 9.72601, 1523435871441.1807
10.565307, 6.782387, 9.744532, 1523435871523.7524
10.638672, 6.787426, 9.74551, 1523435871606.3247
10.723699, 6.785465, 9.73833, 1523435871689.1729
10.798475, 6.78618, 9.747959, 1523435871772.0674
10.873853, 6.802001, 9.744308, 1523435871855.0542
10.964141, 6.810139, 9.723868, 1523435871938.2251
11.053666, 6.829711, 9.717135, 1523435872021.2583
11.146224, 6.846799, 9.720164, 1523435872104.5674
11.234593, 6.863164, 9.726611, 1523435872188.1069
11.324768, 6.867761, 9.72924, 1523435872271.6470
11.410061, 6.88131, 9.740156, 1523435872354.9097
11.493296, 6.887679, 9.739064, 1523435872438.0352
11.579626, 6.890409, 9.724409, 1523435872521.0679
11.67113, 6.90002, 9.713948, 1523435872603.9165
11.756865, 6.897802, 9.710203, 1523435872686.6724
11.838292, 6.904471, 9.740255, 1523435872769.1523
11.918156, 6.908998, 9.735674, 1523435872851.8628
12.006449, 6.905981, 9.747459, 1523435872935.1260
12.096969, 6.927394, 9.740531, 1523435873018.4351
12.188765, 6.957092, 9.727689, 1523435873101.6523
12.28333, 6.988659, 9.709082, 1523435873184.7773
12.373737, 7.029177, 9.698793, 1523435873267.8564
12.458186, 7.064564, 9.707635, 1523435873351.3965
12.54506, 7.077462, 9.721479, 1523435873435.3970
12.613257, 7.103297, 9.737535, 1523435873519.0283
12.665329, 7.139489, 9.745902, 1523435873602.2456
12.747725, 7.164257, 9.744958, 1523435873685.5552
12.83547, 7.186269, 9.723162, 1523435873769.0947
12.933219, 7.197617, 9.728226, 1523435873853.0493
13.022332, 7.217818, 9.727421, 1523435873937.0034
13.098063, 7.261753, 9.736631, 1523435874020.3589
13.181664, 7.296975, 9.729658, 1523435874103.8521
13.263008, 7.335819, 9.739382, 1523435874187.2529
13.326838, 7.387397, 9.741856, 1523435874270.6084
13.386738, 7.41346, 9.72076, 1523435874354.3325
13.452147, 7.446604, 9.728254, 1523435874438.0562
13.512858, 7.476333, 9.747388, 1523435874522.1025
13.58034, 7.509334, 9.749852, 1523435874606.1948
13.653206, 7.565588, 9.743475, 1523435874689.7808
13.722845, 7.616434, 9.734219, 1523435874772.9058
13.789742, 7.651418, 9.743505, 1523435874855.5693
13.85465, 7.681968, 9.729048, 1523435874938.1416
13.9198, 7.693877, 9.739922, 1523435875020.6206
13.980543, 7.717903, 9.743145, 1523435875102.7778
14.048774, 7.746621, 9.72292, 1523435875185.0273
14.124854, 7.772575, 9.710786, 1523435875267.6455
14.176709, 7.79986, 9.710114, 1523435875350.3096
14.220959, 7.830925, 9.699494, 1523435875433.4800
14.264913, 7.855606, 9.669309, 1523435875516.9277
14.296065, 7.888891, 9.646391, 1523435875600.3755
14.319963, 7.931148, 9.586269, 1523435875683.7305
14.338831, 7.986784, 9.547585, 1523435875766.8555
14.37396, 8.047469, 9.53164, 1523435875849.7500
14.405198, 8.085243, 9.533102, 1523435875932.4600
14.43436, 8.11313, 9.519142, 1523435876014.9399
14.46102, 8.128174, 9.483733, 1523435876097.6040
14.495616, 8.141068, 9.430059, 1523435876180.4067
14.536229, 8.143312, 9.392922, 1523435876263.5312
14.588285, 8.156698, 9.363833, 1523435876347.1172
14.641402, 8.200155, 9.336857, 1523435876431.0718
14.688565, 8.248674, 9.342013, 1523435876515.2100
14.718889, 8.30061, 9.319653, 1523435876599.3486
14.749707, 8.339791, 9.275996, 1523435876683.4409
14.780695, 8.38905, 9.21723, 1523435876767.2109
14.804646, 8.445977, 9.187028, 1523435876850.7041
14.83336, 8.493161, 9.177824, 1523435876933.9673
14.860662, 8.53327, 9.179274, 1523435877016.9077
14.891522, 8.565099, 9.162807, 1523435877099.6641
14.932452, 8.599561, 9.134171, 1523435877182.3740
14.97595, 8.634356, 9.092873, 1523435877265.1299
15.027054, 8.677258, 9.053936, 1523435877348.0703
15.082136, 8.737947, 9.04087, 1523435877431.1953
15.122107, 8.806423, 9.041567, 1523435877514.5503
15.155877, 8.877846, 9.035444, 1523435877598.0903
15.199904, 8.950375, 9.030265, 1523435877681.8599
15.224743, 9.020308, 9.020012, 1523435877765.5376
15.248914, 9.082617, 9.024407, 1523435877849.3540
15.288633, 9.142504, 9.038283, 1523435877933.4927
15.318201, 9.208264, 9.042941, 1523435878017.3540
15.349998, 9.262986, 9.050343, 1523435878101.0781
15.386364, 9.31917, 9.051432, 1523435878184.4331
15.419828, 9.372744, 9.043733, 1523435878267.4194
15.458126, 9.430936, 9.030386, 1523435878350.0835
15.484953, 9.490207, 9.030267, 1523435878432.4248
15.510762, 9.538177, 9.026175, 1523435878514.8120
15.541902, 9.592481, 9.030584, 1523435878597.6143
15.554377, 9.643664, 9.027914, 1523435878680.7847
15.570042, 9.704194, 9.013229, 1523435878764.3706
15.581191, 9.75662, 8.979039, 1523435878848.2324
15.590796, 9.80782, 8.92479, 1523435878932.1865
15.596581, 9.856404, 8.883519, 1523435879016.1865
15.591254, 9.915915, 8.855291, 1523435879099.8179
15.577307, 9.981771, 8.835976, 1523435879182.9429
15.583114, 10.046251, 8.818917, 1523435879265.8369
15.58879, 10.088519, 8.78758, 1523435879348.4546
15.601411, 10.130654, 8.748284, 1523435879431.2104
15.629162, 10.181749, 8.698313, 1523435879514.3813
15.648452, 10.237149, 8.656531, 1523435879597.7363
15.665138, 10.299047, 8.639993, 1523435879681.1836
15.662517, 10.353663, 8.637349, 1523435879764.5850
15.65954, 10.404432, 8.627412, 1523435879848.0776
15.659044, 10.453535, 8.597337, 1523435879931.6172
15.65929, 10.512212, 8.544368, 1523435880015.1567
15.654266, 10.570758, 8.496158, 1523435880098.5117
15.648942, 10.632388, 8.474595, 1523435880181.7749
15.638544, 10.686582, 8.474648, 1523435880264.4849
15.636178, 10.737078, 8.473084, 1523435880346.9185
15.650966, 10.778639, 8.447803, 1523435880429.3979
15.65844, 10.82303, 8.413283, 1523435880511.8774
15.676425, 10.876742, 8.364746, 1523435880594.5879
15.698249, 10.930454, 8.322633, 1523435880677.5742
15.712135, 10.98997, 8.290792, 1523435880760.6064
15.713856, 11.04551, 8.291783, 1523435880843.8691
15.719325, 11.103406, 8.298583, 1523435880927.6387
15.709357, 11.156789, 8.275063, 1523435881011.3164
15.707104, 11.227251, 8.232923, 1523435881095.0854
15.708842, 11.293629, 8.174978, 1523435881178.7632
15.694473, 11.35971, 8.122219, 1523435881262.3486
15.679597, 11.436913, 8.091335, 1523435881345.7954
15.671764, 11.499164, 8.078839, 1523435881428.7817
15.671554, 11.557701, 8.072662, 1523435881511.6299
15.677614, 11.610741, 8.05734, 1523435881594.2476
15.679599, 11.661442, 8.024482, 1523435881676.8652
15.679339, 11.706925, 7.972036, 1523435881759.5293
15.690993, 11.758418, 7.926252, 1523435881842.2852
15.704915, 11.82263, 7.901932, 1523435881925.5015
15.704428, 11.885659, 7.898333, 1523435882008.9946
15.693908, 11.94003, 7.896435, 1523435882092.7642
15.678251, 11.993905, 7.876384, 1523435882176.5796
15.660375, 12.047312, 7.844146, 1523435882260.3955
15.634885, 12.094238, 7.803195, 1523435882344.0728
15.612194, 12.137372, 7.79092, 1523435882427.7041
15.580001, 12.204308, 7.777231, 1523435882511.0132
15.550451, 12.266492, 7.785538, 1523435882594.0913
15.536221, 12.329655, 7.790154, 1523435882676.9395
15.523068, 12.390244, 7.777288, 1523435882759.6958
15.523637, 12.439921, 7.78237, 1523435882842.5898
15.538774, 12.481197, 7.793293, 1523435882925.6680
15.543796, 12.523824, 7.799791, 1523435883008.9771
15.525743, 12.58008, 7.794212, 1523435883092.2861
15.518643, 12.632959, 7.7875, 1523435883175.9629
15.50567, 12.673966, 7.795197, 1523435883259.7788
15.492038, 12.713425, 7.794155, 1523435883344.0093
15.478051, 12.736846, 7.792691, 1523435883428.3779
15.47079, 12.735023, 7.801725, 1523435883512.5161
15.45423, 12.73408, 7.80749, 1523435883596.5161
15.435969, 12.737819, 7.796142, 1523435883680.2856
15.424855, 12.737301, 7.798861, 1523435883763.8247
15.414838, 12.720101, 7.800052, 1523435883847.0874
15.399648, 12.722656, 7.788576, 1523435883930.2578
15.390846, 12.721442, 7.787233, 1523435884013.3823
15.376972, 12.723344, 7.786458, 1523435884096.4146
15.36803, 12.724789, 7.785148, 1523435884179.3545
15.364841, 12.722882, 7.784733, 1523435884262.2949
15.360161, 12.725136, 7.78423, 1523435884345.2812
15.359211, 12.722017, 7.783891, 1523435884428.3594
15.356853, 12.722239, 7.781862, 1523435884511.3457
15.355092, 12.722582, 7.782277, 1523435884594.3779
15.352644, 12.71828, 7.78442, 1523435884677.2720
15.347523, 12.716116, 7.786925, 1523435884760.1201
15.337162, 12.707745, 7.785156, 1523435884842.8301
15.318301, 12.69311, 7.783989, 1523435884925.3091
15.296211, 12.674099, 7.780067, 1523435885007.6963
15.274759, 12.657331, 7.779064, 1523435885089.9912
15.256352, 12.632678, 7.780386, 1523435885172.3325
15.237899, 12.612008, 7.772617, 1523435885254.7656
15.222477, 12.596326, 7.774758, 1523435885337.4756
15.21239, 12.579579, 7.773166, 1523435885420.3696
15.204294, 12.572683, 7.773055, 1523435885503.4941
15.196781, 12.570125, 7.772477, 1523435885586.8950
15.192489, 12.571294, 7.772584, 1523435885670.3423
15.19634, 12.579323, 7.781978, 1523435885753.8354
15.196211, 12.588832, 7.788809, 1523435885837.4204
15.181987, 12.600682, 7.780231, 1523435885921.0518
15.160645, 12.617644, 7.766881, 1523435886004.6367
15.140483, 12.620047, 7.761338, 1523435886087.9917
15.121157, 12.615269, 7.762898, 1523435886171.3008
15.118834, 12.605937, 7.757808, 1523435886254.6558
15.123506, 12.592381, 7.765181, 1523435886338.1948
15.146463, 12.565088, 7.773551, 1523435886421.9185
15.179991, 12.547971, 7.775477, 1523435886505.6885
15.208387, 12.528282, 7.777158, 1523435886589.4116
15.23072, 12.510145, 7.772822, 1523435886673.1812
15.264879, 12.498025, 7.77283, 1523435886756.9971
15.294986, 12.481611, 7.77336, 1523435886840.8125
15.322485, 12.467649, 7.768727, 1523435886924.6743
15.346642, 12.451278, 7.763127, 1523435887008.3516
15.36984, 12.440032, 7.753742, 1523435887091.7983
15.395158, 12.432439, 7.753848, 1523435887174.9688
15.417212, 12.42571, 7.75885, 1523435887257.9087
15.430795, 12.419277, 7.759218, 1523435887340.6646
15.432287, 12.428484, 7.749835, 1523435887423.2822
15.433868, 12.42831, 7.763014, 1523435887505.8535
15.435802, 12.444893, 7.769912, 1523435887588.2871
15.424572, 12.442906, 7.74612, 1523435887670.9507
15.420641, 12.422776, 7.751422, 1523435887753.7061
15.423946, 12.415377, 7.750348, 1523435887836.6924
15.428235, 12.407848, 7.762154, 1523435887919.9087
15.429145, 12.41443, 7.759273, 1523435888003.3555
15.428866, 12.433198, 7.761831, 1523435888087.0791
15.430132, 12.450063, 7.770696, 1523435888170.9868
15.425826, 12.493045, 7.775417, 1523435888255.0791
15.425743, 12.521229, 7.782033, 1523435888339.1250
15.414957, 12.563846, 7.782203, 1523435888423.1245
15.409986, 12.608189, 7.78227, 1523435888507.1704
15.409483, 12.636838, 7.784381, 1523435888591.0322
15.409271, 12.672095, 7.784185, 1523435888674.8018
15.409408, 12.699628, 7.784678, 1523435888758.2490
15.411516, 12.730302, 7.775486, 1523435888841.4648
15.406051, 12.758333, 7.774819, 1523435888924.3589
15.400276, 12.784848, 7.775152, 1523435889007.0684
15.392293, 12.80284, 7.773235, 1523435889089.6396
15.385716, 12.815179, 7.771107, 1523435889172.2114
15.379276, 12.818379, 7.769448, 1523435889254.7827
15.371047, 12.806542, 7.780505, 1523435889337.4458
15.377102, 12.782011, 7.783907, 1523435889420.3857
15.38833, 12.766922, 7.784959, 1523435889503.7402
15.399488, 12.755101, 7.781375, 1523435889587.2788
15.408501, 12.754202, 7.775891, 1523435889670.9097
15.408022, 12.756001, 7.770453, 1523435889754.4951
15.413676, 12.755162, 7.767727, 1523435889838.0342
15.402047, 12.753058, 7.767905, 1523435889921.6187
15.381021, 12.739124, 7.771228, 1523435890005.2036
15.356885, 12.724361, 7.772856, 1523435890088.8350
15.326111, 12.702112, 7.779537, 1523435890172.4658
15.291245, 12.685556, 7.781938, 1523435890256.2349
15.253929, 12.674223, 7.77184, 1523435890340.0508
15.221741, 12.659604, 7.767792, 1523435890423.8198
15.197288, 12.6426, 7.766847, 1523435890507.5894
15.174379, 12.644196, 7.760351, 1523435890591.2666
15.15191, 12.641701, 7.757361, 1523435890674.8516
15.144102, 12.634404, 7.759582, 1523435890758.2983
15.136741, 12.629336, 7.760041, 1523435890841.6528
15.144364, 12.622011, 7.769779, 1523435890924.8691
15.152991, 12.614252, 7.776103, 1523435891007.9473
15.164401, 12.620677, 7.770396, 1523435891091.2095
15.174029, 12.630586, 7.776944, 1523435891174.5640
15.175655, 12.630828, 7.778186, 1523435891257.8262
15.174542, 12.63414, 7.77589, 1523435891341.0430
15.175839, 12.637123, 7.775178, 1523435891424.3511
15.169351, 12.652116, 7.77199, 1523435891507.6133
15.160601, 12.653584, 7.770331, 1523435891590.6914
15.150187, 12.653191, 7.768395, 1523435891673.6772
15.138518, 12.653625, 7.770926, 1523435891756.6172
15.124532, 12.654748, 7.766342, 1523435891839.6035
15.099792, 12.669404, 7.758153, 1523435891922.7275
15.078193, 12.683377, 7.753322, 1523435892005.8057
15.0605, 12.697092, 7.751359, 1523435892088.8374
15.033938, 12.737018, 7.743392, 1523435892171.9155
15.017526, 12.77564, 7.737992, 1523435892255.0400
14.990092, 12.826556, 7.732695, 1523435892338.1182
14.96361, 12.871763, 7.726031, 1523435892421.0117
14.940862, 12.921298, 7.732117, 1523435892503.7212
14.91894, 12.967402, 7.747663, 1523435892586.2920
14.890437, 13.016448, 7.752909, 1523435892668.8174
14.869455, 13.055078, 7.757616, 1523435892751.5269
14.860474, 13.084927, 7.769212, 1523435892834.5591
14.832196, 13.11119, 7.770119, 1523435892917.8218
14.810852, 13.141349, 7.764791, 1523435893001.4062
14.786262, 13.159255, 7.758206, 1523435893084.9912
14.771534, 13.171584, 7.741943, 1523435893168.7144
14.749162, 13.202543, 7.699746, 1523435893252.5298
14.705887, 13.239632, 7.641622, 1523435893336.2529
14.66687, 13.265868, 7.605202, 1523435893419.8379
14.615328, 13.29358, 7.571465, 1523435893503.2847
14.559283, 13.327575, 7.552344, 1523435893586.3628
14.51409, 13.36464, 7.54796, 1523435893669.3486
14.472821, 13.392867, 7.533016, 1523435893752.1040
14.445699, 13.424478, 7.503603, 1523435893834.8140
14.421895, 13.451739, 7.458175, 1523435893917.4771
14.399207, 13.490924, 7.412115, 1523435894000.1865
14.373007, 13.535378, 7.377875, 1523435894083.1724
14.346874, 13.567098, 7.37092, 1523435894166.7114
14.309827, 13.603172, 7.364515, 1523435894250.5273
14.27366, 13.622865, 7.348388, 1523435894334.3423
14.243772, 13.644055, 7.31542, 1523435894418.2041
14.208053, 13.661196, 7.272428, 1523435894501.9272
14.164851, 13.674163, 7.241428, 1523435894585.5122
14.112412, 13.685682, 7.217658, 1523435894668.5903
14.064884, 13.700771, 7.21074, 1523435894751.3916
14.019862, 13.731365, 7.194725, 1523435894834.1934
13.972122, 13.765121, 7.171394, 1523435894916.9492
13.920396, 13.800578, 7.127863, 1523435894999.7505
13.875035, 13.834596, 7.096763, 1523435895082.5522
13.824253, 13.864647, 7.068443, 1523435895165.4458
13.768496, 13.900642, 7.062465, 1523435895248.7085
13.701982, 13.932386, 7.059831, 1523435895332.2935
13.634722, 13.962991, 7.066339, 1523435895416.1548
13.563335, 13.985439, 7.05178, 1523435895499.9702
13.5034, 13.993663, 7.056894, 1523435895583.7397
13.447165, 14.011477, 7.068974, 1523435895667.9697
13.384355, 14.026102, 7.063939, 1523435895752.0615
13.332619, 14.026571, 7.074425, 1523435895835.7388
13.272469, 14.035969, 7.078274, 1523435895918.9092
13.221292, 14.047079, 7.073701, 1523435896001.7104
13.164695, 14.068243, 7.067664, 1523435896084.4663
13.115219, 14.08855, 7.06262, 1523435896167.0835
13.083674, 14.097641, 7.075984, 1523435896249.5630
13.039577, 14.111788, 7.069713, 1523435896331.9497
12.978133, 14.148005, 7.057089, 1523435896414.8896
12.936267, 14.162949, 7.064738, 1523435896498.0596
12.89327, 14.17714, 7.060222, 1523435896581.5986
12.838263, 14.186907, 7.039426, 1523435896665.3677
12.781994, 14.184287, 7.004145, 1523435896749.0913
12.726274, 14.179923, 6.97152, 1523435896832.9062
12.68071, 14.168079, 6.920787, 1523435896916.6294
12.632959, 14.142677, 6.896009, 1523435897000.1685
12.595559, 14.113982, 6.894912, 1523435897083.4312
12.542908, 14.090828, 6.88357, 1523435897166.2788
12.504321, 14.087303, 6.892206, 1523435897249.0806
12.471249, 14.087017, 6.883011, 1523435897331.8823
12.436913, 14.093441, 6.851917, 1523435897414.7300
12.395228, 14.110318, 6.803672, 1523435897497.6699
12.354746, 14.130456, 6.742475, 1523435897580.7944
12.316099, 14.150502, 6.71326, 1523435897663.9180
12.255694, 14.177396, 6.694382, 1523435897747.3652
12.210805, 14.183673, 6.698708, 1523435897831.0884
12.156459, 14.184575, 6.705499, 1523435897914.9497
12.102779, 14.187631, 6.684781, 1523435897998.8110
12.049757, 14.19458, 6.640936, 1523435898082.7188
12.00315, 14.194585, 6.586008, 1523435898166.3037
11.960621, 14.176276, 6.539911, 1523435898249.5200
11.902016, 14.161009, 6.504596, 1523435898332.5059
11.851054, 14.140047, 6.49343, 1523435898415.3081
11.80851, 14.141766, 6.502843, 1523435898498.2939
11.777823, 14.149925, 6.505909, 1523435898581.1416
11.739482, 14.159228, 6.483888, 1523435898664.0352
11.703932, 14.179578, 6.447886, 1523435898746.9292
11.661956, 14.200011, 6.401129, 1523435898829.7305
11.632016, 14.224356, 6.359379, 1523435898912.7627
11.578089, 14.25003, 6.332701, 1523435898995.8867
11.533689, 14.277463, 6.337025, 1523435899079.3335
11.500636, 14.286906, 6.349492, 1523435899163.0566
11.461185, 14.287244, 6.344384, 1523435899246.8262
11.410761, 14.289891, 6.318925, 1523435899330.6411
11.373585, 14.282039, 6.27519, 1523435899414.2266
11.319651, 14.267533, 6.224639, 1523435899497.4883
11.262529, 14.246631, 6.181029, 1523435899580.3359
11.208039, 14.218625, 6.149191, 1523435899662.8613
11.154058, 14.207049, 6.147976, 1523435899745.3398
11.10497, 14.199839, 6.152184, 1523435899828.0498
11.074899, 14.193766, 6.137509, 1523435899911.0356
11.030992, 14.185197, 6.108123, 1523435899994.2061
10.988284, 14.184691, 6.072381, 1523435900077.6069
10.946181, 14.191469, 6.02538, 1523435900161.3765
10.90808, 14.205319, 5.988133, 1523435900245.5605
10.878671, 14.211694, 5.9673, 1523435900330.0669
10.857562, 14.198812, 5.974207, 1523435900414.3887
10.84873, 14.178526, 5.975573, 1523435900498.5728
10.821244, 14.156036, 5.95933, 1523435900582.4346
10.779232, 14.129185, 5.935647, 1523435900666.2495
10.735946, 14.10061, 5.907889, 1523435900750.1104
10.68811, 14.068363, 5.873187, 1523435900833.8799
10.631625, 14.021943, 5.828228, 1523435900917.3721
10.584476, 13.980629, 5.809157, 1523435901000.5884
10.516475, 13.938896, 5.784753, 1523435901083.7124
10.441204, 13.900364, 5.777615, 1523435901166.8364
10.389152, 13.876285, 5.785017, 1523435901249.7764
10.339824, 13.848484, 5.771109, 1523435901332.3013
10.288933, 13.832603, 5.734485, 1523435901414.9185
10.239558, 13.819465, 5.691061, 1523435901497.4897
10.185733, 13.81298, 5.642409, 1523435901580.3838
10.134445, 13.8072, 5.618867, 1523435901663.4619
10.068482, 13.795549, 5.592687, 1523435901746.9087
10.007506, 13.770929, 5.590552, 1523435901830.2632
9.948222, 13.743179, 5.583275, 1523435901913.6177
9.877857, 13.726746, 5.557853, 1523435901997.0181
9.805664, 13.70923, 5.525925, 1523435902080.4185
9.730536, 13.694028, 5.49248, 1523435902163.7734
9.66425, 13.671719, 5.454604, 1523435902246.8511
9.585803, 13.649567, 5.437415, 1523435902329.6533
9.500614, 13.633052, 5.441551, 1523435902412.3623
9.422313, 13.616618, 5.451736, 1523435902495.1641
9.354615, 13.59571, 5.453259, 1523435902577.7354
9.269594, 13.566134, 5.430019, 1523435902660.2148
9.182787, 13.544152, 5.409949, 1523435902742.6938
9.115449, 13.514761, 5.423236, 1523435902825.1270
9.06042, 13.473267, 5.424517, 1523435902907.3291
8.982216, 13.434799, 5.42029, 1523435902989.9004
8.904754, 13.403389, 5.422986, 1523435903072.5635
8.865621, 13.348988, 5.432323, 1523435903155.2271
8.832761, 13.303059, 5.42418, 1523435903238.2588
8.789305, 13.249707, 5.416623, 1523435903321.4751
8.760939, 13.195027, 5.413974, 1523435903405.0137
8.723058, 13.136275, 5.426294, 1523435903489.0132
8.683055, 13.077672, 5.433655, 1523435903573.2432
8.649646, 13.012716, 5.431617, 1523435903657.4272
8.626985, 12.950779, 5.436618, 1523435903741.1504
8.604049, 12.905241, 5.437271, 1523435903824.5508
8.562457, 12.858215, 5.426872, 1523435903907.8594
8.528042, 12.822375, 5.426282, 1523435903991.2144
8.496387, 12.793041, 5.441419, 1523435904074.5684
8.467432, 12.748033, 5.429754, 1523435904157.7388
8.432642, 12.689791, 5.40553, 1523435904241.2314
8.396443, 12.638141, 5.412501, 1523435904325.0010
8.381752, 12.594483, 5.420993, 1523435904408.9087
8.369523, 12.548164, 5.407755, 1523435904493.1382
8.359092, 12.502322, 5.377844, 1523435904577.3223
8.358813, 12.454395, 5.347643, 1523435904661.5518
8.365645, 12.408956, 5.304002, 1523435904745.8281
8.373901, 12.351145, 5.257159, 1523435904829.8740
8.392687, 12.289637, 5.22885, 1523435904913.5967
8.407884, 12.229753, 5.22317, 1523435904996.9053
8.403448, 12.177225, 5.215874, 1523435905079.9370
8.396059, 12.138052, 5.19629, 1523435905162.7388
8.382813, 12.100411, 5.162314, 1523435905245.4482
8.357298, 12.064584, 5.123356, 1523435905328.1118
8.339593, 12.032681, 5.080264, 1523435905410.8672
8.316414, 12.001588, 5.052493, 1523435905493.8530
8.29652, 11.94784, 5.047624, 1523435905577.0693
8.299246, 11.904795, 5.052126, 1523435905660.5161
8.304333, 11.861718, 5.04784, 1523435905743.9165
8.306929, 11.819463, 5.019389, 1523435905827.3628
8.313688, 11.766417, 4.971715, 1523435905910.8096
8.326269, 11.712379, 4.924099, 1523435905994.1641
8.351513, 11.656639, 4.886589, 1523435906077.3340
8.38553, 11.588869, 4.862094, 1523435906160.0435
8.400642, 11.534205, 4.857123, 1523435906242.7988
8.399682, 11.478464, 4.855385, 1523435906325.6001
8.39728, 11.426051, 4.833868, 1523435906408.3096
8.375776, 11.374254, 4.79339, 1523435906491.2031
8.364526, 11.328576, 4.750762, 1523435906574.0508
8.348454, 11.292243, 4.706742, 1523435906657.0371
8.32695, 11.248631, 4.679161, 1523435906740.3452
8.314876, 11.194373, 4.665408, 1523435906823.8379
8.318822, 11.142502, 4.663693, 1523435906907.4688
8.323441, 11.09057, 4.654701, 1523435906991.0996
8.330648, 11.03853, 4.625269, 1523435907074.5464
8.33282, 10.983335, 4.574975, 1523435907158.0396
8.341063, 10.922472, 4.530749, 1523435907241.3013
8.366702, 10.867205, 4.501927, 1523435907324.3335
8.375572, 10.800075, 4.485291, 1523435907406.9502
8.380996, 10.747838, 4.480901, 1523435907489.3833
8.37532, 10.698541, 4.467801, 1523435907571.7241
8.368743, 10.651886, 4.437027, 1523435907654.1108
8.354395, 10.607323, 4.396207, 1523435907736.6826
8.337809, 10.56389, 4.354105, 1523435907819.2993
8.321661, 10.515278, 4.314496, 1523435907902.1011
8.301369, 10.461929, 4.302195, 1523435907985.3174
8.300347, 10.406114, 4.30433, 1523435908068.7637
8.304811, 10.353808, 4.299798, 1523435908152.6250
8.300416, 10.302025, 4.273065, 1523435908236.5786
8.297643, 10.243866, 4.223548, 1523435908320.5781
8.297903, 10.18855, 4.170103, 1523435908404.3936
8.307067, 10.128176, 4.123508, 1523435908487.9321
8.317907, 10.075854, 4.109292, 1523435908571.1943
8.327347, 10.029078, 4.114251, 1523435908654.2261
8.320868, 9.988884, 4.112, 1523435908737.1660
8.317058, 9.942068, 4.088972, 1523435908819.9673
8.311063, 9.899671, 4.054569, 1523435908902.7690
8.299414, 9.854952, 4.009577, 1523435908985.5244
8.282354, 9.810299, 3.963995, 1523435909068.3721
8.270628, 9.759459, 3.934754, 1523435909151.5420
8.256063, 9.696578, 3.926795, 1523435909235.0811
8.256429, 9.637527, 3.932125, 1523435909318.8501
8.260508, 9.576418, 3.915806, 1523435909402.6655
8.257424, 9.51498, 3.87938, 1523435909486.4351
8.256929, 9.448652, 3.823465, 1523435909570.1582
8.264458, 9.383671, 3.772485, 1523435909653.7891
8.269235, 9.317644, 3.739842, 1523435909737.2354
8.289127, 9.260015, 3.729141, 1523435909820.3135
8.295203, 9.217245, 3.730903, 1523435909903.1147
8.294371, 9.177899, 3.709333, 1523435909985.7314
8.287517, 9.135888, 3.675112, 1523435910068.3491
8.280607, 9.090706, 3.625664, 1523435910151.1504
8.264818, 9.045059, 3.581893, 1523435910234.1821
8.249895, 8.996442, 3.560175, 1523435910317.5361
8.240942, 8.940046, 3.558547, 1523435910401.0752
8.247004, 8.885336, 3.556329, 1523435910484.6597
8.247815, 8.826995, 3.542542, 1523435910568.2446
8.252103, 8.769719, 3.511015, 1523435910651.8760
8.248492, 8.708335, 3.457154, 1523435910735.5986
8.252747, 8.638977, 3.401413, 1523435910819.0454
8.268641, 8.576426, 3.368062, 1523435910902.3540
8.285367, 8.518513, 3.350315, 1523435910985.2476
8.297549, 8.472136, 3.352397, 1523435911068.0952
8.295393, 8.420939, 3.34342, 1523435911150.8506
8.3009, 8.369589, 3.30604, 1523435911233.5605
8.291537, 8.314726, 3.257005, 1523435911316.5000
8.282791, 8.257687, 3.207513, 1523435911399.5317
8.272112, 8.193549, 3.173973, 1523435911482.8862
8.257453, 8.120033, 3.161275, 1523435911566.6553
8.264791, 8.051907, 3.15856, 1523435911650.6548
8.266875, 7.99614, 3.142395, 1523435911734.8389
8.2838, 7.926993, 3.10402, 1523435911818.9761
8.277912, 7.872618, 3.044477, 1523435911902.8833
8.295197, 7.818605, 3.005729, 1523435911986.5137
8.308466, 7.752422, 2.985093, 1523435912069.6841
8.319025, 7.691252, 2.977258, 1523435912152.4395
8.327044, 7.637289, 2.974991, 1523435912235.1021
8.326733, 7.582414, 2.939227, 1523435912317.6733
8.328139, 7.530118, 2.894677, 1523435912400.3364
8.323299, 7.489167, 2.846558, 1523435912483.1377
8.314401, 7.431912, 2.810348, 1523435912566.0312
8.292347, 7.364059, 2.794292, 1523435912649.3857
8.297623, 7.300201, 2.79158, 1523435912733.1084
8.302961, 7.251905, 2.7861, 1523435912817.0620
8.311984, 7.201296, 2.745185, 1523435912900.9692
8.326196, 7.155091, 2.704982, 1523435912984.6460
8.340007, 7.098649, 2.651421, 1523435913068.0005
8.364028, 7.022095, 2.611042, 1523435913151.0786
8.376073, 6.944723, 2.590168, 1523435913233.8799
8.385025, 6.885931, 2.589289, 1523435913316.5889
8.388018, 6.83136, 2.564502, 1523435913399.1138
8.379117, 6.782563, 2.521337, 1523435913481.6851
8.373028, 6.746594, 2.482687, 1523435913564.2559
8.358229, 6.706619, 2.454094, 1523435913647.1035
8.332517, 6.649734, 2.430208, 1523435913730.4575
8.326694, 6.591186, 2.426151, 1523435913813.9961
8.337638, 6.538415, 2.432324, 1523435913897.7651
8.351029, 6.490248, 2.412211, 1523435913981.3501
8.356956, 6.429812, 2.36769, 1523435914064.7964
8.368652, 6.368721, 2.319287, 1523435914147.9668
8.392206, 6.307621, 2.284657, 1523435914230.9985
8.398665, 6.23835, 2.264684, 1523435914313.9844
8.410033, 6.158875, 2.268819, 1523435914396.5098
8.426349, 6.087638, 2.272, 1523435914478.5737
8.443078, 6.023103, 2.26004, 1523435914560.5000
8.439757, 5.959993, 2.253582, 1523435914642.7944
8.436023, 5.897937, 2.254155, 1523435914725.1812
8.438987, 5.8395, 2.246825, 1523435914807.7061
8.43386, 5.779692, 2.23982, 1523435914890.8765
8.428818, 5.730669, 2.250413, 1523435914974.6914
8.414698, 5.680248, 2.247901, 1523435915059.2437
8.406183, 5.619715, 2.229831, 1523435915144.2568
8.408062, 5.546142, 2.19483, 1523435915229.2241
8.412784, 5.478017, 2.161361, 1523435915313.9146
8.425714, 5.415496, 2.117604, 1523435915398.0981
8.442635, 5.356813, 2.103675, 1523435915482.0518
8.447586, 5.264251, 2.088539, 1523435915565.7744
8.455863, 5.13897, 2.082283, 1523435915649.2212
8.446342, 5.033026, 2.085463, 1523435915732.5293
8.446614, 4.923623, 2.081566, 1523435915815.2388
8.449028, 4.812028, 2.053883, 1523435915897.6714
8.430921, 4.720372, 2.045658, 1523435915979.9204
8.435205, 4.638228, 2.059063, 1523435916061.8003
8.442131, 4.556788, 2.074958, 1523435916144.0952
8.443629, 4.472802, 2.084427, 1523435916226.8965
8.461151, 4.383515, 2.074215, 1523435916309.7905
8.468372, 4.302376, 2.060895, 1523435916393.0063
8.468014, 4.214815, 2.056273, 1523435916476.4531
8.474266, 4.11938, 2.067182, 1523435916560.1763
8.469025, 4.023767, 2.072258, 1523435916644.5903
8.448448, 3.915623, 2.085725, 1523435916729.1890
8.446041, 3.816206, 2.086191, 1523435916813.3726
8.406002, 3.710484, 2.081688, 1523435916897.5103
8.375582, 3.617877, 2.067817, 1523435916981.0029
8.350734, 3.528267, 2.057269, 1523435917064.2192
8.317236, 3.45855, 2.058997, 1523435917147.2051
8.283567, 3.378294, 2.065919, 1523435917229.7305
8.245525, 3.315756, 2.073149, 1523435917312.6699
8.194619, 3.26006, 2.089357, 1523435917396.3008
8.15004, 3.199017, 2.093879, 1523435917480.1162
8.110779, 3.129469, 2.081511, 1523435917564.1616
8.060923, 3.062865, 2.058163, 1523435917648.1147
8.013545, 2.997177, 2.058039, 1523435917731.8843
7.966131, 2.928614, 2.07155, 1523435917815.4688
7.91147, 2.869464, 2.069315, 1523435917899.0996
7.837832, 2.808679, 2.069011, 1523435917982.5005
7.769763, 2.748414, 2.069836, 1523435918065.7163
7.700939, 2.719126, 2.06256, 1523435918148.7939
7.629317, 2.683657, 2.04696, 1523435918231.4116
7.553998, 2.658634, 2.037101, 1523435918313.7979
7.473966, 2.635214, 2.044456, 1523435918395.9541
7.403373, 2.610375, 2.059169, 1523435918477.6494
7.335287, 2.592934, 2.067379, 1523435918559.4834
7.26106, 2.575827, 2.07481, 1523435918641.7319
7.197855, 2.552755, 2.074244, 1523435918724.3491
7.108441, 2.519018, 2.078845, 1523435918807.3345
7.021072, 2.497173, 2.061551, 1523435918890.5044
6.932341, 2.467918, 2.054712, 1523435918973.8589
6.848496, 2.449031, 2.064526, 1523435919057.4893
6.757849, 2.441858, 2.070919, 1523435919141.8579
6.662347, 2.436923, 2.068042, 1523435919226.3179
6.57308, 2.415214, 2.072842, 1523435919310.2256
6.496663, 2.413144, 2.077711, 1523435919393.9023
6.426601, 2.41269, 2.077725, 1523435919477.2109
6.352098, 2.412539, 2.067696, 1523435919560.2427
6.28117, 2.422891, 2.048985, 1523435919643.2285
6.211917, 2.425941, 2.077695, 1523435919725.8457
6.135276, 2.420097, 2.081051, 1523435919808.2788
6.05515, 2.430538, 2.084677, 1523435919891.1724
5.97464, 2.43163, 2.089615, 1523435919974.1123
5.900302, 2.416498, 2.080747, 1523435920057.1899
5.817637, 2.41549, 2.063475, 1523435920140.5903
5.739445, 2.403667, 2.055847, 1523435920223.9907
5.668733, 2.388078, 2.067712, 1523435920307.6680
5.6044, 2.374636, 2.076545, 1523435920391.4370
5.530651, 2.369532, 2.072186, 1523435920475.4365
5.454456, 2.378099, 2.077005, 1523435920559.2979
5.390318, 2.382787, 2.084959, 1523435920643.0205
5.336299, 2.40038, 2.08914, 1523435920726.6055
5.288097, 2.413257, 2.086547, 1523435920809.8677
5.245059, 2.432807, 2.07829, 1523435920892.9458
5.215502, 2.455199, 2.093613, 1523435920975.7471
5.173398, 2.466397, 2.087001, 1523435921058.2725
5.132821, 2.484974, 2.082299, 1523435921140.7510
5.093649, 2.50866, 2.084975, 1523435921223.4604
5.056724, 2.525199, 2.089031, 1523435921306.4463
5.022637, 2.537329, 2.088819, 1523435921389.8472
4.993997, 2.554229, 2.084169, 1523435921473.4321
4.981258, 2.54641, 2.09124, 1523435921557.1094
4.975325, 2.534538, 2.103994, 1523435921640.7861
4.955912, 2.526605, 2.095721, 1523435921724.2788
4.945007, 2.516626, 2.096548, 1523435921807.5410
4.938157, 2.508351, 2.105967, 1523435921890.6187
4.928898, 2.515953, 2.100935, 1523435921973.6509
4.918562, 2.511301, 2.091449, 1523435922056.5903
4.912429, 2.509149, 2.092432, 1523435922139.5303
4.913307, 2.513826, 2.091141, 1523435922222.5161
4.908885, 2.512641, 2.085951, 1523435922305.5483
4.907409, 2.515443, 2.092859, 1523435922388.5801
4.907341, 2.518501, 2.092622, 1523435922471.5659
4.903678, 2.51645, 2.095921, 1523435922554.5981
4.907229, 2.518548, 2.091492, 1523435922637.8140
4.909721, 2.51526, 2.087574, 1523435922721.0762
4.915844, 2.510344, 2.088497, 1523435922804.3389
4.915303, 2.510258, 2.088964, 1523435922887.6475
4.920859, 2.507252, 2.090887, 1523435922970.9556
4.931001, 2.510849, 2.088403, 1523435923054.4019
4.930466, 2.510931, 2.088111, 1523435923137.9404
4.928445, 2.507128, 2.079808, 1523435923221.5249
4.928572, 2.497601, 2.105357, 1523435923305.0176
4.922804, 2.474831, 2.101222, 1523435923388.1880
4.913304, 2.457772, 2.091142, 1523435923471.1274
4.904766, 2.443269, 2.092273, 1523435923554.0210
4.908043, 2.431029, 2.093302, 1523435923636.9604
4.901176, 2.427775, 2.092893, 1523435923720.0386
4.898144, 2.425357, 2.088462, 1523435923803.0708
4.894291, 2.419924, 2.089633, 1523435923886.1479
4.893823, 2.421804, 2.088002, 1523435923969.0874
