1523441593516.0000
9.409107, 2.527935, 2.034702, 1523441593516.0000
9.411891, 2.531519, 2.033553, 1523441593598.9878
9.412515, 2.532106, 2.033543, 1523441593682.0667
9.416256, 2.530476, 2.027966, 1523441593765.2847
9.40595, 2.520971, 2.013698, 1523441593848.5488
9.410953, 2.513846, 2.025132, 1523441593931.9053
9.414698, 2.521055, 2.025546, 1523441594015.3540
9.419103, 2.527761, 2.017814, 1523441594098.8943
9.422683, 2.53172, 2.019502, 1523441594182.3889
9.419973, 2.529139, 2.016649, 1523441594265.8840
9.423161, 2.540991, 2.032709, 1523441594349.3784
9.419644, 2.540427, 2.031129, 1523441594432.6877
9.414702, 2.548023, 2.022427, 1523441594515.9524
9.409809, 2.560735, 2.015748, 1523441594599.1707
9.398407, 2.568831, 2.020205, 1523441594682.3884
9.38867, 2.574187, 2.017921, 1523441594765.6528
9.379007, 2.604457, 2.016768, 1523441594849.1013
9.359889, 2.628758, 2.011346, 1523441594932.5496
9.339009, 2.656533, 2.008605, 1523441595015.9529
9.315822, 2.68136, 1.988065, 1523441595099.3091
9.293262, 2.709786, 1.990421, 1523441595182.5276
9.2833, 2.727365, 1.977945, 1523441595265.6533
9.272141, 2.743405, 1.992534, 1523441595348.6873
9.25246, 2.753307, 1.987105, 1523441595431.7668
9.236272, 2.737707, 1.991523, 1523441595514.8005
9.226989, 2.735474, 1.995781, 1523441595597.9263
9.214235, 2.724587, 1.992089, 1523441595681.2361
9.202776, 2.699633, 2.006868, 1523441595764.6848
9.189866, 2.683955, 2.010545, 1523441595848.4563
9.172146, 2.656436, 2.009631, 1523441595932.2280
9.145608, 2.626784, 2.013511, 1523441596015.8142
9.120122, 2.609669, 2.014377, 1523441596099.3557
9.0958, 2.597007, 2.021369, 1523441596182.7122
9.067333, 2.585198, 2.005419, 1523441596265.8384
9.044017, 2.577096, 2.011147, 1523441596348.6870
9.031197, 2.575565, 2.013253, 1523441596431.3523
8.995872, 2.573405, 2.00262, 1523441596513.9255
8.971501, 2.59256, 2.007269, 1523441596596.4526
8.932928, 2.610619, 2.000037, 1523441596678.9795
8.903523, 2.618702, 1.990758, 1523441596761.5979
8.873291, 2.645381, 2.0075, 1523441596844.1714
8.842443, 2.664421, 2.008452, 1523441596927.0215
8.821951, 2.686656, 2.00756, 1523441597010.1938
8.810848, 2.703791, 2.015637, 1523441597093.5962
8.781955, 2.718259, 2.021623, 1523441597177.2290
8.752696, 2.735834, 2.006382, 1523441597261.0469
8.721479, 2.75181, 1.999363, 1523441597345.0950
8.677568, 2.763555, 1.990073, 1523441597429.1885
8.647345, 2.779579, 2.005331, 1523441597513.3289
8.607284, 2.789517, 1.994426, 1523441597597.6062
8.581957, 2.8138, 2.015521, 1523441597681.8845
8.555043, 2.846821, 2.013391, 1523441597766.1157
8.526495, 2.869227, 2.014798, 1523441597849.8872
8.497593, 2.899078, 2.010218, 1523441597933.3357
8.464263, 2.938035, 2.011973, 1523441598016.2783
8.439413, 2.983785, 1.999293, 1523441598098.8064
8.421874, 3.031329, 2.003706, 1523441598181.0105
8.410077, 3.079956, 1.995301, 1523441598262.8918
8.388625, 3.123011, 2.012851, 1523441598344.3591
8.363833, 3.162073, 2.016616, 1523441598425.6880
8.346484, 3.213879, 2.012262, 1523441598507.2937
8.316273, 3.244407, 2.023624, 1523441598589.2214
8.278037, 3.284952, 2.013485, 1523441598671.7488
8.246492, 3.341762, 2.009081, 1523441598754.8296
8.203142, 3.388076, 2.005057, 1523441598838.2322
8.173983, 3.445284, 2.003081, 1523441598922.1868
8.175661, 3.520618, 2.007459, 1523441599007.0176
8.156149, 3.605907, 2.005198, 1523441599092.4941
8.127175, 3.677669, 2.012435, 1523441599178.0166
8.13545, 3.742317, 2.01073, 1523441599263.4468
8.144691, 3.808963, 2.005554, 1523441599348.5542
8.13851, 3.890887, 2.004173, 1523441599432.9705
8.129731, 3.975203, 1.992766, 1523441599516.6960
8.136958, 4.062395, 1.991119, 1523441599599.8228
8.132025, 4.138092, 1.991805, 1523441599682.2117
8.110948, 4.207137, 2.022069, 1523441599764.1858
8.114709, 4.262903, 2.017102, 1523441599846.2063
8.115076, 4.336621, 2.005959, 1523441599928.3186
8.113849, 4.4019, 2.004068, 1523441600010.5696
8.119308, 4.464528, 2.005072, 1523441600092.9124
8.104456, 4.52989, 2.010339, 1523441600175.3469
8.098609, 4.592056, 2.019655, 1523441600258.2424
8.110415, 4.654269, 2.024427, 1523441600341.6458
8.120059, 4.724378, 2.030233, 1523441600425.0488
8.13881, 4.798195, 2.02488, 1523441600508.4980
8.156672, 4.894238, 2.01, 1523441600591.8547
8.18711, 4.984295, 1.989214, 1523441600674.8423
8.220213, 5.09355, 1.989823, 1523441600757.5542
8.257661, 5.186724, 1.991853, 1523441600839.9436
8.278959, 5.299366, 2.008003, 1523441600922.0103
8.294476, 5.403752, 2.000703, 1523441601004.1226
8.303748, 5.481361, 2.000511, 1523441601086.4656
8.300714, 5.585559, 1.991654, 1523441601169.2231
8.306755, 5.695788, 2.003945, 1523441601252.5339
8.313786, 5.80461, 1.982452, 1523441601336.2139
8.304351, 5.937451, 1.986786, 1523441601419.9387
8.302771, 6.038562, 2.014741, 1523441601504.2637
8.322587, 6.118065, 2.062078, 1523441601588.6797
8.322893, 6.196671, 2.123947, 1523441601672.8198
8.331013, 6.260905, 2.149541, 1523441601756.7759
8.367085, 6.340802, 2.166642, 1523441601840.6396
8.383623, 6.424167, 2.161819, 1523441601923.9966
8.406111, 6.512371, 2.159791, 1523441602007.1687
8.431433, 6.603388, 2.173141, 1523441602090.0640
8.444005, 6.703268, 2.213662, 1523441602172.3601
8.455779, 6.775034, 2.250315, 1523441602254.7034
8.480652, 6.835744, 2.301782, 1523441602337.3225
8.485278, 6.889314, 2.347519, 1523441602420.0796
8.481531, 6.938992, 2.362013, 1523441602503.0674
8.478273, 7.003377, 2.37018, 1523441602586.2856
8.476886, 7.072645, 2.362263, 1523441602669.5967
8.471536, 7.139974, 2.373694, 1523441602753.1377
8.462273, 7.224296, 2.409539, 1523441602837.2778
8.476506, 7.275711, 2.452876, 1523441602921.9712
8.466017, 7.312679, 2.510746, 1523441603006.3416
8.447968, 7.340858, 2.553451, 1523441603090.2051
8.446551, 7.380168, 2.571278, 1523441603173.8381
8.458686, 7.431864, 2.564314, 1523441603257.2415
8.458356, 7.488458, 2.548998, 1523441603340.2754
8.468225, 7.54837, 2.556933, 1523441603423.0789
8.4874, 7.613855, 2.583791, 1523441603505.6526
8.493811, 7.668215, 2.628923, 1523441603587.9500
8.516934, 7.710796, 2.673682, 1523441603670.5693
8.541851, 7.748082, 2.718504, 1523441603753.5571
8.543933, 7.783494, 2.738899, 1523441603836.8677
8.554946, 7.823671, 2.745087, 1523441603920.5002
8.561536, 7.877346, 2.737725, 1523441604004.0879
8.553409, 7.939452, 2.741364, 1523441604087.3979
8.54344, 7.990009, 2.76189, 1523441604170.8008
8.538792, 8.031416, 2.801435, 1523441604254.8030
8.540332, 8.071053, 2.852198, 1523441604338.9424
8.526333, 8.106632, 2.891149, 1523441604422.7600
8.519945, 8.13772, 2.92511, 1523441604506.1631
8.52288, 8.172138, 2.923277, 1523441604589.1055
8.52732, 8.229827, 2.921255, 1523441604671.6792
8.537376, 8.296508, 2.915742, 1523441604754.1143
8.551532, 8.361214, 2.925892, 1523441604836.5034
8.553696, 8.414547, 2.981704, 1523441604918.3398
8.558548, 8.455842, 3.032399, 1523441605000.3601
8.575916, 8.49809, 3.076202, 1523441605082.8872
8.575406, 8.539821, 3.110087, 1523441605165.6448
8.562086, 8.601104, 3.116962, 1523441605248.6790
8.550969, 8.663223, 3.110222, 1523441605332.0815
8.533211, 8.724702, 3.115213, 1523441605415.6687
8.50852, 8.789362, 3.143961, 1523441605499.8550
8.506165, 8.837974, 3.190582, 1523441605584.8706
8.496428, 8.882719, 3.256659, 1523441605669.7944
8.484996, 8.909994, 3.296134, 1523441605754.5793
8.48644, 8.946814, 3.313585, 1523441605838.9041
8.490515, 8.994397, 3.310971, 1523441605922.6289
8.482225, 9.057655, 3.305944, 1523441606005.8015
8.494262, 9.114195, 3.321889, 1523441606088.5132
8.496319, 9.156843, 3.369982, 1523441606170.6257
8.499336, 9.18393, 3.423926, 1523441606252.6465
8.509049, 9.211177, 3.46929, 1523441606334.9434
8.499747, 9.239763, 3.496313, 1523441606417.2405
8.489298, 9.286854, 3.499545, 1523441606499.8142
8.482278, 9.345307, 3.483548, 1523441606582.6179
8.470949, 9.414996, 3.484315, 1523441606665.7441
8.453425, 9.480457, 3.512377, 1523441606749.3313
8.450918, 9.545742, 3.558298, 1523441606833.7478
8.457878, 9.598907, 3.59932, 1523441606918.3948
8.455203, 9.633116, 3.650154, 1523441607003.0415
8.469638, 9.668324, 3.679423, 1523441607087.3662
8.48109, 9.710182, 3.682707, 1523441607171.0916
8.49214, 9.760153, 3.67981, 1523441607254.2188
8.499343, 9.82056, 3.687204, 1523441607336.7456
8.515424, 9.870312, 3.719047, 1523441607418.7202
8.517792, 9.914926, 3.764801, 1523441607500.3259
8.531705, 9.953152, 3.812095, 1523441607582.2078
8.538744, 9.989041, 3.845828, 1523441607664.3203
8.529957, 10.026735, 3.859578, 1523441607746.6174
8.523076, 10.085548, 3.858489, 1523441607829.3293
8.520973, 10.154257, 3.843304, 1523441607912.3633
8.507045, 10.231142, 3.855527, 1523441607995.6743
8.493132, 10.291685, 3.896761, 1523441608079.6760
8.499034, 10.338491, 3.94856, 1523441608164.3225
8.4848, 10.371726, 4.005039, 1523441608248.9233
8.485918, 10.402871, 4.03897, 1523441608333.3398
8.493845, 10.439677, 4.059184, 1523441608417.4336
8.506804, 10.497108, 4.054757, 1523441608501.0662
8.515103, 10.551139, 4.05313, 1523441608584.2390
8.532407, 10.613031, 4.073118, 1523441608667.0886
8.533077, 10.654781, 4.125007, 1523441608749.3394
8.539531, 10.68861, 4.176532, 1523441608831.3596
8.551784, 10.71717, 4.218976, 1523441608913.6104
8.55549, 10.743552, 4.250005, 1523441608995.9995
8.544726, 10.785114, 4.250516, 1523441609078.6646
8.542686, 10.842984, 4.236835, 1523441609161.6057
8.528768, 10.920358, 4.22507, 1523441609244.7783
8.504703, 10.998393, 4.237925, 1523441609328.2727
8.491096, 11.075418, 4.274445, 1523441609412.3662
8.493142, 11.115736, 4.32282, 1523441609496.8286
8.491111, 11.150411, 4.389586, 1523441609581.3369
8.499758, 11.18611, 4.414611, 1523441609665.7529
8.510315, 11.226645, 4.418013, 1523441609749.9385
8.515958, 11.290744, 4.408165, 1523441609833.5715
8.512098, 11.356076, 4.413588, 1523441609916.6052
8.520879, 11.413599, 4.445439, 1523441609999.0854
8.524186, 11.458072, 4.491235, 1523441610080.9214
8.53312, 11.497488, 4.545773, 1523441610162.9417
8.536258, 11.531248, 4.584641, 1523441610245.1921
8.528051, 11.576357, 4.609108, 1523441610327.5349
8.509139, 11.628325, 4.604529, 1523441610410.1536
8.497711, 11.688038, 4.597068, 1523441610493.0950
8.478384, 11.74289, 4.616483, 1523441610576.2671
8.460408, 11.796091, 4.66441, 1523441610660.0842
8.456868, 11.840234, 4.705119, 1523441610744.5466
8.449139, 11.866088, 4.751453, 1523441610828.9634
8.454291, 11.889816, 4.789289, 1523441610913.4258
8.46164, 11.918834, 4.796108, 1523441610997.6575
8.470862, 11.962357, 4.791932, 1523441611081.5210
8.476079, 12.022327, 4.786132, 1523441611165.0159
8.490553, 12.090041, 4.795881, 1523441611248.1418
8.505607, 12.161138, 4.832409, 1523441611330.7612
8.502658, 12.210332, 4.883559, 1523441611412.6897
8.509086, 12.243994, 4.934171, 1523441611494.8481
8.516984, 12.276875, 4.961169, 1523441611577.2371
8.507886, 12.322835, 4.968679, 1523441611659.6262
8.501243, 12.374491, 4.95986, 1523441611742.3835
8.489978, 12.443113, 4.949282, 1523441611825.3718
8.46338, 12.515761, 4.971392, 1523441611908.6365
8.450178, 12.590444, 5.005845, 1523441611992.6377
8.448516, 12.650789, 5.047117, 1523441612077.1006
8.442304, 12.689313, 5.11121, 1523441612161.4712
8.441437, 12.713964, 5.15134, 1523441612245.6118
8.445055, 12.753073, 5.163632, 1523441612329.4290
8.435765, 12.806235, 5.153889, 1523441612412.8315
8.422007, 12.872636, 5.152118, 1523441612495.8196
8.415073, 12.943658, 5.166444, 1523441612578.4849
8.392684, 13.005701, 5.206137, 1523441612660.7358
8.3828, 13.054107, 5.248861, 1523441612742.8027
8.378189, 13.098384, 5.297407, 1523441612825.2375
8.362623, 13.124014, 5.326873, 1523441612907.8105
8.331286, 13.152903, 5.32908, 1523441612990.6143
8.294854, 13.188248, 5.326108, 1523441613073.6484
8.261869, 13.229158, 5.323828, 1523441613156.9131
8.219978, 13.275005, 5.325803, 1523441613240.4077
8.172656, 13.326297, 5.325366, 1523441613324.1331
8.112321, 13.3698, 5.347724, 1523441613408.3193
8.065784, 13.415484, 5.366101, 1523441613492.6892
8.022388, 13.453878, 5.37259, 1523441613576.8750
7.972774, 13.494987, 5.380055, 1523441613660.5540
7.916086, 13.534378, 5.371083, 1523441613743.6343
7.867238, 13.587907, 5.361284, 1523441613826.5300
7.812302, 13.63454, 5.359636, 1523441613909.1948
7.750969, 13.672551, 5.365375, 1523441613991.8604
7.697097, 13.729891, 5.383674, 1523441614074.8025
7.638684, 13.775454, 5.391352, 1523441614157.8362
7.575073, 13.818799, 5.372991, 1523441614241.0542
7.497241, 13.865397, 5.371123, 1523441614324.4573
7.424721, 13.902131, 5.368519, 1523441614408.0901
7.332175, 13.935279, 5.348146, 1523441614491.8613
7.254356, 13.959343, 5.345835, 1523441614575.7712
7.179798, 13.980581, 5.363159, 1523441614660.1877
7.111434, 14.020431, 5.376572, 1523441614745.1572
7.020929, 14.048938, 5.371177, 1523441614829.6663
6.939273, 14.079187, 5.367607, 1523441614913.8987
6.844146, 14.113259, 5.374588, 1523441614997.4861
6.755214, 14.142082, 5.376912, 1523441615080.6121
6.668089, 14.17395, 5.389901, 1523441615163.3696
6.590914, 14.195635, 5.428187, 1523441615245.6206
6.538184, 14.20613, 5.445393, 1523441615327.7793
6.48416, 14.232001, 5.49362, 1523441615410.2144
6.432047, 14.230292, 5.525649, 1523441615492.6958
6.365274, 14.229821, 5.519575, 1523441615575.5454
6.298824, 14.240938, 5.524073, 1523441615658.7637
6.237533, 14.243464, 5.527459, 1523441615742.2590
6.186182, 14.245374, 5.559578, 1523441615826.2610
6.129043, 14.264432, 5.599118, 1523441615910.8613
6.081174, 14.268436, 5.651833, 1523441615995.4165
6.053899, 14.274528, 5.685419, 1523441616079.7869
6.017663, 14.289296, 5.711689, 1523441616163.8350
5.961339, 14.303849, 5.709745, 1523441616247.3303
5.910085, 14.328505, 5.694832, 1523441616330.4102
5.851876, 14.331632, 5.712228, 1523441616412.9836
5.78461, 14.342254, 5.740666, 1523441616495.0962
5.726854, 14.339543, 5.785715, 1523441616576.8401
5.683226, 14.352529, 5.827522, 1523441616658.8145
5.649418, 14.359552, 5.868862, 1523441616740.9734
5.597169, 14.346795, 5.876894, 1523441616823.4551
5.536833, 14.340224, 5.856239, 1523441616906.3511
5.470767, 14.338436, 5.864102, 1523441616989.5691
5.414514, 14.331813, 5.897288, 1523441617073.1565
5.362876, 14.335628, 5.941406, 1523441617157.6194
5.310863, 14.349751, 5.984861, 1523441617242.3123
5.272433, 14.344475, 6.039205, 1523441617326.7751
5.237466, 14.355186, 6.063951, 1523441617410.9148
5.196805, 14.356381, 6.067596, 1523441617494.5479
5.136483, 14.354498, 6.057665, 1523441617577.6279
5.073209, 14.352779, 6.07259, 1523441617660.3396
5.014933, 14.350999, 6.120119, 1523441617742.5442
4.981873, 14.346673, 6.158909, 1523441617824.4719
4.941911, 14.353506, 6.204447, 1523441617906.6765
4.913285, 14.358102, 6.23028, 1523441617989.0654
4.877895, 14.354781, 6.237106, 1523441618071.8228
4.819932, 14.357702, 6.229367, 1523441618154.9954
4.761927, 14.345098, 6.23897, 1523441618238.3059
4.686266, 14.343264, 6.261334, 1523441618322.1230
4.617869, 14.344316, 6.310721, 1523441618406.6313
4.579882, 14.350806, 6.35474, 1523441618491.2322
4.531895, 14.341674, 6.417129, 1523441618575.6482
4.50322, 14.354132, 6.430261, 1523441618659.7417
4.454102, 14.364588, 6.426682, 1523441618743.4207
4.386246, 14.374074, 6.417833, 1523441618826.6851
4.307427, 14.378927, 6.434482, 1523441618909.5344
4.235463, 14.358288, 6.502525, 1523441618991.4624
4.228427, 14.363152, 6.554856, 1523441619073.2520
4.196996, 14.37965, 6.60235, 1523441619155.5945
4.152097, 14.3839, 6.616461, 1523441619238.1675
4.095051, 14.392255, 6.596494, 1523441619321.0625
4.024514, 14.398859, 6.581635, 1523441619404.0964
3.951403, 14.382524, 6.593475, 1523441619487.0837
3.899404, 14.381408, 6.615784, 1523441619570.7627
3.826958, 14.392958, 6.67108, 1523441619655.1790
3.776904, 14.403473, 6.727656, 1523441619739.5947
3.738569, 14.409139, 6.766428, 1523441619823.7808
3.701047, 14.417741, 6.773863, 1523441619907.5059
3.645111, 14.416156, 6.766843, 1523441619990.4934
3.592636, 14.418777, 6.770978, 1523441620073.0664
3.535264, 14.427092, 6.800457, 1523441620155.1785
3.503015, 14.420315, 6.84776, 1523441620236.8762
3.486456, 14.447718, 6.885173, 1523441620319.0347
3.456352, 14.442441, 6.92838, 1523441620401.5156
3.430415, 14.432651, 6.943627, 1523441620484.2727
3.383642, 14.413796, 6.940853, 1523441620567.3064
3.344772, 14.38777, 6.947503, 1523441620650.4321
3.31579, 14.369528, 6.954866, 1523441620733.7886
3.288873, 14.347936, 6.962057, 1523441620817.6057
3.246967, 14.334973, 6.965733, 1523441620901.8372
3.213494, 14.304497, 6.959239, 1523441620985.7466
3.188847, 14.280566, 6.968043, 1523441621069.3794
3.178048, 14.268661, 6.979531, 1523441621152.7817
3.160211, 14.258545, 6.975518, 1523441621235.9546
3.147472, 14.254245, 6.974231, 1523441621318.8962
3.139523, 14.260432, 6.985379, 1523441621401.7456
3.120289, 14.272985, 6.980931, 1523441621484.8716
3.101231, 14.273232, 6.979827, 1523441621568.1824
3.08219, 14.26506, 6.971552, 1523441621651.5391
3.075041, 14.256029, 6.980556, 1523441621734.8032
3.073318, 14.247853, 6.977736, 1523441621817.8835
3.074286, 14.244814, 6.968166, 1523441621900.8713
3.071593, 14.234617, 6.965597, 1523441621983.8589
3.072149, 14.232574, 6.962044, 1523441622066.8469
3.079017, 14.220863, 6.964664, 1523441622149.7888
3.08749, 14.217805, 6.959786, 1523441622232.9609
3.092139, 14.227765, 6.955783, 1523441622316.4556
3.115965, 14.239345, 6.963224, 1523441622400.2271
3.136487, 14.253979, 6.975149, 1523441622484.2288
3.164322, 14.269764, 6.974082, 1523441622568.3228
3.192028, 14.283655, 6.980114, 1523441622652.4622
3.218993, 14.297578, 6.973756, 1523441622736.7405
3.245782, 14.3038, 6.977693, 1523441622820.8345
3.272806, 14.309649, 6.974647, 1523441622904.6978
3.296576, 14.31734, 6.958741, 1523441622988.2385
3.316222, 14.322577, 6.967237, 1523441623071.5488
3.330942, 14.337101, 6.969545, 1523441623154.5828
3.34074, 14.347814, 6.977024, 1523441623237.3867
3.340259, 14.361395, 6.983957, 1523441623320.0522
3.340558, 14.371518, 6.98841, 1523441623402.5793
3.332084, 14.36622, 6.984451, 1523441623485.3831
3.331273, 14.366649, 6.984934, 1523441623568.4170
3.332591, 14.366495, 6.981641, 1523441623651.7278
3.335268, 14.361279, 6.984011, 1523441623735.1760
3.335844, 14.358282, 6.985361, 1523441623818.7632
3.332011, 14.355062, 6.992891, 1523441623902.5344
3.33387, 14.363715, 6.990248, 1523441623986.3516
3.334019, 14.361609, 6.989149, 1523441624070.2612
3.331984, 14.360957, 6.999164, 1523441624154.2629
3.325986, 14.363022, 6.99227, 1523441624238.2644
3.322834, 14.362769, 6.988723, 1523441624322.2202
3.320538, 14.363581, 6.985616, 1523441624406.0374
3.324428, 14.364586, 6.986747, 1523441624489.7166
3.320461, 14.358069, 6.989714, 1523441624573.2571
3.328459, 14.355423, 6.994815, 1523441624656.8442
3.332755, 14.352275, 6.98825, 1523441624740.4309
3.329089, 14.35312, 6.991371, 1523441624823.9255
3.342061, 14.356676, 6.981334, 1523441624907.2822
3.340919, 14.347148, 6.981491, 1523441624990.6389
3.337641, 14.331488, 6.966951, 1523441625074.0876
3.334974, 14.31349, 6.960081, 1523441625157.6284
3.321234, 14.297397, 6.946544, 1523441625241.2153
3.302738, 14.292319, 6.947731, 1523441625324.8484
3.276424, 14.279331, 6.950834, 1523441625408.3433
3.238187, 14.267316, 6.945644, 1523441625491.7458
3.199395, 14.249445, 6.956605, 1523441625574.9180
3.141436, 14.225959, 6.942279, 1523441625657.9521
3.088776, 14.203808, 6.946915, 1523441625740.7097
3.034786, 14.191982, 6.944595, 1523441625823.1907
2.985291, 14.173395, 6.95394, 1523441625905.3491
2.938135, 14.153858, 6.950605, 1523441625987.3232
2.882674, 14.132565, 6.94945, 1523441626069.5281
2.820027, 14.10524, 6.94119, 1523441626152.1011
2.755588, 14.075445, 6.920855, 1523441626234.8586
2.702087, 14.040969, 6.919359, 1523441626317.6621
2.650413, 13.995964, 6.908244, 1523441626400.4197
2.586639, 13.94517, 6.901337, 1523441626483.2231
2.520275, 13.888442, 6.900023, 1523441626566.1189
2.474211, 13.818307, 6.911371, 1523441626648.6921
2.429053, 13.750876, 6.946639, 1523441626731.4497
2.382711, 13.714087, 6.991426, 1523441626814.5759
2.35122, 13.692816, 7.040272, 1523441626897.8862
2.320567, 13.679013, 7.085877, 1523441626981.4272
2.281539, 13.679268, 7.103708, 1523441627065.2446
2.246617, 13.663756, 7.109119, 1523441627148.8774
2.194709, 13.629383, 7.104978, 1523441627232.1423
2.132908, 13.589684, 7.101227, 1523441627314.9917
2.073175, 13.553787, 7.127468, 1523441627397.3806
2.02961, 13.522512, 7.176127, 1523441627479.0781
1.995, 13.499971, 7.23507, 1523441627560.8220
1.953401, 13.486885, 7.278718, 1523441627643.1648
1.930099, 13.479071, 7.285898, 1523441627725.9221
1.882948, 13.442101, 7.270571, 1523441627809.2786
1.831234, 13.387087, 7.256079, 1523441627892.8657
1.796685, 13.324882, 7.274069, 1523441627976.5447
1.758214, 13.268198, 7.309765, 1523441628060.8687
1.712894, 13.236643, 7.364212, 1523441628145.8843
1.695873, 13.227646, 7.429865, 1523441628230.8074
1.669976, 13.220659, 7.463876, 1523441628315.6387
1.631647, 13.200788, 7.47137, 1523441628400.1008
1.578409, 13.172599, 7.463274, 1523441628484.0566
1.526303, 13.131824, 7.477065, 1523441628567.4592
1.481345, 13.098056, 7.514967, 1523441628649.8938
1.464408, 13.076968, 7.569093, 1523441628731.9143
1.41513, 13.051202, 7.605561, 1523441628814.2109
1.396409, 13.029578, 7.629958, 1523441628896.6458
1.376785, 12.993907, 7.628281, 1523441628979.4492
1.336589, 12.917279, 7.614969, 1523441629062.4373
1.329251, 12.86537, 7.611107, 1523441629145.5171
1.323563, 12.805378, 7.618037, 1523441629228.8276
1.306262, 12.739139, 7.63092, 1523441629312.5525
1.276978, 12.67678, 7.64127, 1523441629396.7849
1.256246, 12.637579, 7.643532, 1523441629481.0625
1.232803, 12.575647, 7.63256, 1523441629565.0637
1.213643, 12.520063, 7.62818, 1523441629648.6047
1.177367, 12.441293, 7.624249, 1523441629731.7310
1.148327, 12.373013, 7.624471, 1523441629814.5803
1.113425, 12.312662, 7.638944, 1523441629897.1074
1.094021, 12.249438, 7.633811, 1523441629979.1736
1.060179, 12.156452, 7.635877, 1523441630061.3782
1.036502, 12.081034, 7.634959, 1523441630143.7671
1.021027, 11.994383, 7.631388, 1523441630226.5701
1.000088, 11.88623, 7.621455, 1523441630309.7422
1.001559, 11.790297, 7.613989, 1523441630393.0527
1.0203, 11.709518, 7.643569, 1523441630476.3169
1.036512, 11.652226, 7.687819, 1523441630559.9961
1.032515, 11.607249, 7.728891, 1523441630644.0896
1.025733, 11.567645, 7.788779, 1523441630728.1375
1.013401, 11.525881, 7.820878, 1523441630812.0469
0.995503, 11.475636, 7.813174, 1523441630895.8181
0.987881, 11.409604, 7.800768, 1523441630979.2671
0.979772, 11.34069, 7.805398, 1523441631062.5312
0.970105, 11.304535, 7.839484, 1523441631145.2424
0.980658, 11.264182, 7.878387, 1523441631227.2627
0.967854, 11.201202, 7.918985, 1523441631309.6519
0.964224, 11.166811, 7.955014, 1523441631392.1328
0.976152, 11.130526, 7.968883, 1523441631474.8899
0.982269, 11.086066, 7.961913, 1523441631558.0623
0.99624, 11.029317, 7.955011, 1523441631641.2344
1.021031, 10.966957, 7.967492, 1523441631724.5444
1.047239, 10.913756, 7.998895, 1523441631808.1316
1.048556, 10.855894, 8.047763, 1523441631892.5017
1.030901, 10.813902, 8.107091, 1523441631977.3325
1.022698, 10.785954, 8.140548, 1523441632062.0249
1.004862, 10.75287, 8.150024, 1523441632146.3491
0.991027, 10.707764, 8.150686, 1523441632230.2122
0.981382, 10.639025, 8.143823, 1523441632313.2925
0.982742, 10.563472, 8.156713, 1523441632395.7273
0.977794, 10.502082, 8.192498, 1523441632477.7014
0.988651, 10.455762, 8.246159, 1523441632559.1687
0.982669, 10.41644, 8.302528, 1523441632640.9121
0.979924, 10.383002, 8.342085, 1523441632722.7942
1.004014, 10.34947, 8.346624, 1523441632804.6763
1.025826, 10.296095, 8.338699, 1523441632887.2031
1.049255, 10.235937, 8.327786, 1523441632970.2832
1.07643, 10.175551, 8.340459, 1523441633053.8701
1.099086, 10.116356, 8.380738, 1523441633138.1479
1.104841, 10.056927, 8.44204, 1523441633223.1633
1.088911, 10.014064, 8.504186, 1523441633308.4087
1.078981, 9.984795, 8.547405, 1523441633393.4702
1.069712, 9.947428, 8.549278, 1523441633478.1626
1.075929, 9.8925, 8.545306, 1523441633561.9797
1.085975, 9.832211, 8.555164, 1523441633645.1060
1.077675, 9.772853, 8.583814, 1523441633727.8171
1.074808, 9.72356, 8.635839, 1523441633809.8831
1.066364, 9.677461, 8.684653, 1523441633891.9492
1.057284, 9.636824, 8.728436, 1523441633974.1074
1.063042, 9.592107, 8.745997, 1523441634056.3577
1.077818, 9.532474, 8.738257, 1523441634138.9307
1.101514, 9.471695, 8.724403, 1523441634221.5959
1.128344, 9.402549, 8.715826, 1523441634304.3994
1.169469, 9.3225, 8.716833, 1523441634387.3870
1.218293, 9.24849, 8.739523, 1523441634470.6973
1.253113, 9.191535, 8.786415, 1523441634554.3303
1.2704, 9.152888, 8.846106, 1523441634638.2393
1.298573, 9.131454, 8.897024, 1523441634721.9185
1.317687, 9.099637, 8.921352, 1523441634805.5974
1.333161, 9.054253, 8.919393, 1523441634889.3223
1.365257, 8.987981, 8.903065, 1523441634972.9092
1.404092, 8.914718, 8.88087, 1523441635056.4500
1.433593, 8.840619, 8.879527, 1523441635139.8523
1.447693, 8.773917, 8.910624, 1523441635222.9785
1.470847, 8.701777, 8.920935, 1523441635305.7361
1.493318, 8.621845, 8.91487, 1523441635388.6316
1.51523, 8.552877, 8.923183, 1523441635471.7576
1.549673, 8.485595, 8.916559, 1523441635555.1602
1.601294, 8.396684, 8.907621, 1523441635638.6086
1.667019, 8.31734, 8.893899, 1523441635721.9187
1.729419, 8.251631, 8.908731, 1523441635804.9067
1.821927, 8.160469, 8.935567, 1523441635888.2168
1.868846, 8.09573, 8.973321, 1523441635971.9880
1.899468, 8.046483, 9.014141, 1523441636055.7595
1.923225, 8.002567, 9.059601, 1523441636139.4841
1.932155, 7.95737, 9.070618, 1523441636223.2090
1.968588, 7.897754, 9.068593, 1523441636306.4270
2.008321, 7.828594, 9.075139, 1523441636389.3225
2.046092, 7.769213, 9.106923, 1523441636471.8494
2.074564, 7.749034, 9.158357, 1523441636553.8237
2.108069, 7.709542, 9.206188, 1523441636635.8440
2.130686, 7.672293, 9.243191, 1523441636718.1404
2.175618, 7.650093, 9.262551, 1523441636800.6672
2.225594, 7.620862, 9.254313, 1523441636883.5630
2.284184, 7.591721, 9.235113, 1523441636966.5049
2.343731, 7.563601, 9.253432, 1523441637049.6309
2.401419, 7.543431, 9.303889, 1523441637133.1716
2.429738, 7.515604, 9.367351, 1523441637217.8181
2.451465, 7.491459, 9.420754, 1523441637302.6030
2.482293, 7.48001, 9.453439, 1523441637387.1575
2.517463, 7.45179, 9.466672, 1523441637471.3889
2.571612, 7.417827, 9.448198, 1523441637555.0220
2.634917, 7.367733, 9.439403, 1523441637638.2397
2.683857, 7.305978, 9.454963, 1523441637721.4580
2.713823, 7.256814, 9.496383, 1523441637804.2615
2.747567, 7.220952, 9.545224, 1523441637886.8804
2.75875, 7.17849, 9.595538, 1523441637969.9141
2.776345, 7.137538, 9.637424, 1523441638053.2244
2.804154, 7.117288, 9.658405, 1523441638136.7188
2.841794, 7.082484, 9.636415, 1523441638220.1670
2.885786, 7.036264, 9.636576, 1523441638303.4775
2.934341, 6.993873, 9.628847, 1523441638386.6497
2.992235, 6.961532, 9.622029, 1523441638469.8674
3.072703, 6.924671, 9.619121, 1523441638553.3159
3.141272, 6.867795, 9.635335, 1523441638637.3633
3.189328, 6.821197, 9.647061, 1523441638721.1804
3.240528, 6.798932, 9.657434, 1523441638804.3064
3.292669, 6.764293, 9.655954, 1523441638887.2937
3.347506, 6.722847, 9.654601, 1523441638970.1431
3.403986, 6.692996, 9.63552, 1523441639052.9001
3.467945, 6.661669, 9.64199, 1523441639135.5654
3.521727, 6.634629, 9.653266, 1523441639217.9541
3.588263, 6.620352, 9.652959, 1523441639300.0203
3.647964, 6.593923, 9.659193, 1523441639382.5471
3.698847, 6.572189, 9.65849, 1523441639465.3967
3.772526, 6.563196, 9.653133, 1523441639548.7065
3.852223, 6.543489, 9.650478, 1523441639632.3855
3.93616, 6.54058, 9.646315, 1523441639716.1565
4.018986, 6.557518, 9.636571, 1523441639800.1580
4.106562, 6.562283, 9.643434, 1523441639884.4358
4.185599, 6.552885, 9.653424, 1523441639968.9900
4.261123, 6.541304, 9.664255, 1523441640053.2681
4.336645, 6.536911, 9.66767, 1523441640137.1770
4.421741, 6.520896, 9.660784, 1523441640220.8560
4.500899, 6.509923, 9.64956, 1523441640304.0737
4.581394, 6.508305, 9.633907, 1523441640387.0151
4.655608, 6.499821, 9.629725, 1523441640469.8647
4.739278, 6.497416, 9.654974, 1523441640552.4836
4.833139, 6.501874, 9.641047, 1523441640635.0566
4.919676, 6.494322, 9.660032, 1523441640717.9058
5.008077, 6.509868, 9.654451, 1523441640800.9395
5.08954, 6.519656, 9.644, 1523441640884.3418
5.180082, 6.52852, 9.64377, 1523441640967.9282
5.264325, 6.546361, 9.654001, 1523441641051.6069
5.355867, 6.56271, 9.653216, 1523441641135.6086
5.452892, 6.567547, 9.654015, 1523441641219.7480
5.545309, 6.574823, 9.666572, 1523441641303.6113
5.632894, 6.583216, 9.667671, 1523441641387.1057
5.721697, 6.584849, 9.654672, 1523441641470.2312
5.808657, 6.589514, 9.650706, 1523441641553.0806
5.902707, 6.5755, 9.650465, 1523441641635.7456
5.98925, 6.581782, 9.666328, 1523441641718.3645
6.078946, 6.595145, 9.678968, 1523441641800.8455
6.161469, 6.611529, 9.681535, 1523441641883.4185
6.243554, 6.614418, 9.690125, 1523441641966.3601
6.337343, 6.631043, 9.691887, 1523441642049.4397
6.438246, 6.649736, 9.666065, 1523441642132.8879
6.524482, 6.663903, 9.664105, 1523441642216.4287
6.612519, 6.685655, 9.674376, 1523441642300.1072
6.699749, 6.690536, 9.666328, 1523441642384.2007
6.798931, 6.684711, 9.683177, 1523441642468.5244
6.884985, 6.701112, 9.682803, 1523441642552.4338
6.972169, 6.705244, 9.676168, 1523441642636.1125
7.06452, 6.708789, 9.658485, 1523441642719.4224
7.154289, 6.702827, 9.662282, 1523441642802.2715
7.248912, 6.69789, 9.659938, 1523441642884.9824
7.331556, 6.699027, 9.670343, 1523441642967.5090
7.418261, 6.700627, 9.678519, 1523441643049.9895
7.509649, 6.699306, 9.681259, 1523441643132.7927
7.598053, 6.700429, 9.680737, 1523441643215.7341
7.683456, 6.705033, 9.667068, 1523441643298.8596
7.778983, 6.705149, 9.655745, 1523441643382.2158
7.880044, 6.720472, 9.617227, 1523441643465.5256
7.977511, 6.728444, 9.662164, 1523441643549.2041
8.068424, 6.721012, 9.660417, 1523441643633.2517
8.164202, 6.720491, 9.660998, 1523441643717.1145
8.253792, 6.719432, 9.67522, 1523441643800.7932
8.34313, 6.714864, 9.649431, 1523441643884.0566
8.437766, 6.713008, 9.658627, 1523441643966.9983
8.536034, 6.704867, 9.641488, 1523441644049.6628
8.63063, 6.697289, 9.648207, 1523441644131.9587
8.714527, 6.697295, 9.659001, 1523441644213.9785
8.794282, 6.692676, 9.666094, 1523441644296.4128
8.880537, 6.683192, 9.674244, 1523441644379.1699
8.972587, 6.678668, 9.680608, 1523441644462.2495
9.07391, 6.672296, 9.650164, 1523441644545.6514
9.177844, 6.67754, 9.649506, 1523441644629.0991
9.271994, 6.691838, 9.65566, 1523441644712.6394
9.373945, 6.691407, 9.680902, 1523441644796.4099
9.458842, 6.671293, 9.687618, 1523441644880.2266
9.542914, 6.667506, 9.696601, 1523441644963.8127
9.627431, 6.661177, 9.685332, 1523441645047.2148
9.724483, 6.653522, 9.660768, 1523441645130.4785
9.814277, 6.651973, 9.658499, 1523441645213.4197
9.892471, 6.641675, 9.659584, 1523441645296.1765
9.978818, 6.632014, 9.673946, 1523441645378.7029
10.054838, 6.629944, 9.682905, 1523441645461.2756
10.14319, 6.613332, 9.6931, 1523441645544.4009
10.223231, 6.600986, 9.692647, 1523441645627.8486
10.308251, 6.592099, 9.688939, 1523441645711.4807
10.404877, 6.578484, 9.670333, 1523441645795.2974
10.502242, 6.57611, 9.668493, 1523441645879.1599
10.596504, 6.560037, 9.661717, 1523441645963.4375
10.675079, 6.526747, 9.681348, 1523441646047.9915
10.777989, 6.514478, 9.669477, 1523441646131.9922
10.85876, 6.488152, 9.669151, 1523441646215.5784
10.937881, 6.449258, 9.686041, 1523441646298.6577
11.013525, 6.420734, 9.673768, 1523441646381.4604
11.090611, 6.373713, 9.668661, 1523441646464.1250
11.158085, 6.326691, 9.667439, 1523441646546.6514
11.213326, 6.273641, 9.683745, 1523441646629.2703
11.261613, 6.209714, 9.67912, 1523441646712.3953
11.309374, 6.14654, 9.691569, 1523441646796.2122
11.352663, 6.080786, 9.685458, 1523441646880.5354
11.40853, 6.018681, 9.668169, 1523441646964.8586
11.472565, 5.963594, 9.660128, 1523441647048.6753
11.534954, 5.914066, 9.640966, 1523441647132.0312
11.599627, 5.843177, 9.65977, 1523441647215.2488
11.638576, 5.764915, 9.656399, 1523441647298.8350
11.665316, 5.68585, 9.651212, 1523441647382.3750
11.689998, 5.613579, 9.645247, 1523441647465.6387
11.707175, 5.536768, 9.630997, 1523441647548.5337
11.720746, 5.449446, 9.633468, 1523441647630.8298
11.736314, 5.37557, 9.621267, 1523441647712.6189
11.74469, 5.307827, 9.642163, 1523441647793.9932
11.748946, 5.227365, 9.655247, 1523441647875.4141
11.727615, 5.142081, 9.654037, 1523441647957.5256
11.724064, 5.068542, 9.625665, 1523441648040.0979
11.717187, 4.988866, 9.646656, 1523441648123.3613
11.712267, 4.912971, 9.65838, 1523441648206.9016
11.718666, 4.82669, 9.654283, 1523441648290.5798
11.728886, 4.724192, 9.636822, 1523441648374.2583
11.749295, 4.619637, 9.611006, 1523441648457.7063
11.776213, 4.504412, 9.595982, 1523441648540.7397
11.802052, 4.371583, 9.566, 1523441648623.7729
11.793663, 4.247591, 9.582319, 1523441648707.2209
11.791421, 4.144328, 9.613001, 1523441648790.4846
11.795604, 4.061706, 9.628557, 1523441648873.7947
11.777574, 3.980531, 9.62337, 1523441648957.4268
11.760119, 3.896038, 9.625378, 1523441649040.8745
11.734924, 3.823185, 9.607313, 1523441649124.3228
11.711414, 3.74887, 9.617733, 1523441649207.7705
11.676457, 3.658993, 9.637848, 1523441649291.2646
11.643587, 3.58077, 9.64375, 1523441649375.0811
11.589864, 3.508768, 9.658029, 1523441649459.4507
11.549012, 3.425893, 9.644658, 1523441649543.8667
11.512835, 3.344181, 9.632792, 1523441649628.3284
11.46641, 3.257686, 9.622972, 1523441649712.4675
11.436183, 3.180675, 9.625965, 1523441649796.4683
11.376765, 3.117159, 9.624245, 1523441649880.6072
11.307011, 3.0542, 9.625461, 1523441649964.6084
11.241216, 2.99246, 9.616541, 1523441650048.4709
11.163657, 2.947057, 9.610621, 1523441650131.7805
11.093213, 2.896084, 9.60937, 1523441650214.4451
11.024858, 2.850908, 9.604381, 1523441650296.5569
10.949553, 2.811589, 9.611086, 1523441650378.1614
10.885348, 2.775658, 9.626132, 1523441650459.5820
10.821073, 2.752394, 9.639441, 1523441650541.5095
10.735065, 2.726611, 9.625207, 1523441650623.8977
10.65286, 2.686845, 9.643586, 1523441650706.4700
10.5551, 2.665409, 9.627063, 1523441650789.3647
10.469015, 2.626475, 9.604966, 1523441650872.3521
10.379607, 2.588515, 9.615492, 1523441650955.4314
10.281043, 2.555046, 9.626851, 1523441651038.9253
10.170887, 2.550075, 9.637513, 1523441651122.7878
10.099504, 2.534589, 9.659966, 1523441651206.5125
10.022827, 2.5089, 9.637867, 1523441651289.9602
9.932803, 2.510384, 9.626715, 1523441651373.1780
9.840114, 2.499781, 9.606814, 1523441651455.9807
9.76169, 2.495978, 9.611055, 1523441651538.5066
9.682881, 2.482618, 9.635817, 1523441651620.6646
9.578893, 2.459255, 9.640882, 1523441651702.9143
9.486163, 2.447214, 9.64192, 1523441651785.5325
9.399309, 2.42452, 9.651973, 1523441651868.3354
9.307056, 2.4124, 9.622055, 1523441651951.5991
9.220512, 2.396345, 9.616193, 1523441652035.1853
9.119139, 2.371176, 9.620262, 1523441652118.9097
9.032743, 2.345157, 9.612774, 1523441652202.8643
8.939203, 2.334868, 9.63056, 1523441652287.0957
8.848254, 2.315042, 9.630251, 1523441652371.0042
8.761725, 2.297225, 9.630952, 1523441652454.5442
8.6689, 2.287697, 9.616639, 1523441652537.8079
8.570803, 2.272412, 9.600805, 1523441652620.7949
8.481446, 2.255702, 9.597169, 1523441652703.5520
8.402226, 2.231023, 9.614654, 1523441652785.8481
8.325924, 2.209352, 9.628262, 1523441652868.2358
8.237441, 2.193623, 9.630833, 1523441652951.2229
8.147721, 2.159463, 9.638638, 1523441653034.3943
8.052955, 2.125766, 9.618747, 1523441653118.1189
7.955803, 2.097341, 9.606462, 1523441653202.1199
7.851958, 2.061432, 9.595886, 1523441653286.1665
7.759181, 2.02126, 9.620201, 1523441653370.5356
7.666421, 1.991422, 9.605473, 1523441653455.0435
7.56302, 1.956983, 9.609662, 1523441653539.3208
7.472672, 1.930587, 9.618766, 1523441653623.2295
7.376589, 1.903547, 9.596495, 1523441653706.7695
7.288144, 1.877706, 9.574971, 1523441653789.9871
7.191189, 1.849896, 9.567436, 1523441653872.7898
7.116206, 1.840376, 9.569055, 1523441653955.2698
7.036195, 1.823633, 9.597198, 1523441654037.8423
6.934404, 1.81901, 9.622431, 1523441654120.6907
6.847004, 1.803519, 9.612845, 1523441654203.8162
6.756644, 1.783786, 9.594932, 1523441654287.2180
6.659313, 1.759079, 9.584201, 1523441654370.7119
6.572526, 1.732601, 9.588064, 1523441654454.2058
6.471613, 1.713795, 9.59548, 1523441654537.8838
6.375343, 1.711536, 9.598244, 1523441654621.9309
6.282784, 1.718577, 9.611265, 1523441654705.9775
6.193716, 1.721675, 9.609535, 1523441654789.7942
6.113229, 1.749762, 9.60458, 1523441654873.3799
6.028901, 1.766231, 9.600899, 1523441654956.5513
5.948698, 1.795191, 9.603001, 1523441655039.4465
5.890944, 1.819035, 9.613435, 1523441655121.8804
5.817859, 1.85007, 9.611965, 1523441655204.2222
5.729091, 1.891981, 9.618684, 1523441655287.0249
5.662418, 1.924814, 9.649586, 1523441655370.2886
5.587653, 1.963236, 9.629503, 1523441655453.8284
5.517756, 2.025657, 9.624043, 1523441655537.4146
5.444385, 2.050976, 9.581268, 1523441655620.7698
5.363274, 2.099517, 9.596535, 1523441655703.9873
5.300681, 2.152418, 9.599774, 1523441655787.5276
5.241717, 2.219578, 9.623299, 1523441655871.2056
5.177264, 2.274873, 9.641219, 1523441655954.6533
5.115465, 2.339509, 9.622617, 1523441656037.7788
5.06829, 2.41206, 9.61644, 1523441656120.4431
5.012599, 2.486974, 9.604078, 1523441656202.7390
4.961208, 2.561369, 9.591796, 1523441656284.7124
4.919765, 2.639896, 9.601828, 1523441656366.5476
4.885934, 2.6974, 9.619096, 1523441656448.3821
4.849184, 2.775763, 9.610246, 1523441656530.8164
4.815658, 2.843931, 9.631006, 1523441656613.7573
4.787027, 2.911158, 9.63235, 1523441656696.9746
4.736484, 2.993977, 9.622466, 1523441656780.4224
4.70163, 3.08361, 9.594287, 1523441656863.9624
4.660402, 3.162847, 9.61138, 1523441656947.6406
4.634624, 3.257762, 9.639006, 1523441657031.8716
4.612181, 3.353555, 9.635901, 1523441657116.0569
4.575892, 3.44496, 9.644739, 1523441657199.9192
4.556586, 3.535539, 9.627934, 1523441657283.4590
4.537256, 3.626915, 9.62161, 1523441657366.4922
4.52129, 3.720825, 9.612809, 1523441657449.1562
4.514591, 3.813643, 9.63748, 1523441657531.4983
4.495305, 3.894041, 9.651237, 1523441657613.5176
4.482745, 3.988015, 9.632327, 1523441657695.8130
4.472844, 4.072744, 9.658018, 1523441657778.5232
4.452257, 4.160094, 9.659649, 1523441657861.6025
4.42936, 4.257693, 9.641267, 1523441657945.0042
4.416435, 4.348772, 9.623623, 1523441658028.4976
4.398471, 4.445991, 9.622628, 1523441658112.2219
4.399081, 4.544084, 9.619233, 1523441658196.4070
4.418015, 4.624265, 9.631631, 1523441658281.1448
4.431374, 4.717787, 9.641669, 1523441658365.6521
4.432059, 4.811131, 9.645776, 1523441658449.6526
4.444695, 4.894276, 9.636597, 1523441658533.1465
4.452515, 4.980482, 9.625456, 1523441658616.1333
4.470937, 5.059802, 9.634435, 1523441658698.7051
4.485737, 5.134149, 9.653903, 1523441658781.0469
4.501214, 5.214935, 9.650677, 1523441658863.4810
4.527739, 5.299096, 9.648032, 1523441658946.4219
4.559552, 5.385055, 9.649836, 1523441659029.8691
4.587201, 5.478454, 9.648839, 1523441659113.5471
4.60881, 5.567544, 9.639833, 1523441659197.3630
4.641502, 5.6594, 9.633249, 1523441659281.1333
4.671945, 5.739023, 9.645441, 1523441659365.3184
4.723836, 5.813799, 9.655703, 1523441659449.8257
4.7811, 5.889736, 9.650249, 1523441659534.0569
4.830579, 5.961865, 9.653364, 1523441659618.0571
4.892109, 6.021184, 9.660312, 1523441659701.4126
4.944043, 6.087937, 9.64151, 1523441659784.3074
5.001543, 6.143627, 9.632376, 1523441659866.8333
5.056177, 6.190144, 9.647321, 1523441659949.0369
5.108944, 6.242119, 9.662326, 1523441660031.2405
5.17193, 6.288142, 9.662915, 1523441660113.7202
5.225426, 6.3242, 9.669467, 1523441660196.6611
5.273607, 6.370166, 9.671261, 1523441660279.7864
5.331676, 6.421521, 9.662508, 1523441660363.0957
5.393051, 6.460836, 9.669718, 1523441660446.5437
5.465527, 6.495946, 9.643389, 1523441660530.0833
5.536675, 6.538545, 9.666288, 1523441660613.8074
5.608886, 6.554574, 9.668535, 1523441660697.9919
5.685128, 6.577573, 9.672904, 1523441660782.0847
5.763949, 6.605271, 9.662868, 1523441660865.9011
5.842933, 6.62264, 9.659789, 1523441660949.3948
5.930405, 6.645125, 9.653434, 1523441661032.3813
6.012562, 6.658982, 9.643425, 1523441661114.8616
6.081959, 6.671407, 9.657698, 1523441661196.9270
6.160056, 6.678202, 9.672925, 1523441661278.8997
6.243929, 6.686962, 9.672502, 1523441661361.2415
6.321404, 6.689196, 9.667982, 1523441661443.9519
6.406846, 6.700135, 9.673907, 1523441661526.8003
6.499341, 6.713577, 9.669409, 1523441661609.8792
6.587214, 6.726198, 9.651087, 1523441661693.0964
6.673452, 6.747394, 9.657177, 1523441661776.4980
6.756967, 6.766083, 9.672755, 1523441661860.2676
6.848617, 6.76747, 9.673965, 1523441661944.2681
6.942285, 6.778225, 9.670561, 1523441662028.0378
7.025527, 6.777465, 9.668393, 1523441662111.6238
7.117294, 6.7821, 9.666521, 1523441662194.8870
7.211573, 6.774691, 9.652364, 1523441662277.9192
7.296327, 6.773453, 9.6494, 1523441662360.7217
7.371678, 6.755773, 9.666534, 1523441662443.4780
7.452129, 6.747897, 9.670084, 1523441662526.2800
7.545762, 6.738613, 9.675678, 1523441662609.4048
7.636045, 6.726166, 9.685343, 1523441662692.8984
7.731809, 6.721641, 9.670653, 1523441662776.5762
7.831557, 6.715501, 9.664868, 1523441662860.3457
7.922935, 6.71897, 9.649461, 1523441662944.0696
8.017776, 6.719584, 9.653271, 1523441663027.9775
8.114943, 6.704012, 9.65868, 1523441663112.0698
8.216497, 6.686717, 9.666528, 1523441663196.0701
8.310663, 6.672708, 9.671092, 1523441663279.6555
8.399881, 6.663349, 9.661804, 1523441663362.8262
8.489263, 6.646818, 9.655076, 1523441663445.6746
8.585093, 6.630182, 9.627446, 1523441663528.2922
8.677114, 6.610469, 9.646131, 1523441663610.6335
8.778443, 6.59064, 9.660723, 1523441663692.9749
8.867324, 6.576663, 9.66949, 1523441663775.5005
8.95657, 6.567225, 9.675673, 1523441663858.3486
9.048508, 6.556005, 9.673689, 1523441663941.3811
9.145732, 6.538445, 9.656928, 1523441664024.6438
9.250896, 6.544867, 9.631644, 1523441664107.9065
9.337878, 6.54636, 9.655509, 1523441664191.4460
9.425241, 6.527416, 9.66222, 1523441664275.5845
9.523839, 6.502492, 9.676353, 1523441664359.9072
9.610434, 6.483038, 9.680734, 1523441664444.0918
9.709146, 6.467992, 9.673584, 1523441664527.9072
9.798806, 6.444312, 9.659211, 1523441664611.2163
9.890889, 6.430903, 9.639721, 1523441664694.0186
9.981365, 6.40605, 9.649101, 1523441664776.4983
10.060221, 6.382361, 9.679117, 1523441664858.8855
10.162196, 6.370145, 9.65108, 1523441664941.3191
10.255859, 6.351178, 9.668463, 1523441665024.1211
10.351741, 6.344703, 9.661461, 1523441665107.0613
10.444525, 6.331702, 9.660733, 1523441665190.3242
10.550947, 6.326127, 9.656089, 1523441665273.8174
10.650138, 6.33535, 9.639709, 1523441665357.5408
10.74298, 6.330309, 9.668468, 1523441665441.6792
10.832667, 6.324733, 9.678277, 1523441665525.8638
10.922351, 6.329498, 9.689518, 1523441665609.4490
11.013224, 6.3402, 9.698642, 1523441665692.5276
11.101539, 6.342361, 9.6875, 1523441665775.2837
11.195312, 6.343455, 9.672503, 1523441665858.0393
11.293013, 6.349809, 9.666253, 1523441665940.6572
11.388831, 6.357967, 9.680074, 1523441666022.9988
11.485118, 6.369541, 9.689236, 1523441666105.6165
11.589717, 6.383892, 9.691161, 1523441666188.6028
11.686863, 6.414288, 9.685693, 1523441666271.9121
11.792567, 6.436233, 9.658051, 1523441666355.5898
11.895248, 6.467514, 9.652205, 1523441666439.4512
11.996943, 6.496682, 9.647828, 1523441666523.4976
12.094685, 6.514766, 9.66856, 1523441666608.0964
12.186499, 6.5284, 9.675203, 1523441666692.6033
12.274829, 6.564832, 9.683859, 1523441666776.6956
12.36559, 6.585643, 9.689463, 1523441666860.3728
12.466782, 6.618019, 9.668631, 1523441666943.5437
12.560183, 6.642718, 9.648881, 1523441667026.3455
12.638535, 6.671894, 9.676405, 1523441667108.7786
12.714283, 6.699475, 9.690377, 1523441667190.8896
12.802715, 6.720521, 9.699563, 1523441667273.3230
12.889412, 6.755775, 9.694102, 1523441667356.0330
12.9681, 6.794031, 9.708526, 1523441667439.0193
13.045653, 6.826234, 9.689851, 1523441667522.4204
13.129773, 6.882978, 9.669811, 1523441667605.8674
13.210891, 6.937162, 9.672588, 1523441667689.4524
13.300858, 6.984231, 9.695321, 1523441667773.3604
13.389651, 7.020493, 9.696522, 1523441667857.5442
13.471004, 7.063355, 9.682047, 1523441667941.4983
13.55955, 7.099945, 9.665894, 1523441668025.0378
13.655151, 7.145838, 9.708707, 1523441668108.2080
13.726233, 7.192242, 9.698831, 1523441668190.9641
13.792101, 7.230079, 9.690636, 1523441668273.4436
13.84776, 7.260121, 9.691016, 1523441668355.9692
13.926465, 7.305911, 9.688586, 1523441668438.8169
13.987353, 7.357343, 9.679094, 1523441668521.8953
14.052315, 7.399005, 9.686251, 1523441668605.2964
14.114803, 7.452354, 9.689849, 1523441668688.8357
14.158268, 7.510921, 9.694163, 1523441668772.6052
14.217944, 7.558535, 9.671593, 1523441668857.0198
14.264677, 7.603217, 9.672481, 1523441668941.0659
14.29119, 7.642715, 9.681492, 1523441669024.6973
14.325637, 7.673209, 9.68377, 1523441669107.8682
14.361377, 7.700859, 9.669863, 1523441669190.7617
14.385331, 7.719104, 9.640894, 1523441669273.6101
14.412141, 7.730075, 9.580999, 1523441669356.5039
14.453232, 7.737475, 9.543665, 1523441669439.7668
14.511371, 7.751709, 9.518544, 1523441669523.3518
14.549304, 7.779815, 9.508735, 1523441669607.1211
14.584636, 7.815456, 9.501716, 1523441669691.0288
14.615662, 7.861852, 9.482235, 1523441669774.7520
14.651813, 7.912261, 9.443093, 1523441669858.4290
14.690583, 7.964516, 9.3857, 1523441669941.9683
14.716677, 8.029463, 9.330132, 1523441670025.1389
14.748954, 8.098554, 9.303469, 1523441670108.0327
14.785354, 8.152956, 9.303193, 1523441670190.6040
14.808365, 8.200011, 9.290513, 1523441670272.8992
14.836134, 8.245553, 9.258108, 1523441670355.2402
14.867434, 8.271153, 9.21489, 1523441670437.7195
14.913665, 8.307871, 9.163729, 1523441670520.5212
14.96461, 8.349712, 9.129661, 1523441670603.7375
14.998032, 8.400798, 9.129313, 1523441670687.2307
15.025078, 8.456269, 9.116791, 1523441670770.9539
15.054216, 8.513517, 9.100195, 1523441670854.5391
15.072917, 8.595283, 9.065479, 1523441670937.9858
15.092188, 8.679638, 9.025023, 1523441671021.2021
15.124074, 8.76801, 9.003266, 1523441671104.4185
15.165508, 8.86389, 8.985891, 1523441671187.6345
15.195553, 8.955777, 9.002345, 1523441671270.5747
15.227565, 9.046298, 9.003881, 1523441671353.4226
15.257006, 9.139425, 8.984921, 1523441671436.0857
15.29017, 9.227932, 8.969762, 1523441671518.5647
15.318747, 9.301313, 8.971065, 1523441671601.1819
15.356998, 9.356933, 8.989628, 1523441671684.0295
15.391874, 9.436785, 8.993704, 1523441671767.2466
15.426863, 9.522417, 8.984303, 1523441671850.9238
15.452716, 9.60023, 8.984436, 1523441671934.8772
15.490095, 9.664702, 8.975792, 1523441672019.2917
15.511246, 9.716919, 8.946882, 1523441672103.8442
15.525526, 9.76779, 8.899339, 1523441672188.3513
15.521103, 9.822701, 8.852006, 1523441672272.7197
15.497601, 9.876352, 8.816837, 1523441672356.3972
15.48536, 9.942616, 8.802739, 1523441672439.7517
15.480861, 9.981664, 8.804893, 1523441672522.5535
15.486661, 10.031569, 8.789354, 1523441672605.1245
15.504826, 10.081079, 8.752367, 1523441672687.6040
15.535868, 10.13684, 8.701812, 1523441672770.1750
15.577861, 10.205297, 8.648305, 1523441672853.1147
15.622169, 10.282359, 8.60239, 1523441672936.4697
15.646074, 10.342752, 8.608314, 1523441673019.9163
15.671206, 10.387206, 8.620994, 1523441673104.0542
15.690402, 10.424631, 8.607872, 1523441673188.1460
15.695614, 10.473542, 8.568112, 1523441673271.9614
15.694273, 10.528687, 8.512929, 1523441673355.4087
15.685826, 10.595543, 8.463924, 1523441673438.3943
15.686763, 10.661696, 8.432194, 1523441673521.1499
15.686951, 10.745452, 8.426655, 1523441673603.4912
15.68714, 10.815625, 8.42471, 1523441673685.6016
15.693366, 10.867818, 8.392809, 1523441673767.6663
15.706784, 10.927509, 8.331295, 1523441673850.0073
15.733955, 10.98393, 8.273927, 1523441673932.7168
15.771511, 11.049618, 8.233846, 1523441674015.9333
15.78865, 11.121396, 8.207082, 1523441674099.5183
15.790303, 11.199498, 8.199758, 1523441674183.5181
15.792618, 11.259146, 8.18699, 1523441674267.7942
15.797808, 11.31714, 8.152773, 1523441674352.0706
15.795267, 11.378198, 8.09346, 1523441674435.9316
15.77689, 11.439176, 8.043669, 1523441674519.1482
15.764492, 11.521863, 8.030968, 1523441674602.0417
15.761638, 11.592268, 8.033151, 1523441674684.4751
15.758975, 11.643883, 8.027528, 1523441674766.6318
15.769106, 11.691549, 7.996588, 1523441674848.7422
15.782649, 11.74209, 7.941305, 1523441674930.9907
15.803566, 11.810669, 7.8846, 1523441675013.7004
15.836965, 11.883091, 7.844163, 1523441675097.0088
15.846644, 11.942134, 7.848001, 1523441675180.5015
15.849733, 11.999971, 7.848305, 1523441675264.3630
15.845553, 12.040365, 7.83673, 1523441675348.1323
15.814621, 12.1035, 7.798745, 1523441675431.3484
15.789045, 12.160196, 7.74794, 1523441675514.2422
15.771015, 12.24093, 7.712584, 1523441675596.8132
15.74614, 12.32639, 7.691877, 1523441675679.2002
15.733322, 12.416348, 7.708334, 1523441675761.7256
15.729589, 12.497372, 7.721046, 1523441675844.5730
15.725799, 12.559839, 7.71249, 1523441675927.6050
15.725584, 12.612103, 7.709254, 1523441676010.7295
15.738458, 12.65488, 7.722845, 1523441676094.2222
15.740814, 12.703176, 7.71691, 1523441676177.8071
15.727262, 12.762697, 7.705929, 1523441676261.4385
15.708302, 12.834397, 7.697955, 1523441676345.3455
15.688447, 12.873238, 7.705816, 1523441676429.3452
15.66692, 12.894421, 7.711542, 1523441676513.6672
15.653157, 12.897472, 7.719312, 1523441676597.9897
15.630979, 12.884184, 7.736197, 1523441676682.1272
15.613565, 12.885579, 7.74107, 1523441676766.0811
15.612082, 12.885934, 7.738163, 1523441676849.7119
15.603275, 12.890711, 7.740883, 1523441676933.1589
15.599855, 12.895288, 7.729742, 1523441677016.4670
15.592159, 12.897984, 7.725748, 1523441677099.4072
15.583411, 12.903682, 7.725431, 1523441677182.2087
15.574033, 12.906464, 7.724043, 1523441677264.9180
15.556664, 12.902852, 7.73226, 1523441677347.5815
15.534106, 12.887661, 7.727349, 1523441677429.9685
15.508211, 12.86773, 7.730715, 1523441677512.1248
15.4931, 12.838778, 7.733391, 1523441677594.1892
15.474184, 12.804834, 7.732648, 1523441677676.2996
15.458851, 12.766782, 7.727832, 1523441677758.6404
15.446506, 12.735476, 7.726632, 1523441677841.2576
15.43642, 12.707761, 7.723722, 1523441677924.0588
15.433762, 12.681174, 7.730911, 1523441678006.9524
15.433641, 12.652838, 7.730069, 1523441678089.9846
15.426228, 12.639437, 7.737399, 1523441678173.1545
15.416671, 12.643584, 7.732403, 1523441678256.5554
15.416256, 12.644789, 7.732708, 1523441678340.1401
15.411428, 12.647116, 7.737753, 1523441678423.7712
15.397408, 12.651214, 7.735435, 1523441678507.5862
15.381305, 12.652478, 7.731486, 1523441678591.4934
15.36374, 12.645131, 7.72256, 1523441678675.5393
15.355562, 12.639284, 7.718123, 1523441678759.4927
15.35229, 12.630674, 7.713281, 1523441678843.4465
15.36847, 12.605232, 7.71667, 1523441678927.4922
15.389621, 12.593241, 7.719321, 1523441679011.5835
15.419266, 12.576721, 7.720146, 1523441679095.7214
15.468631, 12.552476, 7.717029, 1523441679179.8591
15.49509, 12.540396, 7.719987, 1523441679263.9971
15.524354, 12.541444, 7.716138, 1523441679347.9504
15.543096, 12.538744, 7.715853, 1523441679431.6736
15.573399, 12.528067, 7.715227, 1523441679514.9822
15.588552, 12.517887, 7.713934, 1523441679597.9675
15.601056, 12.526864, 7.716408, 1523441679680.6772
15.615129, 12.522461, 7.715899, 1523441679763.2480
15.621705, 12.526035, 7.711989, 1523441679845.6812
15.624103, 12.535209, 7.715559, 1523441679928.1140
15.622159, 12.526415, 7.725951, 1523441680010.5007
15.618557, 12.529619, 7.718409, 1523441680093.1177
15.618629, 12.522141, 7.712699, 1523441680175.9656
15.61619, 12.512954, 7.713548, 1523441680258.9973
15.61954, 12.5146, 7.711583, 1523441680342.2593
15.616971, 12.525633, 7.711975, 1523441680425.6138
15.613807, 12.537991, 7.71694, 1523441680509.2444
15.617403, 12.569668, 7.716636, 1523441680592.9678
15.621259, 12.596472, 7.722316, 1523441680676.7827
15.620502, 12.632853, 7.722632, 1523441680760.7363
15.621958, 12.667172, 7.725866, 1523441680844.8276
15.631073, 12.695061, 7.720314, 1523441680928.9197
15.642025, 12.72725, 7.716643, 1523441681012.7808
15.649299, 12.750635, 7.719521, 1523441681096.2275
15.645015, 12.771317, 7.723045, 1523441681179.3516
15.637153, 12.801876, 7.722047, 1523441681262.1987
15.630178, 12.822323, 7.723128, 1523441681344.7698
15.621422, 12.836847, 7.725446, 1523441681427.2024
15.621686, 12.843304, 7.725627, 1523441681509.4968
15.616611, 12.84798, 7.724801, 1523441681591.7456
15.606285, 12.851487, 7.727606, 1523441681674.0862
15.60378, 12.852467, 7.738979, 1523441681756.6572
15.617801, 12.847436, 7.731438, 1523441681839.5051
15.61747, 12.844638, 7.726576, 1523441681922.5366
15.614826, 12.848386, 7.724425, 1523441682005.6606
15.606264, 12.846607, 7.722619, 1523441682088.9685
15.592303, 12.851279, 7.721955, 1523441682172.5532
15.572811, 12.842258, 7.722203, 1523441682256.3220
15.546388, 12.833936, 7.727905, 1523441682340.1836
15.52018, 12.830648, 7.724963, 1523441682424.1370
15.493883, 12.814679, 7.72929, 1523441682508.2285
15.46434, 12.810033, 7.727073, 1523441682592.4585
15.439139, 12.800188, 7.72504, 1523441682676.6421
15.415161, 12.78878, 7.727973, 1523441682760.7336
15.395296, 12.777977, 7.724333, 1523441682844.6870
15.374473, 12.776154, 7.720629, 1523441682928.4099
15.352958, 12.765377, 7.725003, 1523441683011.9026
15.33736, 12.755827, 7.722028, 1523441683095.1646
15.330536, 12.75068, 7.725576, 1523441683178.3806
15.332935, 12.744229, 7.726535, 1523441683261.5505
15.323792, 12.75507, 7.726956, 1523441683344.8586
15.318041, 12.766804, 7.725573, 1523441683428.3511
15.308074, 12.771783, 7.721735, 1523441683511.8899
15.293873, 12.775748, 7.72003, 1523441683595.5205
15.27423, 12.786471, 7.720927, 1523441683679.2432
15.259048, 12.789774, 7.719724, 1523441683762.7817
15.24259, 12.800392, 7.712709, 1523441683846.1819
15.226424, 12.809037, 7.711329, 1523441683929.4441
15.210478, 12.819366, 7.709979, 1523441684012.5676
15.199939, 12.834589, 7.704608, 1523441684095.6917
15.190771, 12.84807, 7.699408, 1523441684178.7239
15.170498, 12.866211, 7.694682, 1523441684261.6636
15.151632, 12.888723, 7.695004, 1523441684344.4646
15.122081, 12.921542, 7.688198, 1523441684427.0356
15.091317, 12.960758, 7.679943, 1523441684509.4224
15.069106, 12.999475, 7.683309, 1523441684591.7166
15.044916, 13.035107, 7.694893, 1523441684673.9648
15.021334, 13.068463, 7.710184, 1523441684756.2131
14.992246, 13.103974, 7.709962, 1523441684838.5996
14.956394, 13.148899, 7.703518, 1523441684921.3083
14.915709, 13.176365, 7.715951, 1523441685004.1099
14.877057, 13.209903, 7.710418, 1523441685087.3259
14.843472, 13.247428, 7.696743, 1523441685170.9565
14.810903, 13.275146, 7.666463, 1523441685254.7256
14.780864, 13.299065, 7.627275, 1523441685338.5408
14.743896, 13.319367, 7.587973, 1523441685422.2173
14.693292, 13.34456, 7.539667, 1523441685505.6638
14.648782, 13.356577, 7.51745, 1523441685588.8337
14.604316, 13.39125, 7.503948, 1523441685671.8652
14.568604, 13.426201, 7.499356, 1523441685754.7129
14.541828, 13.466563, 7.463841, 1523441685837.4683
14.518106, 13.512198, 7.408635, 1523441685920.2231
14.485145, 13.562377, 7.365904, 1523441686003.1626
14.449682, 13.624852, 7.344323, 1523441686086.3787
14.412719, 13.6756, 7.352183, 1523441686169.9629
14.373961, 13.704897, 7.351249, 1523441686253.8240
14.334311, 13.729627, 7.327007, 1523441686337.5930
14.307274, 13.746482, 7.281857, 1523441686421.3616
14.255535, 13.769636, 7.229615, 1523441686504.7620
14.213457, 13.786953, 7.184855, 1523441686587.8860
14.150969, 13.811317, 7.161217, 1523441686670.7329
14.09447, 13.841771, 7.160162, 1523441686753.3499
14.057198, 13.856635, 7.155845, 1523441686835.9207
14.007687, 13.878825, 7.132491, 1523441686918.5376
13.944226, 13.916549, 7.079607, 1523441687001.3389
13.87468, 13.951631, 7.045309, 1523441687084.2778
13.811479, 13.985632, 7.022555, 1523441687167.4939
13.727211, 14.015196, 7.045937, 1523441687250.8943
13.660911, 14.028458, 7.045946, 1523441687334.4324
13.591096, 14.051887, 7.039639, 1523441687418.2009
13.501824, 14.073128, 7.010018, 1523441687501.8777
13.434809, 14.086335, 7.015048, 1523441687585.9229
13.360311, 14.121679, 7.01706, 1523441687670.4749
13.292996, 14.126465, 7.01851, 1523441687754.4277
13.222743, 14.137639, 7.019054, 1523441687838.1042
13.151084, 14.162308, 7.016604, 1523441687921.3662
13.087632, 14.187019, 7.006045, 1523441688004.3059
13.043936, 14.204281, 7.007385, 1523441688086.9224
12.995186, 14.22784, 7.009912, 1523441688169.3088
12.925313, 14.250803, 6.998474, 1523441688252.1101
12.877511, 14.269998, 7.001654, 1523441688335.2332
12.827989, 14.280999, 7.003132, 1523441688418.5872
12.784669, 14.29171, 6.984189, 1523441688502.2639
12.733932, 14.290073, 6.949422, 1523441688585.9861
12.688867, 14.279247, 6.909534, 1523441688669.7546
12.641255, 14.256251, 6.862699, 1523441688753.4307
12.576811, 14.235925, 6.835656, 1523441688836.7390
12.515719, 14.213783, 6.828644, 1523441688919.7244
12.460464, 14.211493, 6.813472, 1523441689002.5254
12.401873, 14.210402, 6.784881, 1523441689085.2339
12.356389, 14.212168, 6.74223, 1523441689167.9885
12.312804, 14.225432, 6.69647, 1523441689250.8357
12.262723, 14.241564, 6.656501, 1523441689334.1428
12.199898, 14.256075, 6.64423, 1523441689417.8193
12.147318, 14.248777, 6.650384, 1523441689501.7261
12.088587, 14.25072, 6.631577, 1523441689585.8630
12.043795, 14.238647, 6.599042, 1523441689669.8623
11.991371, 14.22543, 6.547157, 1523441689753.7224
11.939607, 14.210835, 6.498491, 1523441689837.1685
11.882401, 14.191035, 6.473677, 1523441689920.2461
11.827325, 14.186335, 6.467742, 1523441690002.9082
11.774688, 14.179218, 6.46382, 1523441690085.2949
11.721287, 14.177348, 6.450981, 1523441690167.5427
11.67397, 14.168682, 6.412277, 1523441690249.8372
11.608608, 14.171893, 6.351523, 1523441690332.3157
11.544054, 14.185598, 6.299609, 1523441690415.1169
11.471805, 14.200489, 6.271472, 1523441690498.4246
11.417525, 14.196464, 6.277776, 1523441690582.0095
11.36886, 14.195403, 6.27369, 1523441690665.7778
11.315554, 14.191984, 6.247024, 1523441690749.7769
11.264604, 14.191744, 6.197542, 1523441690833.7295
11.214405, 14.170927, 6.145835, 1523441690917.4058
11.153938, 14.158828, 6.101615, 1523441691000.8979
11.093382, 14.146742, 6.083588, 1523441691083.9290
11.041015, 14.124282, 6.078477, 1523441691166.5916
10.986773, 14.118393, 6.05992, 1523441691249.1157
10.93583, 14.12191, 6.020027, 1523441691331.6404
10.881745, 14.122038, 5.967194, 1523441691414.2563
10.821381, 14.129417, 5.922397, 1523441691497.3799
10.750902, 14.142946, 5.89743, 1523441691581.0103
10.69556, 14.12894, 5.893184, 1523441691664.7324
10.646271, 14.112454, 5.891677, 1523441691748.5930
10.603116, 14.102913, 5.868289, 1523441691832.5459
10.543297, 14.08681, 5.822873, 1523441691916.4062
10.475924, 14.059184, 5.772562, 1523441692000.0828
10.414115, 14.03096, 5.738352, 1523441692083.5283
10.357759, 14.000985, 5.721966, 1523441692166.7439
10.295023, 13.984117, 5.712402, 1523441692249.6370
10.239921, 13.967993, 5.69797, 1523441692332.3457
10.181896, 13.954814, 5.667155, 1523441692414.9160
10.122118, 13.953505, 5.630807, 1523441692497.3484
10.063341, 13.951039, 5.584862, 1523441692580.1028
9.999226, 13.958281, 5.540905, 1523441692663.3181
9.926396, 13.953776, 5.521534, 1523441692746.9023
9.876065, 13.932405, 5.515836, 1523441692830.6248
9.812397, 13.913945, 5.495096, 1523441692914.4390
9.750411, 13.883397, 5.457453, 1523441692998.1614
9.694874, 13.844945, 5.41851, 1523441693081.5151
9.61609, 13.814137, 5.395856, 1523441693164.7302
9.491324, 13.791775, 5.399317, 1523441693247.8538
9.411498, 13.766932, 5.40632, 1523441693330.7466
9.326272, 13.728583, 5.394097, 1523441693413.3628
9.250426, 13.684944, 5.378831, 1523441693495.7029
9.170467, 13.650553, 5.359257, 1523441693578.0894
9.108864, 13.6133, 5.379344, 1523441693660.6135
9.061448, 13.570883, 5.383987, 1523441693743.1836
8.998072, 13.519178, 5.377365, 1523441693826.0305
8.932894, 13.460518, 5.381649, 1523441693908.8774
8.873889, 13.412952, 5.374817, 1523441693992.0471
8.819656, 13.355608, 5.368294, 1523441694075.7690
8.786824, 13.289096, 5.363883, 1523441694159.8142
8.748505, 13.220384, 5.356277, 1523441694244.0891
8.705557, 13.164105, 5.383085, 1523441694328.5029
8.683694, 13.087139, 5.386158, 1523441694412.7317
8.650458, 13.015607, 5.385937, 1523441694496.5005
8.619684, 12.954148, 5.387448, 1523441694579.7158
8.593704, 12.905188, 5.392182, 1523441694662.7009
8.551927, 12.859391, 5.385983, 1523441694745.4553
8.528217, 12.819392, 5.392984, 1523441694827.9795
8.500874, 12.783319, 5.387712, 1523441694910.5500
8.468885, 12.735253, 5.380795, 1523441694993.1667
8.433997, 12.672524, 5.371449, 1523441695076.2898
8.40523, 12.613791, 5.37367, 1523441695159.7354
8.382393, 12.559528, 5.362808, 1523441695243.5957
8.383986, 12.506537, 5.337716, 1523441695327.5945
8.370129, 12.454468, 5.292037, 1523441695411.7310
8.362528, 12.40172, 5.251754, 1523441695495.9600
8.375825, 12.350971, 5.209141, 1523441695579.9585
8.393776, 12.291137, 5.188955, 1523441695663.6807
8.395762, 12.241476, 5.187285, 1523441695747.1262
8.411102, 12.168759, 5.176404, 1523441695830.1572
8.395017, 12.134724, 5.15017, 1523441695912.9578
8.381455, 12.092766, 5.109077, 1523441695995.6204
8.371593, 12.064226, 5.06129, 1523441696078.1907
8.343842, 12.01439, 5.009506, 1523441696161.1753
8.317979, 11.952723, 4.992386, 1523441696244.6208
8.323071, 11.901897, 5.000982, 1523441696327.9744
8.328007, 11.855334, 5.004084, 1523441696411.6965
8.344997, 11.8065, 4.980793, 1523441696495.2803
8.350836, 11.755004, 4.936437, 1523441696578.8640
8.363003, 11.701805, 4.889722, 1523441696662.4021
8.382524, 11.641908, 4.840016, 1523441696745.8936
8.400234, 11.578662, 4.81483, 1523441696829.2927
8.418152, 11.517026, 4.811801, 1523441696912.3237
8.423395, 11.464734, 4.810612, 1523441696995.1243
8.418739, 11.415067, 4.776599, 1523441697077.8330
8.407829, 11.3689, 4.739198, 1523441697160.6333
8.397543, 11.322949, 4.6915, 1523441697243.6177
8.374057, 11.263606, 4.640473, 1523441697326.8794
8.347818, 11.201508, 4.61982, 1523441697410.3250
8.342208, 11.145949, 4.628396, 1523441697493.8621
8.338207, 11.094747, 4.621643, 1523441697577.6763
8.334221, 11.050637, 4.594197, 1523441697661.5825
8.33567, 10.996453, 4.551296, 1523441697745.3967
8.345696, 10.946469, 4.498407, 1523441697828.8425
8.361113, 10.8711, 4.447483, 1523441697912.1497
8.370014, 10.797522, 4.426486, 1523441697995.2266
8.3803, 10.731106, 4.426956, 1523441698078.0735
8.385401, 10.684221, 4.409446, 1523441698160.5051
8.382281, 10.637749, 4.382917, 1523441698242.8911
8.36854, 10.596597, 4.343666, 1523441698325.3691
8.348011, 10.545419, 4.302122, 1523441698408.0771
8.320936, 10.4851, 4.243645, 1523441698491.3386
8.302416, 10.418719, 4.245098, 1523441698574.8308
8.305653, 10.368183, 4.248814, 1523441698658.4607
8.296295, 10.320321, 4.229517, 1523441698742.4587
8.29769, 10.265571, 4.186098, 1523441698826.2727
8.310805, 10.208621, 4.134658, 1523441698909.9028
8.334599, 10.140051, 4.08611, 1523441698993.0725
8.350449, 10.078239, 4.065496, 1523441699076.0112
8.36621, 10.024425, 4.071653, 1523441699158.6274
8.363912, 9.9756, 4.066637, 1523441699241.2437
8.348746, 9.925858, 4.043495, 1523441699324.1360
8.329521, 9.870674, 4.003182, 1523441699407.0750
8.307744, 9.814789, 3.950562, 1523441699490.2898
8.275516, 9.759126, 3.898859, 1523441699573.9202
8.247387, 9.678049, 3.869453, 1523441699657.7346
8.243972, 9.616773, 3.87265, 1523441699741.4568
8.235117, 9.570362, 3.866688, 1523441699825.3169
8.238369, 9.515203, 3.836841, 1523441699909.1311
8.245729, 9.461771, 3.784398, 1523441699992.7146
8.275737, 9.390489, 3.72097, 1523441700075.8840
8.292874, 9.304502, 3.681395, 1523441700158.8228
8.308099, 9.242123, 3.678497, 1523441700241.8079
8.300787, 9.19969, 3.697395, 1523441700324.5623
8.304382, 9.160079, 3.681452, 1523441700407.1787
8.288946, 9.108152, 3.640058, 1523441700489.8872
8.271881, 9.06789, 3.594073, 1523441700572.7336
8.246425, 9.013738, 3.54831, 1523441700655.9028
8.2024, 8.945576, 3.507447, 1523441700739.5789
8.194818, 8.891234, 3.512947, 1523441700823.2546
8.192977, 8.853237, 3.514833, 1523441700907.3452
8.189658, 8.804498, 3.494359, 1523441700991.3901
8.199539, 8.740291, 3.435543, 1523441701075.2500
8.2168, 8.673814, 3.367012, 1523441701158.7417
8.237117, 8.608664, 3.320331, 1523441701242.0029
8.249896, 8.540733, 3.307512, 1523441701325.0801
8.258428, 8.488635, 3.307143, 1523441701407.7424
8.264009, 8.446774, 3.306419, 1523441701490.3130
8.255768, 8.401406, 3.286548, 1523441701573.0674
8.232006, 8.348837, 3.243984, 1523441701656.0059
8.216085, 8.30846, 3.201447, 1523441701739.2676
8.189621, 8.240633, 3.154058, 1523441701822.8052
8.168251, 8.161973, 3.133329, 1523441701906.5735
8.16102, 8.094687, 3.133856, 1523441701990.3875
8.157482, 8.03245, 3.118156, 1523441702074.5242
8.157816, 7.970558, 3.078501, 1523441702158.6150
8.174507, 7.917295, 3.024668, 1523441702242.1526
8.195622, 7.846691, 2.972471, 1523441702325.2295
8.212322, 7.782683, 2.938393, 1523441702407.9844
8.221842, 7.728117, 2.935389, 1523441702490.4622
8.220463, 7.67081, 2.935846, 1523441702572.8943
8.218469, 7.634785, 2.913621, 1523441702655.2798
8.209261, 7.587041, 2.869697, 1523441702737.8960
8.186198, 7.538401, 2.819808, 1523441702820.8350
8.152884, 7.47421, 2.772786, 1523441702904.2344
8.134498, 7.405759, 2.75468, 1523441702987.8184
8.13168, 7.359731, 2.767219, 1523441703071.6326
8.133468, 7.305861, 2.762456, 1523441703155.5850
8.13827, 7.255148, 2.743736, 1523441703239.5376
8.128532, 7.193724, 2.695619, 1523441703323.5359
8.129948, 7.124801, 2.635741, 1523441703407.3037
8.145959, 7.037926, 2.574405, 1523441703490.7036
8.140594, 6.953697, 2.543767, 1523441703573.9651
8.134276, 6.878598, 2.535733, 1523441703656.9958
8.139436, 6.818957, 2.530383, 1523441703739.5662
8.126304, 6.77585, 2.492, 1523441703822.0437
8.111716, 6.742938, 2.455163, 1523441703904.3838
8.099209, 6.689567, 2.418256, 1523441703986.8154
8.071428, 6.635564, 2.396751, 1523441704069.8003
8.061635, 6.569091, 2.387037, 1523441704153.1077
8.063231, 6.512535, 2.380406, 1523441704236.7380
8.059299, 6.458869, 2.36259, 1523441704320.6443
8.064294, 6.392499, 2.312687, 1523441704404.4585
8.082738, 6.319125, 2.265039, 1523441704488.0881
8.070713, 6.220326, 2.222854, 1523441704571.5342
8.062403, 6.120232, 2.224416, 1523441704654.6572
8.051366, 6.010257, 2.221718, 1523441704737.5959
8.050817, 5.908847, 2.207509, 1523441704820.4424
8.037795, 5.821608, 2.193306, 1523441704903.1047
8.018419, 5.745769, 2.183818, 1523441704985.2136
8.019517, 5.684172, 2.183896, 1523441705067.4153
8.004367, 5.622036, 2.192266, 1523441705150.4458
7.995349, 5.553326, 2.192812, 1523441705233.8916
8.002421, 5.481611, 2.175733, 1523441705317.6133
8.009318, 5.409197, 2.139352, 1523441705401.3354
8.01708, 5.313144, 2.079397, 1523441705484.8269
8.032387, 5.19532, 2.05221, 1523441705568.3650
8.033029, 5.058216, 2.033686, 1523441705652.1792
8.037623, 4.9241, 2.032877, 1523441705735.7627
8.047177, 4.799469, 2.035323, 1523441705818.9319
8.050138, 4.693308, 2.015316, 1523441705901.7324
8.027452, 4.577266, 1.984916, 1523441705984.6248
7.998677, 4.482941, 1.994922, 1523441706067.2871
7.986537, 4.400164, 2.018165, 1523441706150.0876
7.961755, 4.316383, 2.041253, 1523441706233.7637
7.942871, 4.234354, 2.047058, 1523441706317.9006
7.932165, 4.149405, 2.046395, 1523441706402.2217
7.922084, 4.062821, 2.035447, 1523441706486.4507
7.917912, 3.968658, 2.021893, 1523441706570.4490
7.909909, 3.871828, 2.027723, 1523441706654.5403
7.887059, 3.784164, 2.01488, 1523441706738.9536
7.85803, 3.692723, 2.030992, 1523441706823.0901
7.832036, 3.60971, 2.039659, 1523441706906.9963
7.802062, 3.524152, 2.030191, 1523441706990.3955
7.763594, 3.447711, 2.011622, 1523441707073.2422
7.710104, 3.379339, 2.003926, 1523441707155.7661
7.661068, 3.314169, 2.012522, 1523441707237.8755
7.600979, 3.249231, 2.032712, 1523441707319.9846
7.544975, 3.183991, 2.026558, 1523441707402.6008
7.480538, 3.137387, 2.031358, 1523441707485.8162
7.436303, 3.085877, 2.02463, 1523441707569.1692
7.380332, 3.022107, 2.015578, 1523441707652.6147
7.319461, 2.964815, 2.004117, 1523441707735.7380
7.26522, 2.897339, 2.010254, 1523441707818.8606
7.179563, 2.858196, 2.010551, 1523441707902.7671
7.080128, 2.84097, 2.025329, 1523441707987.1340
7.009164, 2.802497, 2.02569, 1523441708071.2708
6.928755, 2.776544, 2.018013, 1523441708154.9924
6.842611, 2.749225, 1.999457, 1523441708238.1614
6.754254, 2.71734, 2.006247, 1523441708320.6394
6.671318, 2.695549, 2.02012, 1523441708402.6106
6.585359, 2.675258, 2.021343, 1523441708484.3972
6.505193, 2.653313, 2.019633, 1523441708566.4607
6.435705, 2.633567, 2.026945, 1523441708648.8469
6.355441, 2.597332, 2.032702, 1523441708731.5552
6.275018, 2.583807, 2.020815, 1523441708814.6318
6.189406, 2.555075, 2.008245, 1523441708897.9395
6.121729, 2.523785, 2.023617, 1523441708981.5693
6.034608, 2.51817, 2.02483, 1523441709065.9363
5.950491, 2.504021, 2.022085, 1523441709150.2573
5.868872, 2.499697, 2.040344, 1523441709234.3481
5.798914, 2.495743, 2.034052, 1523441709317.8855
5.735033, 2.487495, 2.035741, 1523441709400.8706
5.666083, 2.488212, 2.012241, 1523441709483.6248
5.604176, 2.495509, 2.019896, 1523441709566.1028
5.542272, 2.491061, 2.037261, 1523441709648.3501
5.469507, 2.489884, 2.023011, 1523441709730.6899
5.400702, 2.490146, 2.01861, 1523441709813.3518
5.333173, 2.477659, 2.025679, 1523441709896.3831
5.267255, 2.468533, 2.02193, 1523441709979.6443
5.216018, 2.454566, 2.019363, 1523441710063.2739
5.165203, 2.431029, 2.030522, 1523441710147.2263
5.130321, 2.424832, 2.030652, 1523441710231.4553
5.084872, 2.407456, 2.020259, 1523441710315.5459
5.041248, 2.398739, 2.027207, 1523441710399.2219
5.015419, 2.389622, 2.025619, 1523441710482.3906
4.990701, 2.386505, 2.035166, 1523441710565.2834
4.972994, 2.39395, 2.043436, 1523441710648.1299
4.964925, 2.403466, 2.041147, 1523441710730.8381
4.955525, 2.41219, 2.043064, 1523441710813.5923
4.945234, 2.424289, 2.04432, 1523441710896.4849
4.934375, 2.430329, 2.042241, 1523441710979.5618
4.920126, 2.434069, 2.037633, 1523441711062.5925
