1523429040396.0000
9.214442, 3.022407, 2.037984, 1523429040396.0000
9.161681, 3.018501, 2.030433, 1523429040479.4006
9.112359, 3.012333, 2.021063, 1523429040562.8931
9.061817, 3.005738, 2.019486, 1523429040646.4319
8.987803, 2.991548, 2.012942, 1523429040730.0168
8.928966, 2.984042, 2.0346, 1523429040813.7395
8.858006, 2.991722, 2.046797, 1523429040897.6467
8.796124, 2.995047, 2.047986, 1523429040981.4158
8.745992, 3.000223, 2.061699, 1523429041065.1389
8.703775, 3.025919, 2.066171, 1523429041148.8618
8.666698, 3.060907, 2.052755, 1523429041232.6309
8.632999, 3.109833, 2.049628, 1523429041316.5840
8.598881, 3.155058, 2.04319, 1523429041400.3528
8.575077, 3.20256, 2.046319, 1523429041483.8916
8.540928, 3.248172, 2.053435, 1523429041567.0613
8.52455, 3.291873, 2.058591, 1523429041650.2771
8.516204, 3.337229, 2.059085, 1523429041734.0002
8.492573, 3.380333, 2.063664, 1523429041817.8152
8.451559, 3.413281, 2.065525, 1523429041901.3535
8.418824, 3.442589, 2.058421, 1523429041984.3855
8.366666, 3.49735, 2.050069, 1523429042066.8184
8.320675, 3.543388, 2.040136, 1523429042148.8364
8.278251, 3.61428, 2.033083, 1523429042230.7161
8.246346, 3.696014, 2.026735, 1523429042312.9182
8.239512, 3.777993, 2.044036, 1523429042395.7195
8.236692, 3.844436, 2.048368, 1523429042478.7974
8.221953, 3.913712, 2.065654, 1523429042561.6907
8.213788, 3.978819, 2.067081, 1523429042644.4460
8.203908, 4.058856, 2.059611, 1523429042727.0630
8.194893, 4.139245, 2.042309, 1523429042809.5879
8.187053, 4.224945, 2.026929, 1523429042892.1592
8.196729, 4.31324, 2.031785, 1523429042974.7764
8.2085, 4.41927, 2.043921, 1523429043057.3474
8.20983, 4.497606, 2.058183, 1523429043140.2869
8.215053, 4.57129, 2.069767, 1523429043223.7336
8.203586, 4.646964, 2.072465, 1523429043307.3645
8.19506, 4.733023, 2.060125, 1523429043390.9492
8.188273, 4.825749, 2.044671, 1523429043474.5342
8.172794, 4.919876, 2.030195, 1523429043557.9810
8.158827, 5.004741, 2.038325, 1523429043641.4736
8.155797, 5.094522, 2.042603, 1523429043725.4731
8.164915, 5.194029, 2.063974, 1523429043809.5647
8.165938, 5.27994, 2.077118, 1523429043893.2881
8.169459, 5.367873, 2.074041, 1523429043976.9189
8.170805, 5.461478, 2.068343, 1523429044060.1814
8.184224, 5.575967, 2.061826, 1523429044143.3972
8.203307, 5.681148, 2.049453, 1523429044226.5212
8.22466, 5.781195, 2.080403, 1523429044309.5994
8.226139, 5.877247, 2.133628, 1523429044392.4468
8.226357, 5.940689, 2.174631, 1523429044475.2944
8.224961, 5.991715, 2.212008, 1523429044558.4185
8.207578, 6.048268, 2.236928, 1523429044641.5886
8.205054, 6.096812, 2.241403, 1523429044724.8508
8.197763, 6.157369, 2.23768, 1523429044808.2974
8.182845, 6.219468, 2.230085, 1523429044891.8821
8.169007, 6.279344, 2.231418, 1523429044975.6050
8.166158, 6.333402, 2.238883, 1523429045059.6509
8.174004, 6.387512, 2.254443, 1523429045143.8804
8.172305, 6.44211, 2.266022, 1523429045228.0183
8.187247, 6.504094, 2.26774, 1523429045312.1099
8.199833, 6.56521, 2.267639, 1523429045395.8330
8.20875, 6.630517, 2.262529, 1523429045479.1414
8.226367, 6.69322, 2.261024, 1523429045562.0813
8.243378, 6.769021, 2.274575, 1523429045644.7905
8.257731, 6.835745, 2.305617, 1523429045727.2695
8.264648, 6.886587, 2.354791, 1523429045809.6101
8.278131, 6.92452, 2.399055, 1523429045892.1812
8.275137, 6.965168, 2.430549, 1523429045974.8442
8.271425, 7.011446, 2.434133, 1523429046057.5535
8.264171, 7.062487, 2.42702, 1523429046140.4473
8.261353, 7.119428, 2.428737, 1523429046223.5249
8.258861, 7.17228, 2.426742, 1523429046307.0176
8.247618, 7.225578, 2.450647, 1523429046390.8325
8.248046, 7.268093, 2.49515, 1523429046475.1086
8.258366, 7.306989, 2.544069, 1523429046559.6152
8.263699, 7.337153, 2.603458, 1523429046644.1216
8.27386, 7.364325, 2.615951, 1523429046728.4897
8.300045, 7.40474, 2.622435, 1523429046812.6733
8.317919, 7.458129, 2.606037, 1523429046896.4424
8.322448, 7.511454, 2.618262, 1523429046979.5664
8.334017, 7.562601, 2.643764, 1523429047062.2295
8.343565, 7.602697, 2.702075, 1523429047144.4319
8.349606, 7.63703, 2.751935, 1523429047226.4963
8.362027, 7.674595, 2.796532, 1523429047308.8374
8.369342, 7.709274, 2.809434, 1523429047391.2700
8.371674, 7.765115, 2.802051, 1523429047473.8872
8.384865, 7.820976, 2.79397, 1523429047556.7349
8.384824, 7.880079, 2.805244, 1523429047639.7666
8.382894, 7.938971, 2.844384, 1523429047723.2593
8.389305, 7.990067, 2.877067, 1523429047807.3967
8.393082, 8.0331, 2.922814, 1523429047891.6729
8.3895, 8.059053, 2.970082, 1523429047975.9490
8.402842, 8.084031, 2.999509, 1523429048059.9021
8.42212, 8.12016, 2.996707, 1523429048143.5791
8.441229, 8.167201, 2.991725, 1523429048226.9331
8.452997, 8.220137, 2.994048, 1523429048309.9189
8.468241, 8.274264, 3.021607, 1523429048392.5823
8.4781, 8.314195, 3.073244, 1523429048474.9226
8.484123, 8.356267, 3.118177, 1523429048557.1709
8.488435, 8.392879, 3.156063, 1523429048639.5576
8.488836, 8.427978, 3.183186, 1523429048721.9905
8.484909, 8.470837, 3.174475, 1523429048804.7461
8.487679, 8.521186, 3.169835, 1523429048887.8699
8.485569, 8.574787, 3.170859, 1523429048971.1782
8.478279, 8.630482, 3.189232, 1523429049054.6711
8.464403, 8.689631, 3.20773, 1523429049138.4402
8.45575, 8.746736, 3.261175, 1523429049222.7158
8.459464, 8.799533, 3.31043, 1523429049307.2686
8.463997, 8.834735, 3.350395, 1523429049391.5903
8.470025, 8.873126, 3.366951, 1523429049475.5898
8.472298, 8.923722, 3.365682, 1523429049559.1746
8.474256, 8.982301, 3.371849, 1523429049642.2986
8.487204, 9.036531, 3.384764, 1523429049725.3303
8.499152, 9.084216, 3.425337, 1523429049807.9473
8.498137, 9.118899, 3.464738, 1523429049890.1958
8.503984, 9.152904, 3.515149, 1523429049972.5828
8.497104, 9.189222, 3.550121, 1523429050054.8774
8.488126, 9.235481, 3.553482, 1523429050137.3101
8.486845, 9.288932, 3.541873, 1523429050220.1118
8.486186, 9.345683, 3.545895, 1523429050303.1436
8.47804, 9.397624, 3.558116, 1523429050386.4058
8.455701, 9.45178, 3.595444, 1523429050470.0828
8.447508, 9.501188, 3.63471, 1523429050554.2666
8.43507, 9.532323, 3.685493, 1523429050638.4041
8.430699, 9.560418, 3.725132, 1523429050722.3577
8.425429, 9.58156, 3.741997, 1523429050806.0811
8.431735, 9.620372, 3.734437, 1523429050889.6194
8.444146, 9.661576, 3.732519, 1523429050973.0200
8.460628, 9.712608, 3.731454, 1523429051056.1440
8.478966, 9.764873, 3.747424, 1523429051139.0833
8.500657, 9.816396, 3.798568, 1523429051221.7004
8.510735, 9.856886, 3.842334, 1523429051303.9951
8.522601, 9.895837, 3.891625, 1523429051386.4739
8.525507, 9.924807, 3.920778, 1523429051468.9529
8.521259, 9.961285, 3.921112, 1523429051551.4778
8.521266, 10.010642, 3.912223, 1523429051634.0947
8.514025, 10.062292, 3.920179, 1523429051717.0806
8.502934, 10.127234, 3.922128, 1523429051800.3889
8.486393, 10.1884, 3.940611, 1523429051884.0198
8.493817, 10.253827, 3.989114, 1523429051968.3882
8.496833, 10.2994, 4.040011, 1523429052052.8484
8.493896, 10.327746, 4.094865, 1523429052137.0781
8.499247, 10.352412, 4.114909, 1523429052221.0774
8.507491, 10.395597, 4.113592, 1523429052304.7080
8.508478, 10.441399, 4.111784, 1523429052387.9241
8.505504, 10.495906, 4.108544, 1523429052470.9102
8.514109, 10.546964, 4.126565, 1523429052553.7114
8.528918, 10.597454, 4.164861, 1523429052636.4209
8.524248, 10.631095, 4.217474, 1523429052718.7620
8.522328, 10.653598, 4.266036, 1523429052801.1948
8.516175, 10.676828, 4.298304, 1523429052883.6274
8.509017, 10.70977, 4.305287, 1523429052966.1526
8.504665, 10.756748, 4.293214, 1523429053049.0464
8.498127, 10.806643, 4.297159, 1523429053132.1240
8.489915, 10.864193, 4.29465, 1523429053215.5708
8.473025, 10.92518, 4.316536, 1523429053299.3401
8.472998, 10.986334, 4.352846, 1523429053383.6157
8.474972, 11.027485, 4.403953, 1523429053468.0762
8.472392, 11.052353, 4.459049, 1523429053552.3059
8.466027, 11.073997, 4.487416, 1523429053636.2131
8.473435, 11.112951, 4.484395, 1523429053719.8901
8.472765, 11.156557, 4.473661, 1523429053803.2446
8.472671, 11.204605, 4.476981, 1523429053886.3228
8.468459, 11.265245, 4.474266, 1523429053969.1243
8.475063, 11.326887, 4.50257, 1523429054051.8337
8.47579, 11.366937, 4.550348, 1523429054134.2666
8.476126, 11.399927, 4.601076, 1523429054216.7456
8.476681, 11.418409, 4.64768, 1523429054299.4087
8.470534, 11.442656, 4.683729, 1523429054382.1182
8.462068, 11.476551, 4.684168, 1523429054464.9656
8.44973, 11.514575, 4.674557, 1523429054547.9973
8.438913, 11.565168, 4.673427, 1523429054631.1675
8.429618, 11.628169, 4.677243, 1523429054714.6602
8.406839, 11.68894, 4.687164, 1523429054798.3374
8.395372, 11.744959, 4.733349, 1523429054882.4749
8.392737, 11.788711, 4.780157, 1523429054967.0735
8.391198, 11.820573, 4.829585, 1523429055051.7180
8.389643, 11.846406, 4.861979, 1523429055136.1323
8.398563, 11.871997, 4.865774, 1523429055220.3159
8.397148, 11.913451, 4.85766, 1523429055304.0388
8.402941, 11.968674, 4.848264, 1523429055387.5771
8.411741, 12.033257, 4.846811, 1523429055470.9314
8.428569, 12.089334, 4.869659, 1523429055554.0549
8.43267, 12.133062, 4.921964, 1523429055636.5337
8.436108, 12.159766, 4.967418, 1523429055718.7822
8.439659, 12.186405, 5.019309, 1523429055801.2607
8.431159, 12.20952, 5.0418, 1523429055883.7397
8.413162, 12.238158, 5.037099, 1523429055966.0803
8.404716, 12.279145, 5.032555, 1523429056048.6050
8.3995, 12.322453, 5.035851, 1523429056131.3604
8.395773, 12.378548, 5.036894, 1523429056214.4844
8.385222, 12.433657, 5.071235, 1523429056297.8384
8.37271, 12.48351, 5.094634, 1523429056381.8838
8.380911, 12.523603, 5.136541, 1523429056466.6206
8.361032, 12.549606, 5.182304, 1523429056550.9888
8.347717, 12.556823, 5.227773, 1523429056634.8499
8.340781, 12.57259, 5.247354, 1523429056718.2500
8.339647, 12.603395, 5.240204, 1523429056801.2358
8.325356, 12.643077, 5.236506, 1523429056883.6687
8.309229, 12.691545, 5.229622, 1523429056965.8713
8.30031, 12.753155, 5.229433, 1523429057048.0737
8.30451, 12.814777, 5.246154, 1523429057130.4604
8.301933, 12.869729, 5.283886, 1523429057212.7092
8.277766, 12.900735, 5.340078, 1523429057294.8193
8.266491, 12.921462, 5.389996, 1523429057377.4368
8.256909, 12.952868, 5.417028, 1523429057460.5146
8.235536, 12.993288, 5.411485, 1523429057543.7771
8.210523, 13.039944, 5.399991, 1523429057627.1316
8.175642, 13.090819, 5.389272, 1523429057710.5781
8.143498, 13.140306, 5.388443, 1523429057794.3474
8.097282, 13.203828, 5.381003, 1523429057878.5312
8.047076, 13.265425, 5.400054, 1523429057962.8994
8.009074, 13.319077, 5.415173, 1523429058047.0369
7.964094, 13.364377, 5.419075, 1523429058130.8982
7.92541, 13.411283, 5.427698, 1523429058214.5752
7.889481, 13.463462, 5.426336, 1523429058297.9756
7.832413, 13.515635, 5.418312, 1523429058380.8232
7.78154, 13.564341, 5.410853, 1523429058463.3484
7.741961, 13.614133, 5.415962, 1523429058545.8733
7.707045, 13.663755, 5.424959, 1523429058628.3982
7.655696, 13.699637, 5.429351, 1523429058710.8313
7.60632, 13.744017, 5.434917, 1523429058793.4485
7.555273, 13.768053, 5.437207, 1523429058876.2036
7.509844, 13.794962, 5.435895, 1523429058959.2820
7.463267, 13.819208, 5.427293, 1523429059042.9587
7.410701, 13.839544, 5.427285, 1523429059127.2346
7.350923, 13.859769, 5.422094, 1523429059211.9717
7.280545, 13.866943, 5.421394, 1523429059297.0308
7.203354, 13.9018, 5.414725, 1523429059382.4128
7.106624, 13.92672, 5.42901, 1523429059467.3337
7.03191, 13.949281, 5.430266, 1523429059551.8403
6.945518, 13.982512, 5.421641, 1523429059635.7478
6.870404, 14.017976, 5.418531, 1523429059719.1482
6.78388, 14.052363, 5.408931, 1523429059802.1802
6.708788, 14.094475, 5.425134, 1523429059884.8894
6.627322, 14.135619, 5.459383, 1523429059967.3220
6.573378, 14.163818, 5.487472, 1523429060049.6165
6.524981, 14.193699, 5.533217, 1523429060132.1877
6.480133, 14.209528, 5.57039, 1523429060214.9895
6.439199, 14.218797, 5.597483, 1523429060298.1594
6.396832, 14.234628, 5.584647, 1523429060381.5139
6.336213, 14.232196, 5.583359, 1523429060464.8225
6.285818, 14.237103, 5.578759, 1523429060548.1768
6.216976, 14.231613, 5.592901, 1523429060631.5776
6.159541, 14.223269, 5.6271, 1523429060715.3928
6.100901, 14.219973, 5.680276, 1523429060799.4387
6.060151, 14.218229, 5.728464, 1523429060883.2539
6.040262, 14.205839, 5.764646, 1523429060966.6084
6.014273, 14.210081, 5.775448, 1523429061049.6863
5.975394, 14.210951, 5.773001, 1523429061132.5339
5.925818, 14.210779, 5.764038, 1523429061215.2432
5.873951, 14.220285, 5.755687, 1523429061297.9988
5.810989, 14.239953, 5.775426, 1523429061380.8462
5.761715, 14.251072, 5.815576, 1523429061463.2788
5.735089, 14.263055, 5.864683, 1523429061545.7581
5.710506, 14.278271, 5.912273, 1523429061628.5137
5.68664, 14.280987, 5.938739, 1523429061711.4072
5.652768, 14.289386, 5.933816, 1523429061794.6235
5.609529, 14.297841, 5.921854, 1523429061878.0242
5.554295, 14.302686, 5.918024, 1523429061961.4243
5.494868, 14.30215, 5.921642, 1523429062044.8247
5.435657, 14.296059, 5.943857, 1523429062128.4099
5.370918, 14.307879, 5.987395, 1523429062212.6396
5.31487, 14.32374, 6.037215, 1523429062297.0081
5.280008, 14.322221, 6.088191, 1523429062381.0076
5.263599, 14.325188, 6.121165, 1523429062464.8230
5.23887, 14.34441, 6.118387, 1523429062548.3157
5.189422, 14.353893, 6.120684, 1523429062631.5776
5.125574, 14.371017, 6.111651, 1523429062714.5176
5.049448, 14.387263, 6.12397, 1523429062797.0886
4.989399, 14.396211, 6.169997, 1523429062879.2913
4.962527, 14.403115, 6.222402, 1523429062961.3555
4.943877, 14.412899, 6.269792, 1523429063043.6965
4.917124, 14.410637, 6.287297, 1523429063126.3596
4.877143, 14.403564, 6.288841, 1523429063209.2532
4.83876, 14.400236, 6.284753, 1523429063292.4233
4.787341, 14.387774, 6.280783, 1523429063375.8699
4.715119, 14.376112, 6.29178, 1523429063459.5930
4.664757, 14.35058, 6.32471, 1523429063543.5925
4.617612, 14.351218, 6.366593, 1523429063628.1453
4.576273, 14.346357, 6.416341, 1523429063712.5596
4.560516, 14.327327, 6.463683, 1523429063796.4673
4.532829, 14.331802, 6.478655, 1523429063880.4204
4.484101, 14.332148, 6.465789, 1523429063964.0054
4.439954, 14.332556, 6.46174, 1523429064047.3137
4.390118, 14.324365, 6.452964, 1523429064130.2073
4.347423, 14.350821, 6.477158, 1523429064213.6079
4.288028, 14.358703, 6.520839, 1523429064296.5938
4.269312, 14.350986, 6.56217, 1523429064379.1648
4.222879, 14.366055, 6.610053, 1523429064462.1045
4.193475, 14.364277, 6.650195, 1523429064544.7676
4.161067, 14.3788, 6.654523, 1523429064627.7534
4.09452, 14.401084, 6.640311, 1523429064711.0618
4.032466, 14.396321, 6.630932, 1523429064794.0474
3.970029, 14.388177, 6.647768, 1523429064877.1714
3.907916, 14.383547, 6.668774, 1523429064960.7561
3.854034, 14.384378, 6.7074, 1523429065044.7097
3.824876, 14.376278, 6.766847, 1523429065128.6628
3.808728, 14.359789, 6.808409, 1523429065212.2014
3.79948, 14.361918, 6.827333, 1523429065295.4639
3.761568, 14.366878, 6.827064, 1523429065378.6335
3.711607, 14.365242, 6.817896, 1523429065461.6196
3.657112, 14.365937, 6.811782, 1523429065544.4670
3.59498, 14.375082, 6.825569, 1523429065627.1304
3.547205, 14.376279, 6.875306, 1523429065709.5173
3.515545, 14.386541, 6.91251, 1523429065791.9500
3.481131, 14.409909, 6.959858, 1523429065874.7976
3.46516, 14.422872, 6.988802, 1523429065957.8752
3.45441, 14.433624, 7.002792, 1523429066041.3218
3.431683, 14.440806, 7.00648, 1523429066124.9526
3.418769, 14.441029, 7.006845, 1523429066208.6294
3.399379, 14.437938, 7.014987, 1523429066292.3064
3.379885, 14.425404, 7.01085, 1523429066375.8450
3.357714, 14.408641, 7.007486, 1523429066459.2451
3.329674, 14.38694, 7.006366, 1523429066542.4609
3.307699, 14.358028, 7.00336, 1523429066625.5391
3.272628, 14.3315, 7.001335, 1523429066708.8010
3.246193, 14.311005, 7.002843, 1523429066792.1089
3.222903, 14.276172, 7.001004, 1523429066875.1406
3.208831, 14.253391, 7.003675, 1523429066957.9424
3.188284, 14.243022, 7.003746, 1523429067040.5134
3.180383, 14.236927, 7.010774, 1523429067122.9463
3.190116, 14.245444, 7.029305, 1523429067205.4714
3.178435, 14.253381, 7.033663, 1523429067288.2263
3.162759, 14.266691, 7.017424, 1523429067371.3042
3.161146, 14.274676, 7.019588, 1523429067454.6584
3.147208, 14.269188, 7.012848, 1523429067538.0588
3.137691, 14.269535, 7.017589, 1523429067621.6899
3.131872, 14.267587, 7.016756, 1523429067705.3667
3.122717, 14.254574, 7.007978, 1523429067788.8132
3.118943, 14.236005, 7.008053, 1523429067871.8450
3.122907, 14.227931, 7.008905, 1523429067954.5542
3.127177, 14.215935, 7.01643, 1523429068036.9868
3.127111, 14.212021, 7.002525, 1523429068119.3274
3.132788, 14.208428, 6.994366, 1523429068201.7139
3.159458, 14.193723, 7.005302, 1523429068284.2388
3.180623, 14.190318, 7.0057, 1523429068367.0862
3.204323, 14.184669, 7.005085, 1523429068450.2561
3.233426, 14.177744, 7.012114, 1523429068533.7485
3.266358, 14.169336, 7.01687, 1523429068617.4253
3.293846, 14.163305, 7.010731, 1523429068701.1943
3.321104, 14.159938, 7.013111, 1523429068784.8711
3.348532, 14.158453, 6.999525, 1523429068868.3635
3.373902, 14.163095, 7.003432, 1523429068951.5332
3.388394, 14.173936, 7.010942, 1523429069034.4729
3.402165, 14.183929, 7.012064, 1523429069117.2739
3.399143, 14.194194, 7.005648, 1523429069200.2595
3.392925, 14.19898, 7.023243, 1523429069283.5217
3.387975, 14.205644, 7.020112, 1523429069367.1064
3.384679, 14.199452, 7.010203, 1523429069450.8293
3.384296, 14.191797, 7.003228, 1523429069534.5061
3.391028, 14.182663, 6.996151, 1523429069618.1831
3.396184, 14.172653, 6.991086, 1523429069701.9062
3.39161, 14.165761, 6.994358, 1523429069785.7673
3.385041, 14.170667, 7.001328, 1523429069869.8589
3.372592, 14.172278, 7.009265, 1523429069954.2271
3.359725, 14.179178, 7.01712, 1523429070038.7334
3.363281, 14.189898, 7.016794, 1523429070123.2397
3.364386, 14.200931, 7.017517, 1523429070207.7000
3.358702, 14.211459, 7.024828, 1523429070291.8838
3.359258, 14.219952, 7.02975, 1523429070375.8372
3.36037, 14.226146, 7.023458, 1523429070459.4683
3.366742, 14.22287, 7.029477, 1523429070542.7766
3.370968, 14.231508, 7.028678, 1523429070625.8545
3.371393, 14.224727, 7.027566, 1523429070708.7942
3.368276, 14.212955, 7.021837, 1523429070791.6880
3.366807, 14.201027, 7.023334, 1523429070874.5815
3.363024, 14.187356, 7.025574, 1523429070957.5674
3.349369, 14.164509, 7.019568, 1523429071040.6453
3.34206, 14.148277, 7.010624, 1523429071123.8613
3.331233, 14.131023, 7.012647, 1523429071207.2620
3.327169, 14.118627, 7.014347, 1523429071290.8008
3.319248, 14.110641, 7.020506, 1523429071374.4775
3.318322, 14.104914, 7.015605, 1523429071458.1543
3.31062, 14.105074, 7.01732, 1523429071541.9236
3.317293, 14.11068, 7.013968, 1523429071625.6926
3.322878, 14.117714, 7.009457, 1523429071709.2317
3.327295, 14.112602, 7.000175, 1523429071792.4480
3.323802, 14.114286, 6.992973, 1523429071875.4336
3.313051, 14.114267, 6.990555, 1523429071958.2351
3.298327, 14.11494, 6.987095, 1523429072040.9905
3.273095, 14.124785, 6.988799, 1523429072123.7000
3.247612, 14.144511, 6.998195, 1523429072206.1792
3.218976, 14.158976, 7.002841, 1523429072288.4741
3.185382, 14.167985, 7.002352, 1523429072370.5842
3.15165, 14.178821, 7.003772, 1523429072452.4641
3.121872, 14.188999, 7.001898, 1523429072534.2058
3.085669, 14.19987, 7.002638, 1523429072615.9937
3.058162, 14.205812, 7.001487, 1523429072698.0579
3.02222, 14.205504, 6.989802, 1523429072780.4448
2.993597, 14.200314, 6.992826, 1523429072863.0620
2.9561, 14.176904, 6.991209, 1523429072945.8640
2.913083, 14.148671, 6.984184, 1523429073028.9880
2.878829, 14.116222, 6.97961, 1523429073112.2502
2.84551, 14.069547, 6.972366, 1523429073195.6047
2.817243, 14.019637, 6.976983, 1523429073279.0518
2.789092, 13.959916, 6.987027, 1523429073362.6365
2.744004, 13.914829, 6.996405, 1523429073446.5901
2.702014, 13.89112, 6.990501, 1523429073530.5894
2.662284, 13.857981, 6.994355, 1523429073614.4966
2.616023, 13.839422, 6.991807, 1523429073698.2659
2.566617, 13.818646, 6.993819, 1523429073781.7588
2.519026, 13.802481, 6.992755, 1523429073865.0210
2.468481, 13.783927, 6.991685, 1523429073948.0532
2.414448, 13.763241, 7.011224, 1523429074030.8545
2.359192, 13.741501, 7.051625, 1523429074113.3335
2.32224, 13.727725, 7.098241, 1523429074195.7664
2.276586, 13.718963, 7.131227, 1523429074278.4758
2.245096, 13.69848, 7.150208, 1523429074361.4153
2.218321, 13.670808, 7.154148, 1523429074444.6318
2.166071, 13.629165, 7.143634, 1523429074528.1248
2.118492, 13.589204, 7.137364, 1523429074611.7559
2.076101, 13.540143, 7.154089, 1523429074695.4792
2.03796, 13.497331, 7.180521, 1523429074779.6172
1.991555, 13.47294, 7.232491, 1523429074864.1697
1.971727, 13.46259, 7.288709, 1523429074948.4919
1.959988, 13.456967, 7.331737, 1523429075032.4915
1.925212, 13.45068, 7.348752, 1523429075116.3528
1.884932, 13.430615, 7.348404, 1523429075199.8916
1.84101, 13.396697, 7.343242, 1523429075283.0618
1.788361, 13.359269, 7.346575, 1523429075366.0020
1.742984, 13.307723, 7.393966, 1523429075448.2966
1.707888, 13.270921, 7.440509, 1523429075530.3147
1.684873, 13.259396, 7.476309, 1523429075612.6558
1.662591, 13.235229, 7.503099, 1523429075695.1809
1.648453, 13.192418, 7.501694, 1523429075778.0286
1.634384, 13.146766, 7.488114, 1523429075861.1069
1.613732, 13.098066, 7.488089, 1523429075944.3235
1.588836, 13.03988, 7.494536, 1523429076027.9082
1.56746, 12.969304, 7.509614, 1523429076111.7695
1.542147, 12.896726, 7.54515, 1523429076196.1843
1.513267, 12.840181, 7.590849, 1523429076280.6904
1.505052, 12.803118, 7.642879, 1523429076364.8745
1.499016, 12.769691, 7.679593, 1523429076448.5515
1.483234, 12.73951, 7.685419, 1523429076531.9521
1.452252, 12.687513, 7.671778, 1523429076615.2146
1.428523, 12.650123, 7.659955, 1523429076698.3389
1.391971, 12.586012, 7.654733, 1523429076781.1404
1.356007, 12.522343, 7.661565, 1523429076863.6653
1.327144, 12.469544, 7.681682, 1523429076945.9141
1.297604, 12.398314, 7.684088, 1523429077028.1169
1.26261, 12.319538, 7.686108, 1523429077110.6882
1.245243, 12.256951, 7.686116, 1523429077193.6279
1.218646, 12.15598, 7.682644, 1523429077276.7520
1.213235, 12.089406, 7.669596, 1523429077360.1064
1.20015, 11.985843, 7.665483, 1523429077443.6453
1.207277, 11.894926, 7.673173, 1523429077527.2761
1.21599, 11.788018, 7.697722, 1523429077611.2297
1.206749, 11.710373, 7.727609, 1523429077695.7363
1.19845, 11.654932, 7.771135, 1523429077780.2891
1.190766, 11.621078, 7.817913, 1523429077864.6111
1.181488, 11.589064, 7.838845, 1523429077948.5186
1.167505, 11.545682, 7.837976, 1523429078032.0115
1.147032, 11.484527, 7.840863, 1523429078115.2275
1.132728, 11.42254, 7.847559, 1523429078198.2598
1.11608, 11.366814, 7.872369, 1523429078281.0151
1.111667, 11.297015, 7.918353, 1523429078363.2637
1.098625, 11.246519, 7.961387, 1523429078445.6042
1.089161, 11.195693, 8.000945, 1523429078528.1296
1.092201, 11.152274, 8.017997, 1523429078610.7009
1.099382, 11.10708, 8.007262, 1523429078693.6409
1.098508, 11.043999, 8.009137, 1523429078776.7190
1.114802, 10.983747, 8.02077, 1523429078859.9353
1.136808, 10.93268, 8.054904, 1523429078943.3818
1.143656, 10.868354, 8.091463, 1523429079027.5198
1.139124, 10.820176, 8.135627, 1523429079112.0723
1.126398, 10.790368, 8.180127, 1523429079196.6252
1.113, 10.777142, 8.203135, 1523429079280.9014
1.096851, 10.74139, 8.201191, 1523429079364.7170
1.086557, 10.688841, 8.19167, 1523429079447.9795
1.085071, 10.61282, 8.201921, 1523429079530.7349
1.081791, 10.546141, 8.224224, 1523429079613.1218
1.087154, 10.491611, 8.268664, 1523429079695.0017
1.09447, 10.435981, 8.317786, 1523429079776.8816
1.088633, 10.396423, 8.352512, 1523429079859.1304
1.096094, 10.365843, 8.379018, 1523429079941.6558
1.107235, 10.318023, 8.386143, 1523429080024.5496
1.113513, 10.260025, 8.374486, 1523429080107.8582
1.128559, 10.191971, 8.380658, 1523429080191.2124
1.148099, 10.149255, 8.410886, 1523429080274.8435
1.162771, 10.091361, 8.459995, 1523429080358.9817
1.171586, 10.043182, 8.502748, 1523429080443.1658
1.180608, 10.010832, 8.550216, 1523429080527.2119
1.187672, 9.978447, 8.585375, 1523429080610.8428
1.192902, 9.942529, 8.588504, 1523429080694.2434
1.190214, 9.889595, 8.583795, 1523429080777.5520
1.195042, 9.831314, 8.574849, 1523429080860.6299
1.201846, 9.759846, 8.58826, 1523429080943.4316
1.199087, 9.707024, 8.620038, 1523429081025.9570
1.199786, 9.65416, 8.67623, 1523429081108.3440
1.194995, 9.614063, 8.72221, 1523429081191.0537
1.193238, 9.583934, 8.75396, 1523429081273.8093
1.198513, 9.555638, 8.77222, 1523429081356.7954
1.204625, 9.516977, 8.760228, 1523429081439.8735
1.213614, 9.466302, 8.763404, 1523429081523.1362
1.233716, 9.404172, 8.763472, 1523429081606.6292
1.26212, 9.341491, 8.778545, 1523429081690.1682
1.294223, 9.272075, 8.815914, 1523429081773.9375
1.3111, 9.228443, 8.85075, 1523429081857.9375
1.328814, 9.177242, 8.90328, 1523429081941.8914
1.342852, 9.136517, 8.938515, 1523429082025.5686
1.352034, 9.090566, 8.955512, 1523429082109.0154
1.359437, 9.030782, 8.947471, 1523429082192.3699
1.376157, 8.963392, 8.936607, 1523429082275.4482
1.397372, 8.88684, 8.919204, 1523429082358.3882
1.412238, 8.80771, 8.920469, 1523429082441.2820
1.433569, 8.72862, 8.933867, 1523429082523.8997
1.465898, 8.675111, 8.939688, 1523429082606.1487
1.483472, 8.611163, 8.960541, 1523429082688.6738
1.50121, 8.555721, 8.974009, 1523429082771.3835
1.52767, 8.490182, 8.978955, 1523429082854.3235
1.548958, 8.424398, 8.970734, 1523429082937.5398
1.586742, 8.359182, 8.957631, 1523429083020.8020
1.637569, 8.293136, 8.962028, 1523429083104.1104
1.698027, 8.211892, 8.984108, 1523429083187.6951
1.739437, 8.138126, 9.029261, 1523429083271.7407
1.75482, 8.10519, 9.063798, 1523429083355.6941
1.763485, 8.083301, 9.104751, 1523429083439.2791
1.7657, 8.059898, 9.12164, 1523429083522.6797
1.780215, 8.009941, 9.129887, 1523429083606.0344
1.806898, 7.965069, 9.133996, 1523429083689.2048
1.842484, 7.909666, 9.143912, 1523429083772.0066
1.891496, 7.856929, 9.146752, 1523429083854.4856
1.933692, 7.818104, 9.176983, 1523429083936.7805
1.966163, 7.779642, 9.215795, 1523429084019.2136
1.985185, 7.755276, 9.251356, 1523429084102.0613
2.006166, 7.742728, 9.282024, 1523429084185.1396
2.029496, 7.732687, 9.309037, 1523429084268.3098
2.059501, 7.721231, 9.318542, 1523429084351.6182
2.091296, 7.717425, 9.328251, 1523429084435.1575
2.133591, 7.712379, 9.321001, 1523429084518.9270
2.171913, 7.702445, 9.330732, 1523429084602.8804
2.223958, 7.692304, 9.337466, 1523429084687.0645
2.280074, 7.687618, 9.357945, 1523429084771.3867
2.332143, 7.686624, 9.394166, 1523429084855.8933
2.377106, 7.682766, 9.438373, 1523429084940.2615
2.420879, 7.676898, 9.462298, 1523429085024.3997
2.459889, 7.673221, 9.486177, 1523429085108.1689
2.495863, 7.668565, 9.504545, 1523429085191.6157
2.531722, 7.65964, 9.506746, 1523429085274.9705
2.573955, 7.640111, 9.510406, 1523429085358.2332
2.627017, 7.63316, 9.517963, 1523429085441.3113
2.677207, 7.608435, 9.515658, 1523429085524.2051
2.723757, 7.589486, 9.540359, 1523429085607.0532
2.775523, 7.567335, 9.573588, 1523429085689.8545
2.814083, 7.546648, 9.617995, 1523429085772.5640
2.848336, 7.518126, 9.647918, 1523429085855.4580
2.86891, 7.494623, 9.680527, 1523429085938.3982
2.905985, 7.465977, 9.686118, 1523429086021.6606
2.953908, 7.432694, 9.685865, 1523429086105.0615
2.989557, 7.39877, 9.680009, 1523429086188.4163
3.046642, 7.365021, 9.670148, 1523429086271.7249
3.095957, 7.331796, 9.670221, 1523429086355.0332
3.153795, 7.300273, 9.687922, 1523429086438.3423
3.191625, 7.264007, 9.704423, 1523429086521.8350
3.238841, 7.216332, 9.711111, 1523429086605.3745
3.280674, 7.171884, 9.713991, 1523429086688.7751
3.30346, 7.130954, 9.728184, 1523429086771.8533
3.339121, 7.097646, 9.724589, 1523429086854.4707
3.390856, 7.047341, 9.710626, 1523429086936.7654
3.442126, 7.001101, 9.706062, 1523429087018.7839
3.485375, 6.95593, 9.713464, 1523429087100.8484
3.521951, 6.908091, 9.723388, 1523429087183.0972
3.570729, 6.865887, 9.722178, 1523429087265.3457
3.622943, 6.815391, 9.723299, 1523429087348.1013
3.686825, 6.767586, 9.730894, 1523429087430.9951
3.748116, 6.736891, 9.719724, 1523429087514.2114
3.823486, 6.694654, 9.707807, 1523429087597.7505
3.897866, 6.670115, 9.698754, 1523429087681.4277
3.964962, 6.641735, 9.703196, 1523429087765.2427
4.04239, 6.625504, 9.710618, 1523429087849.0122
4.118577, 6.603612, 9.71406, 1523429087932.8738
4.188038, 6.567081, 9.710208, 1523429088016.6890
4.25087, 6.545202, 9.720913, 1523429088099.9976
4.31353, 6.524587, 9.729145, 1523429088182.9836
4.379, 6.499277, 9.716269, 1523429088265.6472
4.46406, 6.477052, 9.699771, 1523429088348.1260
4.538726, 6.451398, 9.684279, 1523429088430.6511
4.609807, 6.420741, 9.69268, 1523429088513.3608
4.687209, 6.387185, 9.706812, 1523429088596.2085
4.771848, 6.373801, 9.700739, 1523429088679.0564
4.846762, 6.358234, 9.701409, 1523429088762.3650
4.926479, 6.333494, 9.707813, 1523429088845.9041
5.009166, 6.330163, 9.690141, 1523429088929.7654
5.094379, 6.323945, 9.693088, 1523429089013.8113
5.187722, 6.320765, 9.692565, 1523429089097.9033
5.259816, 6.32872, 9.690141, 1523429089182.0872
5.351336, 6.330966, 9.710088, 1523429089266.2712
5.426228, 6.313245, 9.709679, 1523429089350.5015
5.497343, 6.306211, 9.724177, 1523429089434.3167
5.557868, 6.297632, 9.721707, 1523429089517.7634
5.634423, 6.290651, 9.718526, 1523429089600.7957
5.715689, 6.287015, 9.709324, 1523429089683.5972
5.792912, 6.277841, 9.702208, 1523429089766.3069
5.870437, 6.268198, 9.702621, 1523429089848.9243
5.955458, 6.264565, 9.712443, 1523429089931.4036
6.039665, 6.266453, 9.711934, 1523429090014.1592
6.115236, 6.264194, 9.714396, 1523429090097.2832
6.19871, 6.27705, 9.721233, 1523429090180.4539
6.288312, 6.284521, 9.706835, 1523429090263.9468
6.374084, 6.296329, 9.691876, 1523429090347.4399
6.458258, 6.306422, 9.692357, 1523429090431.0251
6.53443, 6.314264, 9.707845, 1523429090514.7024
6.599263, 6.311045, 9.72307, 1523429090598.7021
6.675893, 6.304396, 9.722948, 1523429090682.7483
6.759967, 6.311799, 9.717433, 1523429090766.3333
6.835603, 6.31912, 9.717043, 1523429090849.4580
6.909545, 6.319495, 9.716978, 1523429090932.3059
6.990953, 6.315971, 9.714005, 1523429091015.1074
7.070045, 6.309701, 9.706456, 1523429091097.9553
7.146677, 6.303783, 9.719209, 1523429091180.8955
7.223758, 6.299644, 9.732347, 1523429091263.6973
7.303791, 6.292799, 9.740281, 1523429091346.7295
7.385125, 6.281785, 9.746149, 1523429091430.0383
7.462732, 6.293515, 9.747532, 1523429091513.3008
7.550555, 6.299588, 9.743971, 1523429091596.7014
7.646139, 6.311274, 9.723098, 1523429091680.0103
7.737566, 6.329012, 9.715425, 1523429091763.3188
7.824183, 6.342689, 9.720157, 1523429091846.5815
7.90529, 6.358654, 9.717384, 1523429091929.8442
7.996168, 6.35502, 9.723988, 1523429092013.0146
8.075281, 6.359794, 9.733159, 1523429092095.9084
8.151807, 6.367595, 9.728856, 1523429092178.5259
8.232876, 6.364519, 9.722725, 1523429092261.0972
8.32587, 6.361504, 9.70483, 1523429092343.5759
8.40951, 6.354732, 9.709551, 1523429092426.1475
8.487057, 6.35116, 9.712949, 1523429092508.8572
8.559493, 6.350222, 9.720829, 1523429092591.7969
8.655153, 6.343671, 9.721212, 1523429092675.2437
8.739427, 6.335769, 9.72673, 1523429092759.0132
8.829903, 6.341045, 9.715539, 1523429092843.0591
8.919419, 6.338875, 9.702544, 1523429092927.3813
9.008952, 6.353157, 9.686376, 1523429093011.6116
9.085673, 6.359053, 9.699763, 1523429093095.8877
9.155756, 6.361639, 9.71896, 1523429093180.2102
9.239932, 6.356819, 9.715606, 1523429093264.3484
9.331934, 6.356323, 9.727753, 1523429093348.0718
9.410647, 6.360204, 9.733868, 1523429093431.3345
9.484362, 6.359124, 9.728481, 1523429093514.0439
9.569605, 6.358407, 9.717314, 1523429093596.4771
9.666465, 6.345083, 9.717025, 1523429093678.7258
9.738586, 6.345123, 9.711779, 1523429093760.6526
9.807558, 6.345244, 9.731447, 1523429093842.3945
9.878318, 6.341802, 9.745609, 1523429093924.4131
9.950354, 6.33439, 9.746953, 1523429094006.9844
10.032681, 6.329559, 9.73157, 1523429094090.0164
10.130191, 6.326876, 9.722909, 1523429094173.4172
10.220091, 6.330574, 9.711986, 1523429094257.1406
10.319303, 6.330517, 9.707876, 1523429094340.9102
10.404103, 6.329067, 9.709155, 1523429094424.8638
10.489921, 6.315571, 9.720715, 1523429094509.1404
10.581249, 6.304919, 9.727414, 1523429094593.2322
10.656187, 6.296948, 9.731272, 1523429094677.0479
10.729551, 6.276197, 9.728086, 1523429094760.6328
10.809773, 6.25814, 9.719891, 1523429094843.8494
10.896198, 6.239033, 9.708698, 1523429094926.7900
10.980331, 6.217793, 9.703955, 1523429095009.6377
11.055714, 6.196749, 9.725347, 1523429095092.3015
11.121854, 6.176777, 9.735823, 1523429095175.1035
11.199471, 6.136421, 9.729053, 1523429095258.4580
11.275592, 6.107204, 9.730767, 1523429095341.9971
11.358721, 6.082888, 9.721979, 1523429095425.7207
11.440929, 6.041558, 9.698251, 1523429095509.4438
11.527349, 6.006521, 9.691723, 1523429095593.1211
11.605071, 5.970239, 9.708942, 1523429095676.8909
11.681457, 5.932917, 9.713561, 1523429095760.6143
11.751589, 5.879369, 9.703781, 1523429095844.1995
11.825054, 5.828004, 9.718619, 1523429095927.6003
11.873698, 5.770399, 9.718305, 1523429096010.7246
11.925488, 5.713941, 9.707744, 1523429096093.4805
11.977831, 5.645055, 9.707299, 1523429096175.9136
12.019498, 5.587927, 9.695586, 1523429096258.1165
12.04907, 5.519526, 9.692142, 1523429096340.0430
12.082223, 5.458622, 9.704625, 1523429096421.9692
12.106967, 5.383766, 9.712823, 1523429096504.5405
12.135515, 5.314624, 9.733353, 1523429096587.6189
12.1702, 5.24793, 9.730855, 1523429096670.8357
12.199393, 5.168125, 9.714069, 1523429096754.4209
12.239286, 5.083315, 9.694961, 1523429096838.0059
12.274358, 5.010912, 9.713085, 1523429096921.6372
12.309087, 4.94013, 9.72974, 1523429097005.4988
12.332237, 4.853203, 9.719588, 1523429097089.5444
12.344205, 4.763896, 9.70116, 1523429097173.4060
12.35451, 4.684418, 9.708847, 1523429097256.9907
12.360963, 4.603613, 9.698045, 1523429097340.1152
12.364739, 4.518099, 9.686936, 1523429097422.9170
12.359467, 4.431671, 9.661983, 1523429097505.5344
12.343153, 4.3616, 9.677276, 1523429097587.9214
12.329638, 4.303501, 9.697501, 1523429097670.0779
12.326241, 4.243526, 9.707343, 1523429097752.2808
12.306046, 4.167101, 9.709902, 1523429097834.9902
12.280869, 4.096205, 9.699108, 1523429097918.2529
12.266869, 4.011777, 9.696274, 1523429098001.8838
12.250587, 3.930595, 9.687704, 1523429098085.7913
12.233426, 3.848621, 9.67821, 1523429098169.6990
12.220337, 3.761318, 9.683971, 1523429098253.6526
12.199043, 3.689144, 9.703864, 1523429098337.7903
12.172664, 3.606592, 9.700974, 1523429098421.9282
12.146458, 3.523098, 9.698821, 1523429098505.7434
12.117517, 3.44468, 9.695634, 1523429098589.2363
12.084282, 3.376011, 9.701869, 1523429098672.3147
12.04074, 3.313843, 9.698165, 1523429098755.2087
11.987658, 3.254025, 9.679714, 1523429098837.9185
11.926991, 3.19171, 9.680856, 1523429098920.6282
11.873445, 3.142458, 9.699774, 1523429099003.2456
11.826423, 3.087227, 9.707986, 1523429099085.9548
11.766728, 3.033963, 9.695567, 1523429099169.3093
11.701497, 2.985193, 9.693326, 1523429099253.0789
11.634731, 2.921198, 9.68059, 1523429099337.0786
11.558235, 2.85503, 9.666647, 1523429099421.0781
11.50579, 2.783777, 9.651879, 1523429099504.9395
11.453895, 2.718081, 9.656911, 1523429099588.7554
11.388624, 2.667112, 9.675609, 1523429099672.8013
11.316082, 2.617611, 9.677024, 1523429099756.3403
11.251307, 2.554049, 9.679778, 1523429099839.4648
11.17399, 2.508038, 9.678995, 1523429099922.1284
11.10048, 2.458707, 9.676558, 1523429100004.4236
11.015783, 2.423855, 9.666076, 1523429100086.6265
10.930451, 2.397655, 9.652306, 1523429100168.8291
10.85852, 2.369104, 9.665393, 1523429100250.9399
10.798508, 2.337707, 9.685412, 1523429100333.1887
10.736773, 2.318905, 9.691337, 1523429100415.8979
10.664597, 2.298166, 9.702303, 1523429100499.1606
10.590923, 2.261105, 9.691594, 1523429100582.8379
10.503304, 2.229577, 9.679765, 1523429100666.7456
10.421802, 2.193453, 9.662857, 1523429100750.6533
10.348085, 2.15738, 9.670307, 1523429100834.4692
10.253906, 2.126555, 9.684615, 1523429100918.5151
10.160804, 2.109087, 9.674856, 1523429101002.7915
10.067174, 2.082816, 9.680795, 1523429101086.6533
9.985806, 2.061997, 9.683195, 1523429101170.2844
9.914704, 2.060653, 9.670736, 1523429101253.5930
9.827802, 2.042227, 9.661023, 1523429101336.5332
9.748842, 2.035715, 9.657154, 1523429101419.1963
9.669318, 2.029095, 9.661542, 1523429101501.6296
9.590123, 2.017051, 9.673361, 1523429101583.9705
9.501216, 2.007201, 9.688183, 1523429101666.6340
9.421546, 2.005347, 9.701577, 1523429101749.6665
9.342876, 1.990443, 9.684361, 1523429101832.7910
9.251657, 1.977316, 9.670822, 1523429101916.2839
9.15401, 1.967713, 9.661264, 1523429101999.8691
9.069893, 1.93842, 9.66072, 1523429102083.6384
8.970534, 1.929149, 9.682752, 1523429102167.7305
8.88919, 1.926401, 9.659613, 1523429102251.7769
8.801624, 1.909215, 9.67749, 1523429102335.4541
8.73161, 1.891909, 9.690748, 1523429102418.7627
8.642231, 1.879834, 9.672985, 1523429102501.7026
8.537415, 1.860279, 9.663681, 1523429102584.4124
8.451123, 1.84842, 9.652679, 1523429102667.1221
8.378757, 1.843089, 9.655927, 1523429102749.7395
8.287216, 1.837038, 9.65659, 1523429102832.1726
8.188077, 1.820663, 9.653207, 1523429102914.8823
8.096487, 1.805516, 9.678548, 1523429102998.0068
8.006005, 1.781759, 9.669523, 1523429103081.2231
7.907856, 1.761845, 9.643022, 1523429103164.8083
7.80706, 1.742011, 9.636724, 1523429103248.4397
7.715315, 1.711371, 9.634964, 1523429103332.3474
7.632644, 1.682162, 9.652195, 1523429103416.5779
7.532436, 1.671959, 9.654683, 1523429103500.8540
7.438576, 1.655267, 9.647922, 1523429103584.8079
7.350629, 1.641316, 9.652775, 1523429103668.4390
7.260251, 1.630725, 9.645995, 1523429103751.6094
7.154417, 1.625522, 9.640033, 1523429103834.5493
7.068636, 1.630934, 9.635953, 1523429103917.3975
6.982264, 1.642907, 9.664961, 1523429103999.9685
6.892129, 1.650701, 9.664772, 1523429104082.5862
6.803066, 1.656488, 9.657344, 1523429104165.8027
6.715684, 1.6614, 9.668477, 1523429104249.2034
6.625385, 1.644625, 9.660912, 1523429104332.6963
6.53984, 1.631182, 9.64611, 1523429104416.4194
6.450347, 1.63518, 9.62627, 1523429104500.1428
6.353143, 1.625127, 9.651664, 1523429104584.0046
6.273705, 1.633325, 9.666349, 1523429104667.9583
6.176626, 1.64216, 9.672924, 1523429104751.4976
6.082003, 1.646326, 9.676856, 1523429104834.8521
5.994495, 1.672376, 9.68187, 1523429104918.0225
5.914869, 1.694279, 9.658978, 1523429105001.0083
5.834913, 1.727406, 9.635474, 1523429105084.0403
5.760487, 1.768628, 9.658333, 1523429105167.0264
5.697628, 1.80844, 9.666862, 1523429105249.6899
5.633328, 1.839976, 9.685243, 1523429105332.3997
5.566119, 1.879061, 9.680232, 1523429105415.7083
5.493566, 1.917728, 9.681666, 1523429105499.2935
5.42212, 1.950326, 9.68157, 1523429105583.0168
5.36147, 1.996065, 9.658914, 1523429105666.9246
5.292646, 2.033395, 9.665077, 1523429105750.6018
5.219205, 2.076776, 9.663674, 1523429105834.1870
5.166224, 2.129976, 9.678026, 1523429105917.8645
5.111685, 2.192586, 9.679406, 1523429106001.3118
5.062582, 2.253663, 9.679911, 1523429106084.4822
5.030483, 2.319316, 9.683472, 1523429106167.4685
5.002961, 2.396233, 9.668082, 1523429106250.0859
4.97738, 2.472809, 9.655736, 1523429106332.5652
4.961428, 2.542663, 9.658237, 1523429106414.8601
4.941378, 2.604377, 9.65985, 1523429106497.0632
4.929201, 2.679549, 9.669439, 1523429106579.4507
4.927283, 2.739217, 9.677915, 1523429106662.2524
4.913014, 2.805676, 9.697968, 1523429106745.5151
4.910348, 2.87733, 9.693192, 1523429106828.8240
4.897449, 2.952367, 9.680128, 1523429106912.2708
4.876123, 3.028413, 9.665737, 1523429106995.6716
4.858453, 3.105562, 9.658871, 1523429107078.9343
4.841521, 3.174278, 9.680612, 1523429107162.1970
4.838988, 3.238544, 9.694655, 1523429107245.5059
4.82556, 3.325617, 9.685638, 1523429107328.4922
4.81805, 3.406321, 9.699091, 1523429107411.2939
4.824385, 3.476924, 9.694003, 1523429107494.0037
4.832986, 3.544218, 9.682532, 1523429107576.6213
4.84383, 3.620133, 9.672047, 1523429107659.1929
4.847725, 3.697138, 9.667607, 1523429107741.5803
4.856829, 3.765686, 9.66835, 1523429107823.8755
4.860886, 3.834906, 9.690986, 1523429107906.3547
4.880679, 3.907375, 9.682465, 1523429107989.2952
4.890835, 3.979473, 9.68891, 1523429108072.7422
4.887955, 4.055658, 9.67245, 1523429108156.4656
4.888515, 4.133114, 9.672824, 1523429108240.5112
4.883419, 4.22253, 9.665304, 1523429108324.6956
4.88315, 4.313106, 9.666191, 1523429108408.9260
4.867246, 4.394585, 9.673935, 1523429108493.2024
4.867651, 4.466773, 9.681474, 1523429108577.6633
4.881485, 4.548878, 9.677639, 1523429108662.1243
4.87382, 4.624159, 9.682953, 1523429108746.0784
4.872052, 4.692843, 9.692991, 1523429108829.8479
4.882604, 4.757319, 9.688807, 1523429108913.2952
4.894553, 4.834214, 9.679704, 1523429108996.6499
4.90414, 4.907942, 9.678951, 1523429109079.8208
4.922756, 4.976004, 9.683925, 1523429109162.8066
4.938713, 5.045708, 9.699362, 1523429109245.6548
4.949017, 5.1134, 9.705709, 1523429109328.4109
4.961738, 5.184114, 9.711294, 1523429109411.6277
4.976675, 5.25232, 9.719858, 1523429109494.9827
4.984205, 5.327627, 9.701468, 1523429109578.5220
5.008591, 5.411386, 9.704618, 1523429109662.3376
5.034513, 5.484582, 9.697401, 1523429109746.1995
5.05998, 5.561617, 9.691732, 1523429109830.0613
5.088282, 5.64011, 9.715266, 1523429109913.9229
5.134156, 5.717463, 9.709861, 1523429109997.8767
5.167085, 5.798894, 9.702878, 1523429110081.4622
5.203912, 5.864299, 9.701023, 1523429110164.8169
5.278652, 5.924603, 9.692606, 1523429110247.7573
5.341274, 5.977533, 9.690447, 1523429110330.4214
5.393488, 6.017982, 9.693496, 1523429110412.9465
5.465446, 6.058417, 9.692911, 1523429110495.2417
5.505594, 6.099847, 9.714174, 1523429110577.4448
5.584459, 6.133256, 9.706776, 1523429110659.9243
5.646823, 6.159866, 9.717282, 1523429110742.9106
5.71657, 6.190484, 9.715305, 1523429110825.9888
5.798063, 6.234015, 9.691773, 1523429110909.2974
5.879202, 6.263841, 9.680883, 1523429110992.6523
5.952179, 6.302892, 9.700504, 1523429111075.7771
6.031462, 6.35179, 9.708173, 1523429111158.9478
6.113182, 6.360898, 9.715109, 1523429111242.4409
6.203425, 6.36135, 9.72104, 1523429111326.0264
6.274081, 6.372765, 9.715353, 1523429111409.5195
6.352882, 6.371651, 9.717345, 1523429111492.8284
6.428051, 6.379495, 9.708728, 1523429111575.7227
6.495765, 6.377811, 9.706659, 1523429111658.3406
6.551746, 6.383964, 9.720936, 1523429111740.5435
6.621667, 6.386212, 9.73048, 1523429111822.6079
6.709006, 6.373808, 9.72345, 1523429111905.0874
6.801168, 6.361936, 9.721286, 1523429111988.0737
6.880645, 6.355413, 9.724123, 1523429112071.4290
6.969238, 6.343934, 9.718559, 1523429112155.0142
7.069376, 6.33466, 9.705067, 1523429112238.6914
7.168139, 6.336356, 9.7025, 1523429112322.4612
7.264077, 6.336135, 9.718407, 1523429112406.5071
7.355209, 6.320824, 9.725213, 1523429112490.9216
7.449661, 6.317536, 9.7234, 1523429112574.8757
7.535402, 6.318072, 9.728214, 1523429112658.4609
7.628006, 6.315401, 9.713637, 1523429112741.5857
7.717886, 6.317275, 9.712278, 1523429112824.4797
7.802844, 6.316094, 9.687406, 1523429112907.4199
7.874454, 6.292274, 9.698098, 1523429112990.3142
7.952263, 6.295675, 9.704597, 1523429113072.7478
8.055122, 6.286622, 9.703295, 1523429113155.5496
8.155818, 6.264656, 9.716767, 1523429113238.8125
8.240318, 6.262839, 9.71771, 1523429113322.2595
8.328015, 6.262948, 9.703028, 1523429113405.8909
8.422548, 6.255814, 9.691729, 1523429113489.5222
8.518105, 6.270395, 9.693439, 1523429113573.0156
8.620462, 6.269845, 9.709519, 1523429113656.7393
8.718495, 6.254272, 9.716384, 1523429113740.6929
8.816134, 6.250711, 9.721149, 1523429113824.4163
8.904879, 6.252587, 9.72151, 1523429113907.7253
8.99116, 6.249001, 9.716407, 1523429113990.8037
9.078215, 6.248265, 9.713551, 1523429114073.6980
9.162738, 6.245442, 9.709361, 1523429114156.5461
9.253431, 6.226214, 9.718567, 1523429114239.2563
9.362336, 6.228444, 9.717067, 1523429114321.7817
9.430689, 6.233137, 9.717162, 1523429114404.5378
9.498158, 6.228881, 9.727811, 1523429114487.4321
9.576494, 6.233249, 9.721249, 1523429114570.6489
9.663093, 6.225936, 9.722958, 1523429114654.3264
9.733596, 6.230386, 9.711343, 1523429114738.0039
9.806154, 6.241926, 9.720716, 1523429114821.8657
9.872654, 6.254566, 9.736834, 1523429114905.8660
9.960006, 6.240661, 9.73298, 1523429114990.0039
10.052712, 6.248595, 9.732084, 1523429115073.8198
10.136525, 6.252818, 9.74712, 1523429115157.3130
10.215293, 6.257349, 9.740354, 1523429115240.2070
10.29798, 6.26494, 9.726641, 1523429115322.7786
10.388573, 6.26141, 9.714872, 1523429115405.2576
10.474842, 6.24988, 9.710422, 1523429115487.8293
10.559569, 6.241483, 9.732816, 1523429115570.2168
10.644422, 6.241562, 9.725031, 1523429115652.7424
10.730275, 6.221593, 9.72907, 1523429115735.7749
10.819066, 6.21993, 9.745373, 1523429115819.0840
10.906079, 6.226256, 9.731086, 1523429115902.6694
10.993197, 6.229755, 9.723783, 1523429115986.4392
11.081319, 6.244313, 9.711055, 1523429116070.1626
11.162977, 6.253798, 9.710404, 1523429116153.9780
11.24872, 6.267527, 9.725832, 1523429116237.8396
11.337236, 6.287667, 9.727153, 1523429116321.3328
11.431641, 6.305957, 9.726634, 1523429116404.3650
11.517315, 6.331054, 9.726649, 1523429116487.0286
11.605698, 6.357293, 9.718355, 1523429116569.4619
11.700047, 6.374477, 9.699513, 1523429116651.9414
11.795815, 6.389574, 9.700299, 1523429116734.6047
11.88916, 6.413205, 9.702372, 1523429116817.2224
11.973822, 6.445268, 9.703102, 1523429116900.0708
12.051182, 6.464518, 9.720091, 1523429116983.3799
12.125989, 6.498539, 9.719398, 1523429117066.7808
12.204779, 6.533499, 9.712243, 1523429117150.4585
12.285279, 6.572374, 9.704113, 1523429117234.4126
12.359732, 6.621246, 9.705932, 1523429117318.4587
12.436652, 6.666546, 9.715903, 1523429117403.0576
12.523775, 6.70981, 9.723303, 1523429117487.7949
12.59724, 6.764566, 9.720151, 1523429117571.9331
12.673137, 6.807706, 9.71565, 1523429117655.7488
12.738251, 6.858436, 9.721806, 1523429117739.0579
12.811978, 6.905518, 9.703896, 1523429117822.0903
12.883278, 6.948425, 9.710804, 1523429117904.9846
12.942584, 6.997103, 9.727238, 1523429117987.5562
12.994393, 7.051706, 9.717203, 1523429118070.0815
13.06113, 7.080506, 9.72899, 1523429118153.0676
13.125844, 7.125412, 9.740906, 1523429118236.1921
13.18944, 7.176399, 9.738603, 1523429118319.6389
13.254511, 7.221323, 9.73236, 1523429118403.5005
13.319604, 7.282432, 9.725413, 1523429118487.5007
13.379796, 7.353549, 9.731997, 1523429118571.5007
13.442305, 7.410165, 9.74245, 1523429118655.5930
13.526164, 7.464339, 9.742372, 1523429118739.5928
13.592362, 7.531402, 9.730152, 1523429118823.1321
13.660279, 7.586273, 9.735076, 1523429118906.3489
13.729595, 7.644468, 9.725107, 1523429118989.0586
13.788781, 7.690862, 9.715799, 1523429119071.5840
13.847222, 7.730161, 9.731541, 1523429119153.6951
13.889965, 7.765046, 9.736482, 1523429119235.8062
13.962071, 7.804569, 9.741444, 1523429119318.4238
14.014676, 7.847493, 9.742338, 1523429119401.3640
14.041388, 7.888176, 9.738596, 1523429119484.4426
14.093672, 7.92818, 9.706129, 1523429119567.9819
14.127099, 7.956471, 9.667038, 1523429119651.6135
14.15744, 7.993268, 9.637829, 1523429119735.3372
14.189741, 8.046841, 9.598134, 1523429119818.9226
14.214296, 8.116593, 9.558424, 1523429119901.9551
14.251518, 8.176851, 9.542953, 1523429119984.6650
14.289453, 8.227772, 9.516286, 1523429120067.2368
14.321813, 8.264566, 9.487759, 1523429120149.7625
14.36668, 8.298747, 9.451411, 1523429120232.3801
14.398905, 8.333052, 9.409508, 1523429120315.0901
14.439783, 8.36754, 9.352682, 1523429120398.0764
14.504833, 8.409584, 9.327318, 1523429120481.5237
14.539079, 8.472162, 9.314593, 1523429120565.1089
14.584184, 8.530171, 9.301525, 1523429120649.0630
14.618165, 8.585269, 9.269884, 1523429120732.9709
14.652946, 8.635408, 9.219077, 1523429120817.1089
14.691729, 8.702592, 9.177299, 1523429120900.9248
14.72353, 8.765237, 9.160584, 1523429120984.3718
14.757714, 8.814381, 9.16131, 1523429121067.5886
14.774902, 8.861712, 9.130341, 1523429121150.4363
14.808266, 8.907279, 9.086471, 1523429121233.2383
14.84201, 8.955293, 9.053475, 1523429121315.9941
14.877171, 9.011585, 9.043448, 1523429121398.7959
14.912877, 9.082166, 9.035208, 1523429121481.9204
14.938507, 9.158135, 9.036898, 1523429121565.2290
14.969202, 9.242522, 9.031362, 1523429121648.5381
14.987831, 9.325845, 9.024245, 1523429121731.7544
15.003055, 9.389216, 9.028946, 1523429121815.0635
15.027491, 9.454278, 9.03145, 1523429121898.8328
15.044174, 9.526468, 9.026597, 1523429121982.3259
15.058788, 9.59664, 9.030573, 1523429122065.6807
15.068285, 9.652789, 9.036114, 1523429122148.8052
15.07111, 9.693964, 9.02882, 1523429122231.6997
15.082238, 9.731892, 9.007181, 1523429122314.5017
15.10088, 9.769672, 8.962759, 1523429122397.3501
15.127203, 9.805077, 8.920969, 1523429122480.4749
15.150869, 9.835274, 8.884019, 1523429122563.7837
15.186146, 9.897342, 8.840487, 1523429122647.5532
15.216146, 9.964944, 8.838373, 1523429122731.5530
15.225904, 10.021055, 8.831185, 1523429122815.7375
15.242327, 10.079479, 8.804187, 1523429122899.8760
15.25134, 10.140495, 8.750466, 1523429122983.6458
15.257567, 10.193678, 8.699025, 1523429123067.1853
15.248445, 10.266402, 8.655837, 1523429123150.4019
15.240777, 10.339467, 8.641693, 1523429123233.3420
15.245678, 10.407548, 8.641529, 1523429123316.0515
15.245725, 10.462214, 8.61875, 1523429123398.6233
15.25932, 10.509177, 8.57865, 1523429123481.2871
15.271101, 10.556375, 8.537454, 1523429123563.9968
15.285335, 10.600191, 8.498709, 1523429123646.6606
15.313011, 10.648174, 8.471478, 1523429123729.6470
15.328495, 10.71618, 8.463995, 1523429123813.0938
15.335295, 10.778003, 8.453697, 1523429123896.8635
15.341846, 10.83693, 8.425643, 1523429123980.8174
15.348145, 10.899631, 8.380865, 1523429124064.7253
15.351157, 10.953201, 8.325341, 1523429124148.3569
15.335786, 11.027966, 8.289625, 1523429124231.5737
15.331539, 11.10498, 8.275904, 1523429124314.5142
15.334685, 11.163705, 8.274318, 1523429124397.1782
15.342041, 11.222444, 8.261827, 1523429124479.7500
15.351395, 11.277066, 8.218641, 1523429124562.2756
15.364497, 11.326632, 8.173468, 1523429124644.8013
15.377658, 11.373645, 8.126211, 1523429124727.2346
15.398997, 11.431263, 8.093607, 1523429124810.0366
15.412486, 11.509547, 8.083066, 1523429124893.2998
15.410755, 11.571455, 8.079387, 1523429124976.9312
15.410347, 11.635827, 8.05783, 1523429125060.8853
15.414653, 11.700542, 8.007957, 1523429125144.9316
15.417536, 11.767429, 7.954335, 1523429125228.9316
15.402073, 11.841166, 7.907848, 1523429125312.4712
15.392116, 11.909212, 7.886561, 1523429125395.7339
15.391959, 11.962945, 7.88743, 1523429125478.5823
15.39379, 12.017756, 7.867096, 1523429125561.2002
15.404504, 12.068751, 7.83927, 1523429125643.8179
15.412104, 12.128177, 7.799235, 1523429125726.4819
15.425134, 12.190287, 7.773354, 1523429125809.3760
15.430829, 12.275397, 7.75843, 1523429125892.5469
15.421317, 12.340707, 7.770856, 1523429125975.9482
15.406726, 12.394845, 7.774562, 1523429126059.5337
15.397592, 12.460369, 7.767099, 1523429126143.1648
15.391695, 12.518628, 7.760134, 1523429126227.0269
15.376869, 12.56396, 7.771663, 1523429126311.2114
15.36776, 12.603483, 7.772245, 1523429126395.5342
15.355072, 12.657077, 7.756858, 1523429126479.5806
15.348722, 12.699751, 7.761681, 1523429126563.2583
15.341424, 12.727192, 7.76815, 1523429126646.3369
15.34043, 12.744177, 7.777519, 1523429126729.0469
15.34816, 12.748973, 7.781527, 1523429126811.7104
15.351467, 12.732973, 7.798247, 1523429126894.0059
15.362027, 12.739819, 7.787261, 1523429126976.6699
15.372257, 12.756576, 7.787221, 1523429127059.6106
15.371462, 12.763167, 7.786201, 1523429127142.5972
15.368114, 12.769667, 7.78246, 1523429127225.8140
15.367583, 12.781875, 7.787348, 1523429127309.1687
15.362875, 12.787083, 7.78405, 1523429127392.5698
15.349957, 12.790383, 7.784381, 1523429127475.8330
15.330349, 12.796498, 7.779114, 1523429127558.8193
15.305032, 12.799689, 7.776937, 1523429127641.5757
15.285362, 12.791819, 7.775651, 1523429127724.1013
15.261323, 12.786707, 7.770756, 1523429127806.4426
15.239856, 12.778609, 7.767351, 1523429127888.7378
15.220105, 12.765961, 7.764935, 1523429127970.9873
15.20805, 12.744337, 7.765893, 1523429128053.1904
15.198582, 12.730408, 7.767621, 1523429128135.5317
15.19649, 12.714297, 7.765411, 1523429128218.0574
15.197242, 12.713599, 7.768012, 1523429128300.8596
15.203146, 12.713248, 7.781525, 1523429128383.8459
15.201658, 12.716143, 7.777483, 1523429128467.0168
15.198297, 12.726245, 7.776492, 1523429128550.3721
15.191984, 12.726115, 7.766593, 1523429128633.7729
15.188968, 12.720156, 7.765799, 1523429128717.3123
15.182907, 12.712303, 7.765845, 1523429128801.1746
15.184853, 12.688456, 7.769421, 1523429128885.2668
15.192294, 12.662847, 7.763481, 1523429128969.4976
15.205895, 12.62774, 7.770435, 1523429129053.7283
15.215236, 12.596022, 7.776373, 1523429129138.0049
15.22083, 12.571218, 7.774079, 1523429129222.2354
15.228914, 12.544533, 7.776081, 1523429129306.4199
15.240792, 12.522252, 7.771303, 1523429129390.3279
15.250061, 12.492929, 7.768039, 1523429129473.9131
15.266188, 12.474909, 7.764647, 1523429129557.1304
15.283924, 12.467972, 7.764842, 1523429129640.1172
15.292235, 12.454113, 7.76039, 1523429129722.8730
15.306919, 12.440228, 7.76245, 1523429129805.5369
15.31702, 12.4353, 7.767823, 1523429129888.2009
15.326632, 12.422996, 7.768812, 1523429129970.8647
15.322219, 12.436221, 7.757762, 1523429130053.4365
15.326989, 12.419717, 7.764083, 1523429130136.1003
15.33558, 12.411575, 7.747208, 1523429130218.9026
15.337641, 12.412986, 7.740276, 1523429130301.8889
15.343945, 12.42471, 7.741273, 1523429130385.1060
15.349839, 12.440103, 7.757463, 1523429130468.5994
15.353031, 12.474425, 7.758955, 1523429130552.4614
15.362481, 12.51111, 7.7621, 1523429130636.5999
15.368674, 12.546545, 7.77133, 1523429130720.8765
15.382658, 12.577843, 7.774844, 1523429130805.1531
15.400675, 12.607643, 7.772976, 1523429130889.4758
15.412939, 12.636705, 7.770452, 1523429130973.4763
15.421265, 12.675936, 7.773324, 1523429131057.1541
15.43334, 12.694633, 7.768682, 1523429131140.6016
15.443161, 12.723727, 7.766931, 1523429131223.9106
15.446033, 12.749294, 7.77624, 1523429131306.9893
15.435616, 12.761841, 7.775519, 1523429131389.8835
15.43018, 12.777893, 7.774013, 1523429131472.5935
15.429788, 12.787299, 7.7696, 1523429131555.1653
15.425472, 12.793177, 7.772588, 1523429131637.5989
15.416538, 12.796715, 7.776276, 1523429131719.9402
15.417259, 12.8003, 7.770299, 1523429131802.2817
15.419814, 12.789333, 7.768341, 1523429131884.9458
15.419661, 12.790668, 7.764236, 1523429131967.9324
15.406234, 12.78971, 7.759884, 1523429132051.1492
15.388626, 12.7855, 7.759022, 1523429132134.5962
15.362335, 12.772093, 7.760633, 1523429132218.2739
15.330996, 12.757259, 7.763486, 1523429132302.0901
15.293955, 12.731448, 7.769144, 1523429132386.1824
15.257891, 12.711609, 7.773094, 1523429132470.4133
15.21964, 12.696758, 7.772913, 1523429132554.7363
15.177252, 12.686498, 7.769031, 1523429132638.9209
15.139262, 12.681962, 7.765945, 1523429132722.8289
15.104842, 12.67484, 7.759716, 1523429132806.5986
15.074944, 12.6738, 7.756678, 1523429132890.2302
15.049383, 12.681005, 7.743639, 1523429132973.9077
15.035282, 12.679645, 7.746203, 1523429133057.4470
15.019273, 12.681752, 7.749448, 1523429133140.8484
15.013733, 12.674652, 7.744873, 1523429133224.2034
15.019834, 12.67118, 7.754681, 1523429133307.5122
15.030001, 12.670447, 7.76071, 1523429133390.7749
15.036838, 12.673115, 7.759927, 1523429133474.0835
15.043374, 12.677185, 7.761307, 1523429133557.3923
15.043048, 12.677363, 7.76061, 1523429133640.5630
15.038363, 12.679619, 7.756607, 1523429133723.6416
15.023907, 12.691209, 7.751164, 1523429133806.7661
15.006427, 12.701029, 7.749047, 1523429133889.9829
14.992384, 12.700511, 7.745621, 1523429133973.1538
14.969316, 12.709361, 7.738495, 1523429134056.2786
14.951503, 12.718019, 7.73847, 1523429134139.3572
14.934495, 12.727379, 7.736383, 1523429134222.3899
14.920666, 12.742054, 7.737494, 1523429134305.4224
14.910681, 12.767724, 7.735355, 1523429134388.4551
14.896923, 12.798598, 7.732694, 1523429134471.4417
14.884331, 12.835535, 7.731765, 1523429134554.2900
14.881537, 12.868464, 7.736199, 1523429134637.0920
14.877481, 12.901719, 7.754546, 1523429134719.8020
14.87451, 12.924733, 7.7648, 1523429134802.3740
14.858345, 12.956447, 7.764183, 1523429134884.9458
14.846223, 12.995585, 7.760926, 1523429134967.8401
14.826885, 13.025085, 7.769184, 1523429135050.8267
14.806747, 13.045364, 7.769498, 1523429135134.1357
14.784075, 13.074841, 7.760576, 1523429135217.6750
14.748037, 13.103086, 7.7494, 1523429135301.3066
14.716297, 13.128421, 7.722733, 1523429135385.0764
14.685599, 13.149476, 7.675864, 1523429135468.7542
14.643268, 13.171967, 7.627288, 1523429135552.2478
14.595628, 13.189509, 7.592127, 1523429135635.6028
14.53755, 13.213331, 7.566309, 1523429135718.8196
14.489502, 13.235036, 7.560798, 1523429135801.8982
14.456059, 13.254608, 7.562092, 1523429135884.8384
14.43186, 13.284046, 7.547206, 1523429135967.6404
14.411833, 13.315612, 7.513707, 1523429136050.3503
14.385812, 13.365533, 7.469697, 1523429136133.1064
14.369473, 13.407488, 7.426814, 1523429136216.0005
14.346149, 13.453385, 7.397913, 1523429136299.1255
14.315202, 13.511688, 7.387452, 1523429136382.6648
14.271698, 13.556295, 7.381625, 1523429136466.3423
14.220673, 13.596292, 7.361103, 1523429136550.2043
14.176572, 13.633866, 7.313082, 1523429136634.1123
14.137218, 13.663322, 7.259573, 1523429136717.7437
14.083724, 13.676949, 7.221001, 1523429136801.0989
14.023186, 13.703976, 7.197652, 1523429136884.1316
13.98044, 13.733959, 7.191762, 1523429136967.0259
13.950294, 13.750702, 7.183576, 1523429137049.6897
13.907781, 13.773404, 7.157557, 1523429137132.3538
13.870939, 13.806255, 7.119644, 1523429137215.2939
13.833831, 13.828733, 7.090703, 1523429137298.3723
13.784567, 13.853661, 7.074817, 1523429137381.4971
13.724319, 13.87971, 7.074514, 1523429137464.7139
13.651268, 13.90727, 7.084717, 1523429137548.0688
13.578478, 13.941133, 7.070873, 1523429137631.7922
13.497614, 13.958802, 7.052369, 1523429137715.4700
13.436737, 13.962423, 7.06123, 1523429137799.2397
13.401266, 13.969624, 7.081765, 1523429137883.1938
13.351329, 13.964186, 7.072787, 1523429137966.7793
13.277374, 13.986468, 7.064639, 1523429138050.1343
13.206025, 14.008652, 7.062582, 1523429138133.2129
13.148472, 14.032801, 7.059224, 1523429138216.2451
13.098825, 14.069374, 7.055183, 1523429138299.4158
13.057604, 14.098272, 7.063098, 1523429138382.4485
13.00969, 14.125295, 7.057362, 1523429138465.3892
12.950881, 14.154277, 7.045995, 1523429138548.3293
12.909442, 14.17809, 7.047141, 1523429138631.4080
12.866667, 14.182261, 7.054732, 1523429138714.5786
12.822899, 14.185699, 7.044809, 1523429138798.0259
12.776318, 14.203578, 7.010136, 1523429138881.8416
12.743467, 14.197832, 6.978283, 1523429138965.7495
12.708749, 14.19507, 6.935507, 1523429139049.6577
12.668663, 14.18402, 6.906596, 1523429139133.3352
12.615993, 14.163038, 6.888075, 1523429139216.5520
12.559709, 14.152254, 6.879717, 1523429139299.4922
12.504489, 14.148484, 6.865947, 1523429139382.2483
12.457294, 14.147405, 6.841277, 1523429139465.0042
12.413882, 14.151801, 6.804953, 1523429139547.8062
12.366303, 14.165215, 6.757244, 1523429139630.7009
12.3155, 14.172814, 6.724377, 1523429139713.8716
12.26501, 14.18819, 6.703284, 1523429139797.4573
12.206813, 14.198276, 6.691766, 1523429139881.4575
12.128461, 14.195951, 6.688073, 1523429139965.6421
12.077243, 14.187201, 6.663299, 1523429140049.9192
12.01904, 14.188691, 6.608401, 1523429140134.2422
11.958887, 14.180856, 6.542266, 1523429140218.2883
11.913586, 14.155401, 6.500955, 1523429140301.8740
11.858282, 14.132647, 6.489418, 1523429140385.1372
11.806639, 14.119354, 6.480874, 1523429140467.8933
11.762855, 14.11431, 6.472833, 1523429140550.4192
11.724314, 14.115252, 6.445664, 1523429140632.8066
11.688401, 14.124831, 6.402666, 1523429140715.2402
11.638755, 14.139133, 6.357777, 1523429140797.8582
11.598546, 14.1548, 6.334195, 1523429140880.9368
11.551056, 14.16937, 6.329069, 1523429140964.2461
11.500543, 14.160942, 6.333758, 1523429141047.6013
11.456316, 14.147682, 6.324755, 1523429141130.8643
11.406709, 14.135257, 6.297645, 1523429141214.1736
11.362547, 14.12285, 6.252822, 1523429141297.5291
11.301811, 14.10329, 6.199513, 1523429141380.9302
11.268389, 14.06765, 6.163091, 1523429141464.2393
11.180364, 14.044462, 6.133965, 1523429141547.2717
11.116817, 14.021024, 6.132313, 1523429141630.1199
11.077785, 14.00259, 6.116673, 1523429141712.9221
11.026043, 14.002778, 6.082683, 1523429141795.7244
10.969839, 14.010638, 6.037897, 1523429141878.6650
10.914996, 14.019598, 5.998319, 1523429141961.8821
10.860423, 14.030376, 5.972414, 1523429142045.5596
10.805204, 14.028588, 5.966076, 1523429142129.5598
10.75883, 14.014832, 5.97074, 1523429142213.8364
10.709296, 14.017061, 5.962714, 1523429142298.2515
10.658176, 14.008079, 5.934707, 1523429142382.4360
10.617717, 13.993278, 5.877306, 1523429142466.4824
10.569776, 13.969213, 5.8222, 1523429142550.2061
10.487856, 13.934689, 5.783885, 1523429142633.5610
10.424632, 13.901934, 5.763059, 1523429142716.6399
10.373947, 13.875064, 5.76086, 1523429142799.3040
10.322042, 13.857726, 5.746215, 1523429142881.8757
10.264894, 13.85117, 5.709718, 1523429142964.4934
10.211946, 13.848224, 5.67626, 1523429143047.0193
10.172355, 13.843709, 5.628277, 1523429143129.6833
10.127905, 13.839106, 5.592796, 1523429143212.4854
10.05401, 13.832289, 5.571116, 1523429143295.6101
9.981505, 13.819173, 5.566833, 1523429143378.9194
9.921513, 13.80476, 5.564261, 1523429143462.3667
9.858807, 13.797831, 5.542831, 1523429143545.8601
9.786648, 13.797067, 5.509585, 1523429143629.1692
9.719594, 13.78596, 5.475532, 1523429143712.2480
9.662935, 13.77251, 5.457994, 1523429143795.1423
9.582221, 13.753565, 5.445364, 1523429143877.8523
9.505103, 13.731084, 5.447616, 1523429143960.4705
9.403799, 13.720606, 5.451244, 1523429144043.0425
9.314518, 13.689896, 5.433428, 1523429144125.5220
9.239026, 13.674632, 5.415613, 1523429144208.1863
9.174812, 13.649778, 5.426598, 1523429144291.1726
9.109182, 13.635847, 5.429226, 1523429144374.3894
9.041792, 13.594279, 5.426069, 1523429144457.5142
8.950377, 13.558386, 5.42654, 1523429144540.8694
8.897892, 13.520607, 5.42883, 1523429144624.0862
8.843279, 13.47052, 5.418344, 1523429144707.3953
8.797259, 13.418815, 5.406477, 1523429144790.9346
8.747243, 13.354116, 5.393046, 1523429144874.6125
8.72454, 13.283807, 5.402944, 1523429144958.4744
8.687922, 13.224138, 5.411521, 1523429145042.5669
8.640356, 13.162604, 5.424938, 1523429145126.6133
8.611788, 13.09907, 5.432292, 1523429145210.1528
8.590014, 13.038528, 5.435195, 1523429145293.2776
8.572878, 12.988777, 5.4298, 1523429145376.1724
8.542183, 12.939776, 5.418891, 1523429145459.0205
8.51174, 12.90173, 5.418653, 1523429145542.0994
8.476398, 12.86348, 5.427026, 1523429145625.4087
8.443539, 12.823218, 5.428139, 1523429145708.8560
8.398325, 12.762896, 5.416989, 1523429145792.4875
8.360667, 12.703392, 5.421462, 1523429145876.5801
8.335605, 12.661612, 5.42744, 1523429145960.7646
8.314333, 12.616188, 5.427649, 1523429146045.2715
8.302421, 12.56715, 5.404458, 1523429146129.6865
8.305237, 12.517303, 5.371389, 1523429146213.8711
8.307538, 12.468478, 5.326087, 1523429146297.8716
8.321365, 12.422988, 5.275669, 1523429146381.5032
8.341866, 12.372001, 5.239532, 1523429146464.8584
8.358789, 12.317953, 5.219946, 1523429146547.8911
8.361447, 12.269322, 5.212543, 1523429146630.7393
8.356513, 12.224156, 5.206112, 1523429146713.3569
8.348434, 12.196939, 5.177712, 1523429146795.8828
8.341856, 12.141477, 5.137219, 1523429146878.3628
8.318319, 12.08864, 5.096487, 1523429146961.0266
8.291561, 12.03781, 5.063955, 1523429147043.8750
8.294604, 11.966345, 5.002673, 1523429147126.9072
8.270022, 11.896631, 5.021894, 1523429147210.1243
8.27035, 11.835425, 5.01321, 1523429147293.6638
8.265132, 11.780169, 4.996149, 1523429147377.3416
8.275511, 11.723534, 4.951881, 1523429147461.0652
8.277883, 11.656882, 4.898105, 1523429147544.6509
8.287683, 11.601463, 4.860873, 1523429147628.0059
8.304535, 11.533981, 4.841579, 1523429147711.0847
8.320506, 11.469804, 4.830693, 1523429147793.7949
8.326571, 11.417072, 4.826288, 1523429147876.3206
8.331111, 11.368212, 4.801799, 1523429147958.7080
8.324559, 11.325218, 4.768437, 1523429148041.1416
8.317174, 11.290668, 4.725686, 1523429148123.7598
8.302691, 11.24138, 4.68467, 1523429148206.7002
8.287107, 11.188581, 4.658805, 1523429148290.0095
8.276485, 11.136966, 4.656265, 1523429148373.7332
8.275608, 11.08855, 4.654778, 1523429148457.7336
8.289863, 11.034937, 4.628976, 1523429148541.6418
8.301745, 10.983103, 4.594072, 1523429148625.4580
8.307535, 10.918279, 4.541872, 1523429148709.0896
8.320099, 10.855746, 4.49521, 1523429148792.5371
8.338842, 10.779016, 4.460375, 1523429148875.6619
8.353246, 10.719252, 4.458337, 1523429148958.4639
8.356418, 10.670144, 4.455611, 1523429149041.1741
8.354342, 10.616595, 4.437695, 1523429149123.8384
8.344414, 10.569165, 4.398745, 1523429149206.5488
8.329971, 10.527751, 4.356432, 1523429149289.4436
8.316412, 10.478148, 4.315741, 1523429149372.2458
8.29743, 10.423066, 4.298141, 1523429149455.2324
8.279138, 10.376844, 4.302958, 1523429149538.7261
8.264946, 10.318552, 4.282854, 1523429149622.4497
8.273179, 10.253855, 4.244392, 1523429149706.0354
8.267821, 10.193606, 4.202554, 1523429149789.6211
8.279904, 10.143849, 4.157603, 1523429149872.9299
8.295207, 10.07303, 4.109965, 1523429149956.0547
8.30967, 10.00442, 4.096909, 1523429150038.9951
8.312849, 9.946208, 4.095797, 1523429150121.6133
8.308067, 9.893581, 4.084156, 1523429150204.1387
8.292912, 9.845499, 4.04955, 1523429150286.7109
8.274653, 9.799577, 4.001754, 1523429150369.3750
8.25227, 9.752834, 3.958585, 1523429150452.1772
8.227202, 9.701821, 3.925809, 1523429150535.4399
8.200715, 9.654121, 3.921429, 1523429150619.0718
8.198986, 9.603862, 3.92917, 1523429150702.8416
8.195261, 9.556631, 3.916357, 1523429150786.8879
8.195235, 9.505177, 3.872977, 1523429150870.9341
8.197745, 9.437844, 3.818017, 1523429150954.8423
8.215072, 9.361613, 3.762999, 1523429151038.4280
8.236233, 9.292979, 3.726299, 1523429151121.6912
8.247668, 9.22312, 3.716213, 1523429151204.8157
8.253497, 9.160145, 3.709146, 1523429151287.8020
8.253773, 9.101413, 3.691319, 1523429151370.6501
8.246106, 9.057693, 3.652111, 1523429151453.6367
8.236692, 9.010555, 3.591116, 1523429151536.5769
8.218225, 8.949387, 3.539272, 1523429151619.7017
8.19489, 8.897919, 3.526875, 1523429151703.1492
8.190826, 8.861076, 3.542602, 1523429151786.8730
8.184141, 8.826949, 3.541391, 1523429151871.0112
8.192126, 8.780461, 3.526514, 1523429151954.8274
8.200218, 8.730881, 3.483686, 1523429152038.6433
8.210425, 8.679748, 3.426716, 1523429152122.2285
8.229658, 8.625102, 3.377651, 1523429152205.4453
8.241747, 8.559746, 3.358051, 1523429152288.5237
8.24823, 8.499619, 3.359688, 1523429152371.2800
8.254183, 8.447532, 3.351412, 1523429152453.8518
8.247859, 8.390137, 3.319697, 1523429152536.3315
8.241766, 8.332031, 3.275981, 1523429152618.7651
8.232174, 8.286787, 3.227482, 1523429152701.2910
8.216745, 8.226121, 3.178137, 1523429152784.1394
8.197713, 8.161605, 3.158886, 1523429152867.6328
8.198632, 8.098681, 3.162068, 1523429152951.3567
8.209992, 8.044478, 3.157289, 1523429153035.1267
8.219296, 7.988261, 3.126595, 1523429153118.9888
8.222395, 7.921259, 3.075099, 1523429153202.8967
8.23382, 7.861662, 3.024071, 1523429153286.6206
8.24583, 7.808626, 2.986243, 1523429153370.2061
8.251693, 7.748858, 2.966778, 1523429153453.4229
8.257802, 7.688704, 2.963874, 1523429153536.3174
8.247427, 7.638249, 2.949023, 1523429153619.0737
8.240872, 7.583521, 2.911915, 1523429153701.7380
8.231311, 7.535394, 2.862818, 1523429153784.3560
8.224653, 7.484105, 2.811421, 1523429153866.9739
8.208309, 7.426291, 2.780389, 1523429153949.9607
8.202566, 7.36668, 2.764981, 1523429154033.2703
8.210089, 7.313632, 2.769021, 1523429154116.9019
8.218619, 7.263053, 2.750314, 1523429154200.8098
8.216556, 7.200811, 2.712015, 1523429154284.9023
8.213565, 7.132153, 2.66018, 1523429154368.8567
8.220573, 7.069531, 2.626765, 1523429154452.5342
8.227579, 6.997168, 2.597644, 1523429154535.9355
8.229241, 6.939339, 2.593904, 1523429154619.0605
8.214669, 6.886304, 2.587698, 1523429154702.0012
8.205904, 6.835088, 2.557581, 1523429154784.7576
8.194429, 6.784783, 2.518953, 1523429154867.5142
8.186306, 6.730609, 2.476475, 1523429154950.1321
8.177542, 6.666199, 2.440405, 1523429155032.8423
8.163968, 6.599532, 2.419501, 1523429155115.9211
8.16468, 6.525423, 2.417742, 1523429155199.2761
8.168518, 6.459765, 2.405104, 1523429155282.7234
8.177834, 6.389495, 2.373585, 1523429155366.2166
8.178383, 6.312754, 2.329053, 1523429155449.6636
8.1927, 6.228151, 2.281537, 1523429155533.0649
8.198895, 6.149404, 2.256633, 1523429155616.5583
8.192867, 6.052864, 2.231359, 1523429155699.8210
8.191951, 5.948272, 2.239497, 1523429155782.9458
8.190024, 5.85363, 2.255333, 1523429155865.7019
8.202721, 5.771926, 2.241185, 1523429155948.0894
8.205053, 5.698115, 2.217253, 1523429156030.3848
8.199298, 5.62896, 2.180472, 1523429156112.8647
8.181106, 5.548141, 2.126458, 1523429156195.8052
8.176801, 5.483483, 2.094315, 1523429156278.8376
8.173163, 5.406952, 2.08751, 1523429156362.0547
8.183751, 5.313947, 2.095574, 1523429156445.4102
8.188981, 5.21752, 2.102814, 1523429156529.2722
8.183396, 5.108769, 2.092993, 1523429156613.4109
8.183489, 4.992631, 2.06274, 1523429156697.3652
8.191757, 4.876009, 2.051944, 1523429156781.1814
8.213636, 4.772647, 2.076459, 1523429156864.9973
8.196054, 4.669338, 2.077261, 1523429156948.9978
8.193891, 4.567616, 2.07497, 1523429157032.6296
8.190788, 4.468842, 2.076275, 1523429157116.0769
8.191395, 4.375482, 2.07333, 1523429157199.1555
8.191524, 4.28422, 2.065225, 1523429157281.9580
8.18005, 4.186756, 2.056386, 1523429157364.7600
8.170271, 4.110057, 2.056499, 1523429157447.1936
8.172904, 4.031817, 2.072172, 1523429157529.3047
8.162848, 3.9547, 2.093798, 1523429157612.0149
8.13778, 3.888703, 2.093308, 1523429157695.2322
8.139118, 3.810127, 2.083483, 1523429157778.5876
8.126077, 3.727189, 2.074432, 1523429157862.4958
8.116516, 3.643454, 2.056981, 1523429157946.4502
8.118818, 3.563026, 2.064723, 1523429158030.6809
8.101849, 3.488688, 2.0757, 1523429158115.5105
8.069828, 3.394949, 2.070553, 1523429158200.3865
8.042557, 3.309765, 2.078105, 1523429158285.0779
7.995197, 3.238184, 2.076338, 1523429158369.4468
7.953486, 3.173132, 2.06614, 1523429158453.0322
7.911274, 3.114229, 2.058514, 1523429158536.2031
7.844039, 3.066972, 2.049198, 1523429158619.0974
7.798489, 3.026683, 2.065163, 1523429158701.4854
7.739881, 2.984649, 2.072188, 1523429158783.6887
7.687362, 2.955425, 2.076868, 1523429158866.2146
7.615465, 2.934866, 2.069091, 1523429158949.2930
7.551862, 2.895373, 2.064207, 1523429159032.4177
7.479207, 2.84927, 2.047342, 1523429159115.6809
7.413476, 2.789054, 2.032322, 1523429159198.6216
7.354119, 2.734214, 2.02823, 1523429159281.3320
7.289465, 2.699682, 2.057566, 1523429159364.3184
7.211391, 2.680288, 2.054972, 1523429159447.7659
7.122178, 2.661144, 2.055183, 1523429159531.1211
7.047073, 2.642291, 2.064868, 1523429159614.3381
6.969364, 2.629626, 2.06328, 1523429159697.4167
6.891464, 2.625644, 2.0422, 1523429159780.1272
6.800344, 2.618932, 2.024422, 1523429159862.6072
6.727563, 2.620785, 2.047038, 1523429159944.7644
6.656756, 2.613474, 2.061196, 1523429160026.6912
6.566464, 2.602309, 2.068498, 1523429160108.8025
6.497885, 2.604889, 2.080638, 1523429160191.4663
6.437142, 2.585668, 2.079053, 1523429160274.2227
6.364724, 2.555197, 2.063373, 1523429160357.3018
6.297512, 2.545969, 2.059811, 1523429160440.8413
6.222008, 2.526924, 2.058966, 1523429160524.5654
6.157157, 2.509239, 2.06704, 1523429160608.7041
6.0887, 2.498873, 2.077418, 1523429160693.2114
6.014984, 2.487343, 2.072025, 1523429160777.7188
5.952486, 2.475643, 2.074306, 1523429160861.8572
5.889556, 2.484839, 2.08056, 1523429160945.7197
5.823414, 2.4901, 2.070243, 1523429161029.2131
5.754867, 2.495197, 2.063934, 1523429161112.3379
5.693913, 2.502255, 2.065288, 1523429161195.2788
5.633235, 2.510228, 2.086076, 1523429161278.0352
5.56816, 2.507307, 2.079565, 1523429161360.4226
5.502501, 2.499514, 2.07188, 1523429161442.9946
5.443321, 2.499971, 2.084796, 1523429161525.6587
5.390229, 2.4757, 2.07721, 1523429161608.5073
5.329548, 2.475531, 2.064211, 1523429161691.9548
5.267635, 2.463261, 2.060614, 1523429161775.6790
5.215156, 2.434267, 2.077516, 1523429161859.6792
5.150112, 2.416657, 2.066846, 1523429161943.8640
5.090441, 2.41759, 2.056556, 1523429162028.2329
5.035873, 2.406391, 2.074762, 1523429162112.3254
5.007693, 2.381641, 2.08406, 1523429162196.0032
4.994514, 2.380571, 2.090484, 1523429162279.4507
4.982313, 2.372721, 2.094898, 1523429162362.3914
4.967559, 2.373795, 2.088864, 1523429162445.1938
4.968771, 2.382457, 2.092479, 1523429162527.8579
4.964414, 2.380291, 2.099089, 1523429162610.3376
4.951621, 2.389766, 2.085827, 1523429162692.9097
4.93909, 2.400402, 2.082559, 1523429162775.7581
4.925184, 2.407616, 2.086993, 1523429162858.6528
4.91688, 2.410436, 2.083401, 1523429162941.7317
4.912361, 2.418196, 2.081918, 1523429163025.0408
4.905932, 2.421722, 2.083168, 1523429163108.4419
4.905315, 2.429063, 2.074728, 1523429163191.9814
4.907247, 2.428533, 2.082696, 1523429163275.4749
4.911502, 2.429797, 2.093669, 1523429163358.8762
4.914222, 2.42915, 2.096849, 1523429163442.1853
4.925168, 2.429235, 2.092695, 1523429163525.3564
4.927936, 2.428457, 2.090405, 1523429163608.5276
4.928044, 2.426159, 2.085469, 1523429163691.7444
4.930345, 2.424335, 2.085157, 1523429163774.9612
4.931015, 2.424977, 2.086705, 1523429163858.1323
4.929914, 2.424083, 2.085771, 1523429163941.3494
4.93143, 2.423368, 2.089412, 1523429164024.6128
4.930779, 2.424468, 2.088037, 1523429164108.0144
4.929108, 2.417818, 2.089318, 1523429164191.2776
4.930397, 2.408273, 2.082858, 1523429164274.6326
4.933796, 2.41467, 2.090755, 1523429164358.0339
4.934201, 2.405572, 2.093212, 1523429164441.1592
4.935846, 2.405446, 2.090273, 1523429164524.3760
4.935116, 2.404761, 2.089965, 1523429164607.5010
4.937552, 2.407032, 2.08997, 1523429164690.7183
