1523429040396
8.008188297862242,6.136505283137485,3.3886198239550738,1523429040396
8.007222947069131,6.136423122442451,3.3918017318830724,1523429040494
8.005884913111553,6.136465012874368,3.3930267736687756,1523429040606
8.00463233838697,6.13573753329391,3.394637548780767,1523429040728
8.003293308406752,6.134122360877111,3.396375209306913,1523429040870
8.001225864403386,6.13303227492122,3.3976529276073695,1523429040927
8.000165849743855,6.132765985456772,3.3985214131012573,1523429041014
7.999099710798263,6.132296231541923,3.399066276225646,1523429041127
7.9961820957650955,6.132862062421359,3.396860327070473,1523429041235
7.992090827717136,6.135539549530958,3.391397148374208,1523429041332
7.984648998495267,6.137594372724084,3.393806867295985,1523429041434
7.975318203826367,6.146024701953345,3.3888797293489943,1523429041528
7.957063299746924,6.153002099422874,3.387245323195472,1523429041636
7.9394621247570925,6.159403941112364,3.386326414748463,1523429041757
7.909316481004096,6.160758339674945,3.387955595060349,1523429041873
7.869426554869087,6.159268366417999,3.3970763030723465,1523429041961
7.820402612017603,6.15386027581586,3.403531918846336,1523429042067
7.762854200150105,6.140140417691281,3.400031819150002,1523429042158
7.692549030452017,6.119169865213285,3.403825554551874,1523429042259
7.6165585470615635,6.083999500846317,3.423173575604037,1523429042371
7.541612112422374,6.048371560369815,3.435184405503341,1523429042469
7.476419922479295,6.027595910572144,3.446776595437734,1523429042569
7.419646085265838,6.022398026634375,3.454923435662719,1523429042681
7.366319263916851,6.028460258009878,3.449354809738373,1523429042780
7.328021808110993,6.043240562780657,3.424109434661901,1523429042890
7.298453607933828,6.07407794011641,3.40796917352223,1523429042998
7.288626917715517,6.111516164965353,3.41565319549324,1523429043111
7.2902763666204455,6.143480198742292,3.429982373402894,1523429043210
7.305512933114425,6.191976533433765,3.438368962599881,1523429043310
7.324786091180218,6.231482264026181,3.440577592217087,1523429043407
7.353584657582477,6.271672665524281,3.4427363259079558,1523429043517
7.374474655885861,6.315794170995303,3.4433803501935087,1523429043625
7.377773055301462,6.379673832904368,3.445454895414764,1523429043727
7.3696720893601855,6.4421612247355435,3.451503846870213,1523429043832
7.358703285109163,6.517357308557908,3.474700622112694,1523429043949
7.372470081353115,6.566084555413627,3.5425547064608667,1523429044049
7.390937493807813,6.624120011662021,3.5980279793505314,1523429044148
7.410542474860592,6.6678703249231255,3.6342415078710713,1523429044247
7.423496103000229,6.739426944593945,3.658041665005476,1523429044352
7.432125286099908,6.811554957653048,3.674431163851568,1523429044459
7.438046541269288,6.873405864161982,3.7257743984277103,1523429044582
7.445526793337559,6.9331727432538095,3.7928105055908468,1523429044669
7.4741347813293215,6.9828607022062315,3.809771255066968,1523429044763
7.506749811282582,7.036032919270488,3.825006588471806,1523429044873
7.526480424979469,7.090166600687615,3.8297231298958496,1523429044981
7.548246393575603,7.166265043262821,3.8232804970136853,1523429045087
7.571871905634713,7.222419775357984,3.828918144537094,1523429045185
7.564571610001698,7.29823974443698,3.8689020701135415,1523429045296
7.559815409349073,7.382072506686179,3.9212798091853913,1523429045400
7.577274240603766,7.454828942606755,3.9563776229713006,1523429045504
7.603040905568146,7.51285836535688,3.9621945379240064,1523429045615
7.6250618806812,7.577409265118627,3.9628985454376067,1523429045714
7.623893671634072,7.669780198854934,3.9868878967522563,1523429045808
7.68421193791743,7.7952456700432675,3.9974642818899384,1523429045925
7.709368979156461,7.886852993818926,4.054310167394166,1523429046047
7.735659322754563,7.968406822794957,4.119933712444577,1523429046139
7.751240699114874,8.032281486669717,4.155900754846799,1523429046232
7.802165085656274,8.0728200719441,4.148440306649658,1523429046337
7.843387367130253,8.1059855860818,4.122116879391163,1523429046437
7.896371020998494,8.153463892789,4.107092276120624,1523429046533
7.929139783701146,8.201213453698255,4.091182785306795,1523429046648
7.9959054605845274,8.225005079377317,4.115511044367437,1523429046747
8.052214779316865,8.236717215625156,4.138460061995093,1523429046850
8.109070347625218,8.267368373484176,4.132100505799695,1523429046960
8.156498238470649,8.298625742624763,4.122515588024665,1523429047075
8.217296913842297,8.339820694640554,4.154123848510539,1523429047183
8.282282250012276,8.373200847161964,4.203471625920469,1523429047263
8.332120275516257,8.400654686233647,4.239052448706334,1523429047374
8.38771890885662,8.435304533858597,4.31689017921369,1523429047464
8.424978535311142,8.466781335893378,4.339862699881096,1523429047570
8.449173236491127,8.487842862479594,4.340751538087216,1523429047666
8.48023015713528,8.534490003448632,4.332307585334174,1523429047790
8.51402167159213,8.5600843337694,4.328430675128678,1523429047884
8.542414877236794,8.580742656146024,4.3391938610967795,1523429047983
8.575877002665818,8.58071717713263,4.372779159454647,1523429048090
8.6235603961876,8.58179571207615,4.4069564530436,1523429048219
8.665523827714194,8.598801267164445,4.424744561785987,1523429048307
8.718296356111548,8.611796582162825,4.413478944531206,1523429048420
8.770772094840561,8.62145403090526,4.39732070764666,1523429048518
8.81472824123272,8.651108119925027,4.4036528852112165,1523429048631
8.864917090667287,8.694636198132095,4.442895878717789,1523429048722
8.892056078020918,8.72309848798564,4.488749290334812,1523429048826
8.937682912398818,8.746763634604298,4.523955434118584,1523429048937
8.955881410947883,8.78624791751309,4.522334431211762,1523429049035
8.987531332611086,8.82961125700441,4.520047547542192,1523429049135
9.007215656938723,8.864121496323698,4.534803921525012,1523429049240
9.028059662847916,8.907789023958951,4.574739175653101,1523429049352
9.043707661247097,8.926348136640947,4.63492577413315,1523429049441
9.066170528416139,8.951685314921505,4.677351985569109,1523429049540
9.104497321530985,8.973960655207518,4.701015670563206,1523429049644
9.130836134342793,9.003222918182955,4.644486947809153,1523429049751
9.154221298871141,9.022380768183458,4.583291734833515,1523429049858
9.196183764540486,9.046370273314158,4.555632187015625,1523429049949
9.206475924103236,9.065296875460476,4.553497585312053,1523429050058
9.220727065135305,9.094421793065289,4.558040458547446,1523429050172
9.220401784362142,9.121892396359643,4.5470187964851245,1523429050263
9.224326264152214,9.15375122325553,4.593198547774595,1523429050364
9.208422544686623,9.24579169313269,4.532370633812943,1523429050463
9.194538709147988,9.317424704041587,4.475517883929387,1523429050587
9.169488838027451,9.414444852726534,4.440179632914343,1523429050706
9.153469486827344,9.522618583411532,4.451158809077132,1523429050831
9.148459299118711,9.600230913858155,4.447138314268261,1523429050916
9.15917283011075,9.678619098099302,4.416446451285275,1523429051035
9.162916777919298,9.765550838480788,4.305424760965996,1523429051147
9.17554423421917,9.8727148996388,4.2540853165127785,1523429051261
9.166441964802278,9.971569374726512,4.23380690305256,1523429051358
9.179354919962428,10.038285301145848,4.237728223729209,1523429051482
9.164430436363986,10.089815515482627,4.286043462230356,1523429051568
9.154898963562257,10.151400984439146,4.306465902135286,1523429051676
9.138058468412472,10.230965433042131,4.297605551286162,1523429051774
9.120907336516325,10.281078587694878,4.281080197399773,1523429051912
9.087457728972518,10.371366917289048,4.286705847089468,1523429052026
9.069215885553879,10.443524777110351,4.326848475374974,1523429052130
9.050014059306154,10.495457601743137,4.373867451411955,1523429052205
9.03681376512879,10.541435592440026,4.398461951517368,1523429052317
9.023299006223986,10.581286022380905,4.403751056575658,1523429052443
9.026147362363947,10.655698600863946,4.394203362987714,1523429052537
9.035282046035695,10.710597566022638,4.383806866926381,1523429052624
9.017707576248853,10.767983605080937,4.390360032318356,1523429052746
9.004963064063107,10.823551874579113,4.4225007244867065,1523429052868
9.019472365737201,10.903183482658273,4.488371924945248,1523429052986
9.004939424472465,10.987649457661242,4.502260245459194,1523429053122
8.995830481585779,11.04216409041204,4.484627593123033,1523429053221
8.981105207106049,11.138906617445684,4.471350210679059,1523429053308
8.956348035881033,11.229272309026761,4.479473994052354,1523429053410
8.957703888061125,11.2865666124058,4.505807970966585,1523429053512
8.972409952559028,11.362134568814515,4.574257623386459,1523429053629
8.955410060382391,11.408224022687886,4.628391813943828,1523429053752
8.91543707560958,11.476560775866353,4.639379299120164,1523429053851
8.905601638676858,11.545895807471645,4.622686587440087,1523429053957
8.887727705820913,11.614558361861386,4.610556019085166,1523429054074
8.870609164972153,11.694226555905793,4.62689355937487,1523429054215
8.830062271759722,11.755660728555153,4.671203299233195,1523429054311
8.812787971814387,11.835754183329946,4.74686123584463,1523429054406
8.798627244931422,11.902373697540341,4.770737479112039,1523429054525
8.768088816950343,11.977426408654336,4.761472397915679,1523429054616
8.749231372196544,12.058040844848529,4.749280383333687,1523429054763
8.733394636414454,12.14241307595563,4.761389318941475,1523429054878
8.72123640204035,12.21624880723499,4.807697339530485,1523429054981
8.691046966635204,12.28759867553159,4.874118236854884,1523429055105
8.677076121250598,12.328329957937264,4.908534042057033,1523429055195
8.670327767978884,12.380654128595747,4.914515697232169,1523429055291
8.673150772985146,12.434644776383248,4.903882760986031,1523429055404
8.676053866237288,12.504651461439902,4.8999900945988015,1523429055506
8.674380260337992,12.561624023822896,4.9214045454511055,1523429055624
8.65596299770452,12.612760616368455,4.959037749671672,1523429055716
8.646029086440995,12.69474674804576,5.035124287446362,1523429055829
8.6606314552578,12.751930471552509,5.077341527075102,1523429055954
8.64844654369267,12.792245462942098,5.093725336810705,1523429056034
8.59298266316881,12.85198085973294,5.093446031248447,1523429056149
8.593219254866678,12.917294158557661,5.089667659548801,1523429056240
8.570521436485546,12.996864313322316,5.099873458207217,1523429056350
8.574379259851334,13.05059332005776,5.134273835015299,1523429056470
8.559727169639155,13.110060908462756,5.19239077795238,1523429056582
8.558634670849385,13.159851580837323,5.240997312598278,1523429056678
8.570737302518705,13.19478730771244,5.257453218434235,1523429056816
8.585079420482769,13.22759419098053,5.252209496442588,1523429056933
8.612108417222043,13.2887644294089,5.250463038670744,1523429057033
8.651356369910983,13.365457921704,5.281557495043887,1523429057164
8.666156193719353,13.432519698103873,5.344356708297271,1523429057261
8.657525319451091,13.482178345728649,5.398776675537729,1523429057393
8.657504185136972,13.534221360974545,5.429285956228439,1523429057475
8.6423185474205,13.594402530026313,5.436351790915244,1523429057655
8.648438907582207,13.692194886241166,5.433373493400727,1523429057723
8.629181664086715,13.745807099415087,5.439842466479518,1523429057830
8.634233770828976,13.765252501562875,5.476255504929075,1523429057935
8.636629286935394,13.826335628836823,5.514984044573026,1523429058044
8.669455231537075,13.85078714197293,5.569527729037946,1523429058190
8.70672322747059,13.868229251906726,5.580652652991916,1523429058246
8.738120095082166,13.882850679867182,5.584939401104158,1523429058348
8.773620143565472,13.892787685876904,5.581121016247082,1523429058472
8.784722348528737,13.956217500827954,5.574050220037239,1523429058571
8.788432016545249,14.039623437006519,5.57248879545689,1523429058668
8.782533945012043,14.081116684278047,5.592086749875373,1523429058799
8.785177976077982,14.130254933334093,5.627937273767462,1523429058879
8.76073815802514,14.18688380429051,5.664102037006845,1523429058981
8.714944880146234,14.249841504081449,5.684239580786267,1523429059104
8.704038965529438,14.315662790679069,5.675581642781396,1523429059203
8.656486384198391,14.36935072808643,5.650703428933964,1523429059311
8.622703397616547,14.422191065892898,5.633906568174316,1523429059418
8.586104852230454,14.489405713131818,5.630151000699039,1523429059523
8.543384017059447,14.573092499895948,5.635405458781533,1523429059635
8.48758713325632,14.66229056308925,5.632190333247175,1523429059747
8.442322903364618,14.710617361468762,5.619146841184033,1523429059868
8.385605700549066,14.761014175557737,5.604572515380997,1523429059955
8.330978611725522,14.855985868077553,5.594243068102068,1523429060074
8.235681947521336,14.908713223120962,5.443098819473301,1523429060170
8.187275371311534,14.969963603127388,5.307216213722704,1523429060288
8.083124923079602,15.025855314083312,5.176058824913307,1523429060397
8.006129260404178,15.004482822846438,5.038594267147973,1523429060489
7.901078409082121,15.017122629450936,4.893124046342553,1523429060625
7.780044665245738,14.999134826410062,4.753525167168773,1523429060736
7.689756761514287,15.04866885598779,4.632907763729042,1523429060853
7.556991757273022,15.05876780675657,4.524423750803124,1523429060941
7.477175272461918,15.041864817578046,4.423765262960573,1523429061030
7.400567060258745,15.048319474939577,4.318573297737043,1523429061140
7.33100397988237,15.086429540418024,4.207755001121347,1523429061243
7.2372748594468455,15.119120847086599,4.102663083290639,1523429061336
7.111007311202018,15.156914960779723,4.023580685920901,1523429061444
7.001374917073101,15.147758680254674,3.980338179604159,1523429061541
6.928154932978027,15.21250156003067,3.9688073029101174,1523429061658
6.863484452572268,15.245213831419772,3.945869836943203,1523429061792
6.769833617060303,15.241474383540607,3.909088225210521,1523429061876
6.679410465581027,15.259752477757406,3.8569711411139793,1523429061994
6.616584332588016,15.260705788803415,3.799542941746456,1523429062088
6.583065720596288,15.29340960020721,3.756923754641919,1523429062189
6.538022567007549,15.283649148173263,3.7412741736128714,1523429062296
6.495583223243512,15.293776747089373,3.7537251903953073,1523429062410
6.44668384583483,15.263581482143758,3.764013996140859,1523429062494
6.404597723270558,15.281147747943189,3.753286895612323,1523429062636
6.331188247905837,15.30160610325979,3.7633548442761753,1523429062742
6.283504386616511,15.307953470997447,3.7619669483354827,1523429062846
6.21669799102366,15.32803537108641,3.781873893857577,1523429062954
6.196621060708364,15.33460792928144,3.817574895506903,1523429063071
6.119900453296278,15.33612302280582,3.8776649059458452,1523429063168
6.073257331417463,15.312278147723694,3.9126366708406204,1523429063276
6.034051493567236,15.32531263052762,3.9271971716282668,1523429063374
6.002570204210655,15.3269838723362,3.9292998769274057,1523429063477
5.942953949037998,15.331333845505728,3.93342365864151,1523429063605
5.866781555712695,15.316052995018717,3.963070446198902,1523429063689
5.799022388895781,15.332730796322542,4.021403558515581,1523429063794
5.775662948765041,15.326579776943335,4.085591110383051,1523429063891
5.700369248286624,15.343547647514066,4.127327580800651,1523429064005
5.6586306830992275,15.377926865447245,4.147216033061032,1523429064092
5.624696489033694,15.377977115527894,4.155278560453897,1523429064213
5.59056041919424,15.386358233235258,4.16845759365458,1523429064315
5.552910303984651,15.435439442699872,4.208712036990892,1523429064416
5.514316724140278,15.484139641599349,4.269342425796821,1523429064530
5.443028404735287,15.478469233617194,4.321055813444203,1523429064631
5.362900340973746,15.462302283364318,4.357409395860967,1523429064726
5.3077170277632995,15.44133165340413,4.365157912460312,1523429064832
5.236823233594086,15.400185006771727,4.363731584607041,1523429064933
5.172930226149987,15.412957965709278,4.377456944452759,1523429065037
5.074975984429055,15.372012167886291,4.427516845233682,1523429065153
5.033644201901435,15.339558579182416,4.493622896136171,1523429065252
5.011870825623598,15.342450898955285,4.548238851024725,1523429065346
4.969695219535777,15.367131710676112,4.575507027881005,1523429065460
4.907482572984673,15.359754714572944,4.582529991612735,1523429065556
4.855836795099512,15.349864067715037,4.577979614966901,1523429065669
4.7835871538766295,15.357012665917377,4.598272571421516,1523429065760
4.754054599489418,15.384864094652652,4.65334453237574,1523429065868
4.698976278247743,15.381775126057812,4.730752264308795,1523429065977
4.637246220692324,15.376652756653716,4.798718840603749,1523429066080
4.607606013299516,15.377141248092387,4.829328214672872,1523429066193
4.5144412211901,15.376108782499308,4.834379597876015,1523429066295
4.426346861646894,15.383359683563585,4.842229486550616,1523429066407
4.378561351000183,15.38538531384643,4.8781349549519915,1523429066499
4.341506508587681,15.364966290215634,4.945845826310323,1523429066600
4.347335394646617,15.36651622443404,5.0195625611772465,1523429066711
4.280835423370976,15.354064246913149,5.0762768068032855,1523429066818
4.270891266839992,15.34267243587308,5.115554943121163,1523429066913
4.211060484922087,15.328605877047922,5.136466581951722,1523429067020
4.1672305815161454,15.30015257166598,5.160841698034179,1523429067125
4.116982623070841,15.287799498639554,5.207964287587435,1523429067222
4.086435491661245,15.275424624337507,5.296007521902376,1523429067349
4.045949799413854,15.283173613595842,5.3787969527703305,1523429067449
4.016798185294232,15.26227764212387,5.442900068858144,1523429067554
3.993119306680542,15.279127172378365,5.495795098522053,1523429067661
3.9683658144786778,15.298853874539157,5.544991954500745,1523429067760
3.9585035930619057,15.280033066155095,5.5938884579804276,1523429067872
3.9365553843053873,15.259289492658986,5.639661794248245,1523429067970
3.928517725382286,15.217464347010269,5.687009401074861,1523429068074
3.8910078716051095,15.195536344106126,5.736583452887068,1523429068174
3.872270944829587,15.164821220456025,5.80125073086638,1523429068295
3.8465722196558296,15.146904603294114,5.869806849209032,1523429068390
3.825604619200098,15.139922655091688,5.94359054205446,1523429068500
3.8095149094249643,15.128446770880899,6.0298275619302215,1523429068595
3.803907759363645,15.07324536780912,6.112511721976884,1523429068711
3.804078422258671,15.050955642636845,6.198955168471519,1523429068820
3.8274099020849137,15.028270176857147,6.293239892510668,1523429068913
3.8445469703753874,15.006717131407882,6.385948454464341,1523429069017
3.8718081776096045,14.987439613156171,6.484235182778029,1523429069126
3.890855759299758,14.964112694301228,6.591484024036271,1523429069229
3.9107657128427706,14.939748938159367,6.703253996545339,1523429069326
3.9353533381814283,14.916839150436322,6.8222106972726975,1523429069445
3.9706305995382625,14.873922311440362,6.942288988703707,1523429069534
3.9689571727647435,14.839420909470764,6.9161120771244065,1523429069651
3.9992131062620064,14.809719167982669,6.894025485929174,1523429069758
4.050832648189936,14.77140857859888,6.871280333140403,1523429069850
4.0758779431685435,14.706118828329165,6.851981660739376,1523429069959
4.121452127873826,14.67299667608926,6.836842312699407,1523429070054
4.175427474378759,14.619443504751061,6.817620056460355,1523429070166
4.210246692384652,14.599213796515807,6.799529764446334,1523429070265
4.2661279128178515,14.56838111028862,6.7801897106750415,1523429070377
4.318708443864031,14.553828525911072,6.760253446647783,1523429070467
4.391551502212767,14.529970818920633,6.735687402216658,1523429070572
4.45141945918748,14.541841194876238,6.723204586406872,1523429070675
4.497037608707994,14.561560183595878,6.711073603878406,1523429070804
4.542053551189784,14.570574643732243,6.696767864727023,1523429070884
4.562020080752248,14.568530851169864,6.681298657350055,1523429070993
4.602713809832716,14.586729345685681,6.664834935990041,1523429071089
4.601277926315323,14.624057582785884,6.640264824536993,1523429071204
4.611256907148234,14.669169096332599,6.621929611170872,1523429071301
4.623552586675513,14.692258827732292,6.608389379263571,1523429071397
4.632378518016363,14.708429139511065,6.601828809490301,1523429071501
4.650161207417521,14.719376791390694,6.600345012329341,1523429071619
4.66445141446722,14.722574125928226,6.601578403450466,1523429071712
4.677521316948859,14.730871260535993,6.59928647191904,1523429071828
4.679165699307775,14.730567651296957,6.59472334787012,1523429071918
4.678168398339473,14.731581935648329,6.592345371001559,1523429072032
4.674261077401212,14.728889421144936,6.586511262887642,1523429072126
4.668132816364843,14.719774307610605,6.579721232294224,1523429072237
4.664732122642687,14.70981404106858,6.574374065217037,1523429072341
4.668078687354031,14.690051366185576,6.569058992041861,1523429072445
4.66280098067754,14.670502433884169,6.563275478996006,1523429072546
4.651653649881258,14.64191337235624,6.555358258281883,1523429072660
4.63217325470121,14.627340457927655,6.549815937030246,1523429072763
4.603983474964711,14.600882847474892,6.548142714794735,1523429072861
4.5751635176894085,14.566097817197157,6.550569589804593,1523429072965
4.537936819918428,14.545943983659999,6.552841464731951,1523429073072
4.50899359981107,14.547426705765377,6.550793049592243,1523429073168
4.462972751014788,14.548946481808482,6.546050719808153,1523429073270
4.404723682486679,14.557152133928527,6.541572047965612,1523429073372
4.3659431384203025,14.571389619183762,6.535600401640954,1523429073485
4.315780058991835,14.602234065238688,6.530094045823995,1523429073593
4.268913846707369,14.615921921861503,6.526864790053536,1523429073693
4.2415940544469555,14.650007506588555,6.528050352671722,1523429073809
4.156335481139713,14.683941112646348,6.526170661207927,1523429073909
4.078660750055596,14.710985048137646,6.524656049694687,1523429074018
4.034955851105007,14.73389562541224,6.521638210753399,1523429074117
4.004426500558505,14.744213275853268,6.5140372550806855,1523429074219
3.9585008464088975,14.762554164812588,6.504818095801973,1523429074330
3.9202181075321305,14.766992598904821,6.4962688467287455,1523429074427
3.8819352949946984,14.756251054260938,6.489198745773584,1523429074531
3.8211084555045742,14.728240810949707,6.481318262842468,1523429074633
3.7552600024906426,14.680723267004884,6.473585494752261,1523429074738
3.7016959770735776,14.657328480284685,6.472783532456634,1523429074840
3.6227567259537397,14.6008956251383,6.4824303118375575,1523429074951
3.544011187227934,14.548848126742808,6.490452757916615,1523429075054
3.512879144406553,14.514609071320406,6.496960630179099,1523429075161
3.4605648684516104,14.480848789716486,6.49591986935787,1523429075258
3.408572086602038,14.462711234519936,6.491519342092386,1523429075371
3.349111469232908,14.435762791620766,6.485353845123057,1523429075466
3.289938670605882,14.395759472552001,6.487957625896919,1523429075575
3.2156055705000117,14.33132521514108,6.5268605615805475,1523429075672
3.1724628610687593,14.305200782354836,6.582181499448981,1523429075774
3.1116834978474657,14.27895466502577,6.614414490282257,1523429075874
3.0723153275670825,14.268092366588437,6.630956852958658,1523429075989
3.0027214774528077,14.237453741564869,6.632303916116208,1523429076077
2.9855360597963143,14.204800153345808,6.766494427976393,1523429076185
2.9695706775652457,14.152913966488747,6.926793332659589,1523429076290
2.9157871653381404,14.095014910659286,7.128663111151331,1523429076399
2.8752652779084924,14.064422494989778,7.197083229941797,1523429076496
2.870964174504774,14.037208678772231,7.386851205857909,1523429076595
2.839521941936123,14.018668259062006,7.4034194774096616,1523429076700
2.806767145061278,13.980774860104095,7.401665284762506,1523429076809
2.777918085744184,13.931462564228362,7.555322047855399,1523429076926
2.7718869408190074,13.880187319384193,7.743518144010306,1523429077018
2.7895075817057857,13.842875239467473,7.9623512677186286,1523429077114
2.7740991378561004,13.795443451089998,8.009168110582454,1523429077231
2.7770501757446744,13.750937916064537,8.028227504180869,1523429077326
2.777512528853224,13.700065092678676,8.023540958391706,1523429077432
2.7216584779573134,13.629142341186883,8.012042572552037,1523429077535
2.698454958503666,13.55385303487963,8.029643993414545,1523429077641
2.671297177649042,13.464731806192862,8.074621751312065,1523429077751
2.6477147744747214,13.378358848050958,8.140269447012882,1523429077847
2.6398471019533325,13.321902046130845,8.185283738572396,1523429077945
2.611605635005449,13.267397757219344,8.198853959545861,1523429078050
2.576962986734369,13.22324996859802,8.197145799945204,1523429078152
2.517233093896789,13.14860219039419,8.047504269151625,1523429078270
2.429840921796642,13.093984624696988,7.904035939850801,1523429078355
2.3691229273453343,13.027852940417882,7.78087351660061,1523429078457
2.3071579542031966,12.909996317879884,7.6683746338171,1523429078562
2.215527334237134,12.802989641359863,7.569982692022777,1523429078669
2.1603413237878577,12.720203130300003,7.4656220243097025,1523429078786
2.098779206879488,12.590539719066127,7.360544244745525,1523429078896
2.060665952502803,12.464653225225677,7.262891355476812,1523429079003
2.014814934638528,12.335794004169633,7.187386152145774,1523429079090
1.99169385261046,12.233857410065214,7.1417884248886505,1523429079212
1.9838039212373846,12.149615633362,7.120759114830468,1523429079307
1.909231875462341,12.10770932408849,7.082079522524351,1523429079409
1.8803761493496491,12.049918282378997,7.032764026720713,1523429079517
1.844204483479728,11.976709438694932,6.974866318604164,1523429079615
1.8443872723736157,11.908928061056775,6.91908880607831,1523429079718
1.7950023980166114,11.82393227415236,6.884900495448738,1523429079859
1.749521637129752,11.756283038319584,6.89391256832721,1523429079937
1.7284577683367348,11.695993528715826,6.8997846275954045,1523429080035
1.6902526927975956,11.638946194396743,6.891377196070982,1523429080152
1.7051922911795625,11.57936387088966,6.853095683278331,1523429080258
1.7262416108435317,11.488921464739935,6.812159515059173,1523429080369
1.7171931451579479,11.414980952374032,6.7945357714348855,1523429080466
1.6906898621670394,11.336020844902892,6.80167991366884,1523429080556
1.6891607123716432,11.278844509722797,6.835388337378975,1523429080665
1.644831565424833,11.249491471660427,6.857496084635657,1523429080783
1.6486291160210444,11.205910639174897,6.8532202069633765,1523429080874
1.6425567956010036,11.177472649167571,6.829402894007546,1523429080976
1.624457787727051,11.090160657003624,6.8099369753782195,1523429081078
1.6232134570487244,11.017179775010044,6.820008613416254,1523429081196
1.6193222345491673,10.951931599650703,6.86267760632134,1523429081286
1.6283727165619204,10.92473747426107,6.895445237037915,1523429081388
1.6331178657111667,10.877016711782169,6.914511580848653,1523429081489
1.6581789071156947,10.80758727800169,6.907994843030674,1523429081618
1.701432458260258,10.750005142085085,6.897093578319782,1523429081699
1.7504946275375028,10.672632563862589,6.9060541337851165,1523429081805
1.7726288797268632,10.570796205965635,6.952399015915437,1523429081903
1.7840920525436945,10.528165600375898,7.023110876901337,1523429082021
1.7873304192961053,10.488979603356334,7.076823031630328,1523429082120
1.7924774276294917,10.46342491775715,7.0968505050444,1523429082233
1.7997598786198303,10.428691103860269,7.087738751796349,1523429082325
1.8053617472208743,10.371771491652861,7.069141556940617,1523429082429
1.8125915657525973,10.288858121655323,7.0794855085444555,1523429082544
1.7987273512786113,10.213807778200719,7.142593444569693,1523429082641
1.803339485876697,10.125274725664065,7.196442031725619,1523429082740
1.8044326471860572,10.054402920473533,7.227695792509561,1523429082845
1.7988706354524422,9.992407485117171,7.233594096725597,1523429082977
1.816860633300817,9.911432552565055,7.225414175114132,1523429083050
1.8399761780099126,9.839173320373169,7.206697138814733,1523429083172
1.8390953863668422,9.734304202966667,7.211663348958542,1523429083272
1.8810972054078454,9.66272068827116,7.2555630982298025,1523429083375
1.8820715175068787,9.574070163941553,7.311012790854932,1523429083488
1.896198227093741,9.526458378775052,7.339227350087466,1523429083593
1.9295870539744073,9.464941135808015,7.338116395355559,1523429083691
1.9364013973887326,9.3897810388267,7.312852526090577,1523429083788
1.9360265325756922,9.304934861394317,7.2875482246016405,1523429083896
1.9570873860001827,9.24627348330555,7.278171816206557,1523429083997
1.9498133222375658,9.146716001829642,7.277246101604714,1523429084097
1.9378460967960967,9.090429379331301,7.298149580039068,1523429084198
1.9818370442936353,9.052975042284258,7.303903213554726,1523429084303
2.031783531245551,9.0136319052946,7.3037496064191885,1523429084408
2.0429535105164867,8.935762035678126,7.289892009640806,1523429084511
2.0725818087898342,8.835282843161606,7.281851425543586,1523429084629
2.1797163496766867,8.704919183217969,7.305374176887243,1523429084728
2.248442508022361,8.664028348864157,7.352752047167654,1523429084827
2.3390508082350423,8.584036954490465,7.400916959106748,1523429084937
2.3772019913586364,8.49715492596521,7.426117796459599,1523429085054
2.3960967940740763,8.472795361945314,7.4316143972776505,1523429085159
2.4431704370489102,8.45787184422786,7.437766717014571,1523429085251
2.47534562681872,8.446343527033394,7.445172062930293,1523429085350
2.525997543526508,8.39942721888022,7.464493521908877,1523429085464
2.572671333212997,8.354406126037752,7.510112558630487,1523429085578
2.6223689532186847,8.331365174700363,7.564952619005566,1523429085684
2.6911738454231915,8.306908745499891,7.625735202165655,1523429085787
2.726882260192103,8.301794213539694,7.66468130252338,1523429085872
2.7500999099725885,8.28403629505761,7.681082555348231,1523429085977
2.7943281261268584,8.274360450066833,7.678092908486857,1523429086080
2.8535604010861113,8.271160491286839,7.672831726954687,1523429086200
2.9229003563256732,8.266408729621615,7.680504390493305,1523429086304
2.9795817017238484,8.243177777663016,7.718325265914835,1523429086447
3.0240767310620305,8.251367736214071,7.762485622795023,1523429086515
3.037505372493699,8.249859907013215,7.801119555420818,1523429086608
3.087803096455111,8.242562107218482,7.818388630661685,1523429086722
3.120416965728972,8.242931771563777,7.824335171966568,1523429086813
3.1541053238842265,8.200822830463009,7.828385561055011,1523429086916
3.16643481899974,8.172371114702589,7.832931173949821,1523429087025
3.1899854194704194,8.12914411304317,7.8515178571085835,1523429087143
3.253882085509718,8.07707542518269,7.880617164607521,1523429087235
3.3074841280763985,8.042878957955361,7.9226887212511485,1523429087347
3.3131736613410805,8.00936271376673,7.953239760656508,1523429087442
3.358338131159503,7.993709719232953,7.969580049245686,1523429087564
3.3789954816065837,7.961694985414534,7.973008879637254,1523429087650
3.4283802244872636,7.931551907449931,7.9685138183012745,1523429087750
3.4972647104072156,7.876122403661913,7.957399796426994,1523429087868
3.5678413264905946,7.867952909021529,7.957860826937207,1523429088012
3.599702416968143,7.818558851995603,7.970609621209267,1523429088089
3.621829893710418,7.761794250266633,7.988382592388046,1523429088188
3.663200801610426,7.708136645416726,7.989325030167004,1523429088295
3.709342660131069,7.604790464407018,7.980613298654979,1523429088438
3.7639065936395757,7.525241285838544,7.9719579295643985,1523429088505
3.814992581924965,7.473538011351921,7.9646430411907545,1523429088611
3.8993287861043218,7.4195791119472245,7.967017025994747,1523429088707
3.9460001444809505,7.393969654102361,7.982999149323128,1523429088811
4.012976147987967,7.33474048665425,7.989513363304334,1523429088939
4.06789671969506,7.280656802430118,7.988134334451206,1523429089028
4.164660121278415,7.249895161170837,7.976014817930376,1523429089137
4.2724205159372906,7.245109625634712,7.963125426799204,1523429089234
4.339216996542455,7.199718990663721,7.958945134711132,1523429089371
4.458223764387515,7.184255313083769,7.9684400301329505,1523429089484
4.561947545874267,7.160310786475821,7.985872682277158,1523429089584
4.6066484243213885,7.125380438460755,7.988545400205676,1523429089669
4.703390000662236,7.078356338148556,7.982205858515943,1523429089800
4.860223030535157,7.041335627024745,7.969219754835227,1523429089889
4.958956839651832,7.057960260594384,7.9577731343147216,1523429089996
5.056475698694905,7.050287599421295,7.955866086022208,1523429090103
5.1543504619265095,7.038331950190755,7.971144091890768,1523429090206
5.251342880185665,7.021897415922935,7.977816922578642,1523429090315
5.315712483415988,7.007301213819339,7.973648894753717,1523429090411
5.448352738752435,7.020611789034945,7.963651823524114,1523429090524
5.5562202342514775,7.036006455102007,7.949719361535536,1523429090637
5.631815557240967,7.06118657007717,7.949016261817994,1523429090735
5.737849858319123,7.062212802488774,7.965493606571898,1523429090853
5.832321110436186,7.049164875154925,7.981587944935324,1523429090949
5.977250741231313,7.028360773802279,7.982526852807552,1523429091074
6.069729549933735,7.048131455474641,7.9770451236065005,1523429091178
6.183838623630865,7.016300595730488,7.9634310596143845,1523429091279
6.273547961543174,7.015545185227089,7.956506841913498,1523429091395
6.401264000035101,7.019763409631609,7.972443340898224,1523429091466
6.460867316886476,7.020448759850374,7.986349845013068,1523429091606
6.586930384261035,7.024379564348501,7.987722666837341,1523429091691
6.7266079348054095,7.042452440397199,7.974323798468724,1523429091880
6.82635385693751,7.017206726780836,7.959371734517906,1523429091979
6.917692729452348,6.983966504637774,7.964164467938634,1523429092093
7.030773414523837,6.958299856231721,7.985800614921423,1523429092208
7.140697678611855,6.930606389078928,8.003176128755225,1523429092314
7.2430171822884715,6.907616405858914,8.003232480300827,1523429092419
7.342812528785471,6.909598052550579,7.987495035767893,1523429092497
7.466362325346162,6.9052817354744995,7.972281531201739,1523429092631
7.577370554561489,6.9078613619528895,7.967572742421474,1523429092730
7.68304974441192,6.91437601651933,7.975508161994342,1523429092849
7.799682134801701,6.923894878233674,7.987234633539258,1523429092929
7.881915231854414,6.901107703373216,7.993986144863376,1523429093038
7.998990500935486,6.9469446449642245,7.989048714666605,1523429093147
8.076569534109744,6.947504254564063,7.977781037110392,1523429093239
8.20036368508839,6.915271894448583,7.966341240762052,1523429093351
8.319711526348984,6.914832264515514,7.967797672934404,1523429093455
8.495796671339964,6.930055463523977,7.986231277213538,1523429093561
8.610606453810156,6.969117808728696,7.993026505081823,1523429093665
8.707903764583657,6.964425965220012,7.986807742984773,1523429093790
8.825144358478656,6.995345749747116,7.9766888996971765,1523429093872
8.927503553993485,6.998644167631373,7.967752675432235,1523429094018
9.033454840941422,7.010986854598055,7.976481684034415,1523429094106
9.130254591398131,6.990001874212376,7.987216420535921,1523429094215
9.22971107414385,6.972870466644264,7.985391074612945,1523429094311
9.31249894598309,6.937753387434665,7.973505471028699,1523429094415
9.436246788294234,6.955570981132315,7.961392670507281,1523429094534
9.526693499491461,6.968015866713467,7.954738878015205,1523429094655
9.638974003591168,6.954412928712181,7.9612172622018935,1523429094737
9.713951386189581,6.951008225400533,7.981764647085701,1523429094857
9.871144624180502,6.925695672034902,7.992826690033315,1523429094957
9.979503316208188,6.900395501627883,7.984879706070619,1523429095073
10.082673301524828,6.885416614429832,7.973269834470337,1523429095171
10.186620737231053,6.831902032886652,7.964611174589423,1523429095266
10.279410743593004,6.79258090085602,7.970488655518217,1523429095369
10.37251171831594,6.772764730662777,7.990712509770089,1523429095505
10.403317136190344,6.766380505994567,7.994951070106774,1523429095594
10.529671437201875,6.745180995467705,7.987131844554312,1523429095703
10.642382129769583,6.752941284509893,7.976070879092749,1523429095819
10.814284211535558,6.759360791194626,7.95444372080561,1523429095913
10.914624811871688,6.699047353839718,7.951098336046494,1523429096011
11.011025138744301,6.650913579986312,7.958487820772498,1523429096106
11.107659906342326,6.652030804154325,7.959063781883324,1523429096206
11.158001054443694,6.633953660396909,7.953882312831937,1523429096312
11.277692998503586,6.611619205180963,7.941095360196019,1523429096424
11.42354538486759,6.5595876473394465,7.931198448975652,1523429096525
11.517737992292115,6.4902775150336645,7.935814659566721,1523429096623
11.649314842572078,6.485738561682942,7.9419073829989735,1523429096737
11.741098310586814,6.433203047346897,7.953658758072697,1523429096843
11.83416298890691,6.404299609081894,7.950359094037376,1523429096948
11.949056675151178,6.357728615067117,7.937920307741177,1523429097055
12.039485403637979,6.284861925277855,7.926006018312946,1523429097149
12.111074921736408,6.2031420762167055,7.9129819738122125,1523429097253
12.174383858392776,6.171157193111473,7.919128942499859,1523429097371
12.214562854239544,6.114018008414722,7.928021945963474,1523429097469
12.271006442683563,6.060379792003803,7.922160405406924,1523429097567
12.316677135006307,5.981035820403931,7.909921806291096,1523429097677
12.342642117974453,5.856295957963195,7.8981127216172355,1523429097782
12.383517454895939,5.797802657472979,7.88610863478685,1523429097887
12.40933680413859,5.722234947516569,7.876507191918647,1523429097995
12.435513835769799,5.635030648174853,7.868728257141031,1523429098092
12.434611234144826,5.5625908306213265,7.85001808117972,1523429098198
12.459650803874409,5.433482059885754,7.81193947406006,1523429098320
12.477042402765823,5.368622272186786,7.773081616788928,1523429098409
12.496381927138792,5.284405490480278,7.738375646696801,1523429098522
12.50302381376371,5.166606946092554,7.72116817118227,1523429098625
12.476687656753015,5.101867999753987,7.712628783128569,1523429098717
12.481824468451908,5.004252362482961,7.695361024687563,1523429098846
12.466079557230605,4.953042970501576,7.6713720565608305,1523429098935
12.50880046133487,4.853573861827595,7.643176178330353,1523429099030
12.505574101274739,4.757362204000568,7.619901555915706,1523429099131
12.470852516147586,4.647871685127675,7.616308981085584,1523429099234
12.471470378794024,4.5901109286030275,7.629814283876274,1523429099342
12.463123816176797,4.504668054924189,7.6371195864695105,1523429099446
12.464003144254054,4.42249666846645,7.637955669138943,1523429099554
12.422230318570445,4.3633116434997765,7.62795384140628,1523429099653
12.339692274755564,4.25015597943591,7.616511016279933,1523429099761
12.323701686238604,4.121330240359793,7.613454010595904,1523429099865
12.26824919021646,4.047660856923373,7.625517665850038,1523429099970
12.264873808971375,3.9655426425076588,7.6350790716967945,1523429100070
12.217581459852914,3.873534469719436,7.630999186748669,1523429100176
12.163051882105565,3.809486540499183,7.61748589782336,1523429100279
12.091118413900304,3.7403899030808145,7.603357439041821,1523429100383
12.02543352702424,3.6415579772492297,7.600008388018518,1523429100484
11.937225584058403,3.6047776359926815,7.608807088917415,1523429100596
11.883367546647031,3.5388127867204613,7.6481342076563,1523429100692
11.815152160450056,3.500102181771362,7.687560214270016,1523429100801
11.748261999073732,3.445341823508426,7.722916110843868,1523429100902
11.671594620906308,3.4004593058423858,7.755096381062308,1523429101011
11.609449301988107,3.347858130341527,7.79149987262509,1523429101112
11.47834987237515,3.27800819426711,7.849696826088181,1523429101219
11.408591309780606,3.261999815152818,7.91864779456953,1523429101324
11.339156272071609,3.23253462784235,7.987972424861511,1523429101425
11.284700004284709,3.195015314412332,8.040314240372807,1523429101528
11.197205346259588,3.1110901033909353,8.022289137271628,1523429101630
11.039554336414566,3.0694146943915657,8.008361182002268,1523429101734
10.931598527105388,3.0086065860653917,8.013085902544072,1523429101842
10.813789868146316,2.9995151354483176,8.033912290429143,1523429101944
10.71587051227243,2.9571709465784988,8.041433240858408,1523429102067
10.665196264175295,2.9209665031284704,8.044282790424935,1523429102148
10.5564785263062,2.884985781894741,8.034959170272671,1523429102247
10.413545705199017,2.8697559950531195,8.024024823696301,1523429102359
10.316748338817945,2.8422942174278085,8.022040942115666,1523429102466
10.244891042964758,2.8260464433478245,8.030939549673326,1523429102572
10.182840421906475,2.8141111701138306,8.033006139357324,1523429102670
10.092143099506446,2.8342333166253355,8.027719483841997,1523429102774
10.01288467852279,2.8238466153598862,8.015153612154322,1523429102876
9.901825458432688,2.8207649730461735,8.003981417701848,1523429102987
9.793760579743031,2.839622580506127,8.005949612953854,1523429103083
9.692479473726431,2.7972226397412627,8.017109077241127,1523429103187
9.591930609489609,2.8277105145238384,8.024493855086968,1523429103289
9.476502649765651,2.8349216476029033,8.024641012715946,1523429103413
9.377296977168506,2.8232746167816227,8.018372162813622,1523429103514
9.258098254702855,2.824875964417526,8.01269219929121,1523429103608
9.16903170179095,2.7894998470914625,8.011929600181972,1523429103737
9.069209975353282,2.7670081961899173,8.024513448391307,1523429103818
8.937826237262406,2.7502874286929746,8.034615289528269,1523429103919
8.843256334984513,2.7513525888747523,8.035599443077155,1523429104025
8.72872914971181,2.724660314653377,8.026862333841752,1523429104131
8.618815466272062,2.7171509850154076,8.012090804963437,1523429104237
8.503013120101677,2.7178817895602827,8.010242063890749,1523429104330
8.374214304741814,2.6787774811097633,8.025597126797393,1523429104436
8.293949916263436,2.660036029437996,8.029501102674681,1523429104536
8.194140599071048,2.6541701939009226,8.025537291631244,1523429104652
8.043844689164604,2.626103721073642,8.014310611617136,1523429104754
7.922627490080686,2.6093857511746075,8.005815330973938,1523429104850
7.811578489097453,2.5875869596467185,8.003345239299872,1523429104959
7.699666545050065,2.5811759585916776,8.020958261715279,1523429105059
7.587789921614971,2.5847048083269066,8.034182550365365,1523429105166
7.485888664241104,2.5649285635333707,8.025870211753436,1523429105279
7.315498435252112,2.581705267634318,8.003864270224607,1523429105389
7.185215864682298,2.585091342753047,7.992907529481446,1523429105484
7.061133913956849,2.590679108244991,8.002219649671432,1523429105605
6.956038743765948,2.6013658635685406,8.01350644247148,1523429105701
6.8424288960288004,2.577816633306715,8.014869402012945,1523429105808
6.7356070117027835,2.5851608785910294,8.008568785178326,1523429105908
6.625507671449165,2.628417006267157,8.001997460324095,1523429106014
6.4953967285556296,2.65848343235573,7.998141268299601,1523429106113
6.400530748658469,2.6402416248266802,8.003551298295854,1523429106230
6.322205886644317,2.667515452930619,8.016688938710654,1523429106316
6.254000037425981,2.725899580034651,8.018212988431628,1523429106421
6.217581393388183,2.7697720919533015,8.002979001525945,1523429106534
6.094100601726251,2.8312252536285065,7.985180420517818,1523429106639
6.0022607196157995,2.846434116419542,7.9731721620405684,1523429106743
5.9079999336513565,2.9347798742795983,7.982625311648071,1523429106848
5.823323644415726,2.9711932580217733,7.993872251149415,1523429106961
5.762473564844907,3.007897004974033,8.00075143078801,1523429107076
5.696496794294982,3.081994414530828,7.997968632861937,1523429107174
5.640022658267285,3.1333911066818403,8.05862470633482,1523429107278
5.578391730985547,3.160734320094635,8.124624644979693,1523429107373
5.556024570894125,3.2122421275653825,8.207997349689153,1523429107478
5.560105063085327,3.2381695009668174,8.29828997941716,1523429107587
5.561593964361099,3.277223298462409,8.379032175670282,1523429107687
5.553965997356102,3.3229051134991785,8.454221302421184,1523429107798
5.564144713724857,3.395010746279549,8.52940284585833,1523429107910
5.547657729470238,3.502130307746933,8.522145311304028,1523429108000
5.541705914748418,3.5885145459134056,8.532117106457777,1523429108102
5.590874566020992,3.6485617104651427,8.652027511263427,1523429108211
5.596797086779312,3.715928773231548,8.768342808102794,1523429108309
5.634750278451608,3.7642535129862598,8.879904958559061,1523429108413
5.65155494269882,3.8029391217073645,8.989800325174794,1523429108523
5.664638125913232,3.8325366862157484,9.10083633329372,1523429108620
5.672443824725885,3.86808987846472,9.184712683517292,1523429108725
5.679776259011097,3.926266222446872,9.294156601090487,1523429108831
5.684317715387509,3.9693175114047365,9.406467532536759,1523429108935
5.709093897461633,4.025569100712849,9.505382447979763,1523429109036
5.724406285545662,4.1162018794264235,9.474027838319188,1523429109144
5.7311493716101,4.251926295482994,9.424727852049324,1523429109259
5.751848492791805,4.368883608745871,9.38102420477353,1523429109350
5.742109431320866,4.456816222645727,9.342471547707591,1523429109469
5.727123760912135,4.575824867419967,9.314035772732826,1523429109560
5.724476848887233,4.659420987045653,9.27707353942451,1523429109661
5.6938270035000675,4.751266680940817,9.21535480243356,1523429109765
5.672820243300557,4.858437283232565,9.122352125393473,1523429109866
5.661112979744679,4.981189756001532,9.031481800052182,1523429109972
5.62122449268827,5.138247866726241,8.950343184004069,1523429110080
5.605027517484204,5.266774970939121,8.906729107591707,1523429110200
5.58972477127358,5.37729380685202,8.844475804876513,1523429110282
5.582888126384032,5.49091968155445,8.772605067651359,1523429110388
5.598114855783425,5.6015364585962315,8.69710788888039,1523429110503
5.614795061171842,5.728078559555146,8.6300546387288,1523429110618
5.65101929302228,5.854074593513634,8.570548508678854,1523429110717
5.641079822683286,5.961408067456723,8.533024275578049,1523429110827
5.653583360716361,6.097411700399035,8.507715145577578,1523429110917
5.692256923165831,6.159005273036956,8.475453967643563,1523429111043
5.712336306485443,6.228029604460362,8.443752791373994,1523429111140
5.734483991057681,6.353222094317962,8.407776685372244,1523429111253
5.77034888141405,6.434677955062041,8.391883316770155,1523429111343
5.836857248259422,6.506552126639527,8.377296545346251,1523429111436
5.885144554343367,6.58283858556899,8.372662590320143,1523429111544
5.936380077007361,6.658789799230447,8.363628560374686,1523429111652
5.965083162418397,6.692168038587808,8.34620743401909,1523429111753
6.0250962447964955,6.742186203308761,8.332729430040809,1523429111860
6.099613763724474,6.761851109115543,8.322281454714876,1523429111965
6.197558263053961,6.8108628177513175,8.321619107384599,1523429112069
6.271743844076274,6.852049118858739,8.343009660532973,1523429112171
6.327013637922554,6.883081612987008,8.349694159291351,1523429112269
6.400941305996376,6.915251737137649,8.353054812090178,1523429112382
6.513124076298015,6.928249579790545,8.352397015569464,1523429112487
6.634314880857091,6.973529016738939,8.346654496708872,1523429112597
6.732587610626204,7.007575103983746,8.342634746928137,1523429112686
6.82352152941496,7.051313266404409,8.357025991539153,1523429112797
6.909922876023773,7.057619657752358,8.369643629069062,1523429112899
6.991587795621509,7.042692304342872,8.369168693208254,1523429112994
7.044839766515545,7.04299282178532,8.361323228980725,1523429113102
7.112676627763184,7.023055960903564,8.354295900552737,1523429113204
7.206963431093291,6.978722999227638,8.354258967776497,1523429113311
7.323895188766235,6.969036848109759,8.365682828135592,1523429113413
7.438309486232986,6.958585372808202,8.375787973566057,1523429113514
7.5635174781726935,6.9745124446327145,8.370864493534787,1523429113613
7.663064639810503,6.975287495114739,8.36108099292543,1523429113715
7.758321627126248,6.97978508078065,8.352477484561508,1523429113830
7.829599451166845,6.9729534570283525,8.345956043544007,1523429113919
7.930974228497213,6.929589192095668,8.349033654809356,1523429114031
8.02480861837996,6.925712765799723,8.358299909063978,1523429114135
8.099420079329427,6.913750336344649,8.355372743260983,1523429114229
8.206218345284281,6.876044791583017,8.34316326594649,1523429114348
8.322514178242114,6.863751826789194,8.327923083757574,1523429114454
8.442860236124826,6.854812444429411,8.321666475868101,1523429114554
8.58701853014312,6.810117160904509,8.330918925394187,1523429114655
8.714614233180496,6.8173408550272585,8.341113178319167,1523429114757
8.847054945000608,6.829053511901203,8.34044678365241,1523429114864
8.95624564466176,6.831822618317892,8.334464035220755,1523429114971
9.049009929368195,6.804879618224228,8.326691242610627,1523429115072
9.19863253567499,6.785558647785434,8.320259066381643,1523429115192
9.319913926743203,6.7651458767709025,8.328703162601993,1523429115287
9.442082028125116,6.770142774249304,8.34193686845525,1523429115393
9.520320592988945,6.76240088487546,8.34017118528576,1523429115493
9.630101229739875,6.730746144082462,8.327706655756577,1523429115605
9.752910286959848,6.727538970325489,8.313056524871781,1523429115699
9.868293953613643,6.725886146710711,8.314587114000936,1523429115818
9.961161348406144,6.713944727857546,8.328262496339322,1523429115903
10.06195577569348,6.691399607830166,8.332803649231934,1523429116014
10.158430626312821,6.730279087957756,8.337601488771291,1523429116107
10.220040284872255,6.727873196427064,8.332848311136862,1523429116213
10.341328227129738,6.716837175999794,8.321608265036822,1523429116314
10.453900763321979,6.691117347129436,8.318431240618429,1523429116418
10.563093981236426,6.694067662284243,8.327392004355833,1523429116520
10.612112306775153,6.68776226316615,8.336004609765773,1523429116623
10.707886824968433,6.65858209436731,8.334885297032459,1523429116725
10.830500831620789,6.657125598875939,8.324507201826014,1523429116829
10.95693486784414,6.681803240372181,8.287960000323459,1523429116936
11.060826997147439,6.708226772046854,8.26211982354819,1523429117040
11.185090140882243,6.712782341033326,8.24800712386793,1523429117151
11.26950532518447,6.686388631704275,8.241543963318657,1523429117242
11.368831122188366,6.6963547570202415,8.229284068902857,1523429117347
11.418938665822362,6.709287152878686,8.207020601566276,1523429117450
11.498313089354962,6.725481891978704,8.181681520060089,1523429117551
11.633308214085538,6.731327746641434,8.16184315788331,1523429117667
11.7577190160745,6.688058380336352,8.152363369297653,1523429117767
11.857845864759105,6.7005537731576545,8.155066923494939,1523429117877
11.929858922775065,6.701201277349821,8.14817898683627,1523429117975
12.029453940784094,6.711490754691705,8.130844976685957,1523429118075
12.165107123131179,6.767122082324646,8.104674089865588,1523429118188
12.29223405915333,6.794967893903795,8.08371214559606,1523429118292
12.421170468152523,6.896560510058061,8.086641898726418,1523429118394
12.532579233836238,6.942885453156916,8.097768190470608,1523429118496
12.60398859602484,6.990416165591813,8.09688343832705,1523429118599
12.722386998638429,7.041356680484789,8.089686558140887,1523429118704
12.801586135621742,7.092742088516976,8.078868173330358,1523429118808
12.90642379411953,7.154453932987659,8.069076374336376,1523429118905
12.998950692114583,7.214803449832902,8.075086736842557,1523429119010
13.057448249182253,7.231922089672667,8.087150158519613,1523429119113
13.172724251363903,7.265660133914377,8.088405687103926,1523429119220
13.300365371098774,7.30815778546454,8.070912846850712,1523429119324
13.451540741113488,7.3896188187168805,8.040587297489559,1523429119431
13.559040993679828,7.4612551490445425,8.027126067451565,1523429119537
13.688457663246766,7.567032018495812,8.040453074071426,1523429119638
13.747977725014858,7.651686108173956,8.038761021525442,1523429119754
13.77626143488091,7.730172562505259,8.011538861723054,1523429119858
13.850440901623758,7.831998794309636,7.980213072612044,1523429119957
13.93378774968017,7.898570901068588,7.936436309068525,1523429120059
14.019089493709073,7.9469414718746325,7.903624083143374,1523429120163
14.096846189605962,7.999594007051431,7.892811464046177,1523429120266
14.167004529014978,8.050780863032777,7.867910001991105,1523429120375
14.243560402738265,8.115080654287317,7.827561128562723,1523429120477
14.271994596990803,8.180366874068683,7.7891314490957155,1523429120581
14.346104284448383,8.24751045515115,7.756461923669125,1523429120682
14.395148826055623,8.341609960279852,7.747622679692622,1523429120786
14.468716585671041,8.401392114167361,7.733269107808881,1523429120893
14.514885032548824,8.428840414548187,7.709872303913731,1523429120997
14.568526124958266,8.478425240353095,7.677717017554164,1523429121096
14.622702148575456,8.495165946596323,7.628389505707807,1523429121201
14.680943444405798,8.554165720640942,7.5592652498280755,1523429121307
14.725668280316166,8.580610355301829,7.492218468086866,1523429121410
14.735513956732381,8.649043726452925,7.460053066423926,1523429121518
14.775482184239992,8.739733675460373,7.434717229113222,1523429121619
14.842089194011075,8.807585844055009,7.3871950863139375,1523429121727
14.875438902194599,8.889646894664955,7.316022082959794,1523429121832
14.94014903929787,8.962036502693566,7.243370519550764,1523429121934
14.999874099589043,9.008839273867352,7.206660825976107,1523429122040
15.056507105162561,9.062480558045468,7.178275425038617,1523429122165
15.069391248914442,9.12520897720953,7.144970148792553,1523429122271
15.08765676850712,9.21949210617801,7.0911968170131265,1523429122348
15.134660218371277,9.256352013018969,7.025056130153132,1523429122458
15.200515607656802,9.326885440647247,6.9935555342595634,1523429122574
15.216336190500618,9.409372306885665,6.961305583320345,1523429122656
15.270115964307998,9.516378911712579,6.915085296582333,1523429122778
15.310101127982705,9.599015116809076,6.864214142297616,1523429122872
15.339713557144751,9.730479995559769,6.8463017957483725,1523429122991
15.377978876741702,9.827561479637096,6.857498610079134,1523429123089
15.400536339336833,9.890719426920601,6.851818251469881,1523429123195
15.384636927948241,9.95121608555277,6.842353653293881,1523429123293
15.415961207414137,10.008693289845816,6.824074226149167,1523429123410
15.46994709211946,10.138169040312716,6.826236516084215,1523429123497
15.4897892294752,10.22909113518998,6.83312545719132,1523429123610
15.48517261472912,10.297341637019878,6.830532081018284,1523429123724
15.507822507176138,10.357097821258304,6.815587756332016,1523429123825
15.542975702399447,10.429475245370652,6.787247119826057,1523429123914
15.52866335962505,10.498765333085608,6.736755050269466,1523429124032
15.551031210801488,10.627774252301487,6.684690619602974,1523429124130
15.564366847184209,10.72064523177687,6.656986292264926,1523429124242
15.582158593988318,10.774158516716485,6.646627092921211,1523429124328
15.595055331911613,10.844303135997222,6.618681512092405,1523429124441
15.588359978240149,10.910171687773955,6.58198269809714,1523429124538
15.58906417226562,10.948452339419582,6.515872150359574,1523429124656
15.583491174570115,11.037862255383613,6.45969036978493,1523429124745
15.577933196782809,11.078369356226949,6.4460876663190785,1523429124843
15.569067284030705,11.170089759915347,6.42972204508164,1523429124948
15.600583516694892,11.243219320010361,6.3871444933613315,1523429125055
15.587106967496684,11.31633228596724,6.319933709426699,1523429125156
15.599067080730194,11.402080289561198,6.276488436953485,1523429125270
15.633035760109344,11.494696250223734,6.2730071258613656,1523429125364
15.645206376597415,11.548996049377712,6.261055794291103,1523429125479
15.622348695499058,11.610439206455275,6.232998774047842,1523429125578
15.613272800960262,11.666918604680948,6.178051214869808,1523429125684
15.633156740032431,11.753604342008162,6.114609783423348,1523429125776
15.651720374201664,11.849480468043991,6.09412252257889,1523429125877
15.649099011100368,11.953030117205907,6.080390450328688,1523429125992
15.658987809898429,12.018034968674012,6.055230745344883,1523429126090
15.659033643322328,12.096635400807005,5.997064190463475,1523429126186
15.681140592020125,12.182766905108947,5.926159766542988,1523429126290
15.680722132178879,12.254390239694079,5.899115202423907,1523429126400
15.657459078341724,12.318075711984715,5.8943003175630615,1523429126501
15.662344264290343,12.399425984276192,5.877282768460134,1523429126599
15.654110963151918,12.489081135604243,5.830691129990109,1523429126708
15.669348674213737,12.528408255231744,5.763563343914963,1523429126814
15.66102243951767,12.658850296034979,5.683693075359494,1523429126915
15.666309594773251,12.738739697563249,5.642177928789139,1523429127016
15.663956048637026,12.829948011889082,5.59761395502358,1523429127116
15.64558381782856,12.931636789933425,5.542369776863586,1523429127222
15.641536706845091,13.009251670867478,5.475439755432365,1523429127331
15.601780561773328,13.123322174533287,5.442495135329487,1523429127425
15.608165320842623,13.174931280650778,5.441436787177232,1523429127523
15.58382043555804,13.235117381929342,5.432764567654114,1523429127633
15.570817899776777,13.323796113480945,5.418118519793844,1523429127730
15.547716072808045,13.400890664045416,5.394920419251064,1523429127838
15.546283986888927,13.4534118352964,5.3849453126796165,1523429127941
15.55594162132022,13.500767633030614,5.377047427912844,1523429128046
15.546617687101584,13.531764974618664,5.3696637099854145,1523429128150
15.55976175769957,13.571749457135258,5.360987191350798,1523429128270
15.555365450426875,13.586846623695397,5.353926596839922,1523429128370
15.53768167238165,13.620870332190291,5.356603577815352,1523429128473
15.525582417042138,13.653978667233968,5.356139236745314,1523429128575
15.52360253570892,13.670278073921363,5.349146589618711,1523429128673
15.522742748029282,13.677096516823674,5.34316133022433,1523429128784
15.52981268823996,13.681504989599686,5.336618630597149,1523429128902
15.51209690633767,13.690506687410462,5.329963203448517,1523429128997
15.480777749130404,13.693651563534438,5.3242521778036735,1523429129096
15.447320345071226,13.69581520220765,5.317196472359808,1523429129212
15.394968659837678,13.719185263728145,5.309685407210833,1523429129315
15.347755987204224,13.710796331275668,5.302878964605424,1523429129405
15.27627377680283,13.707165159487145,5.2983576527240235,1523429129516
15.20967440491607,13.699920193389637,5.295036086170013,1523429129624
15.183344029864585,13.6910719820674,5.296523316126749,1523429129711
15.156294342969437,13.655885741215238,5.29859134955458,1523429129827
15.09378419825322,13.648010497684345,5.2981296047387785,1523429129925
15.068065103668662,13.637900335959623,5.299562573089105,1523429130044
15.042460362980748,13.616309543700966,5.298383185200624,1523429130126
15.019613903400115,13.554604267847893,5.289147801217598,1523429130231
14.993817703410407,13.517504183771582,5.2785202673030485,1523429130350
14.968730608376553,13.426106998836886,5.275172255118023,1523429130452
14.932912240266262,13.38753696483914,5.27655620781796,1523429130559
14.924482325694774,13.317015466037917,5.278632193338517,1523429130651
14.910201842661541,13.227417815831394,5.284149012325714,1523429130758
14.936906038831298,13.1811952858111,5.287590309794882,1523429130860
14.94956148565583,13.129181990074844,5.288478568298352,1523429130968
14.984987204808744,13.091232927589944,5.287080446775804,1523429131067
15.001562158352375,13.062171174405627,5.282910484045923,1523429131173
15.01468247471968,12.984678619478316,5.285449039029868,1523429131285
15.035385336433704,12.978609099954921,5.288078740322528,1523429131391
15.046381984402784,12.950778420202928,5.286963269224283,1523429131483
15.076407075799146,12.911236371692414,5.288292277451112,1523429131589
15.083349002638412,12.89903257364525,5.287096676079793,1523429131708
15.130976390309637,12.877997794467246,5.2805784136605975,1523429131812
15.148469657090375,12.868852862848746,5.269242978625994,1523429131910
15.200122507851354,12.888207946084595,5.260018632098561,1523429132006
15.232849378925616,12.910061016987418,5.258712280792893,1523429132124
15.26273538635632,12.927434950570719,5.266347476532901,1523429132217
15.322803443254836,12.96075888963664,5.273091555651904,1523429132331
15.37146558327752,12.98395452553835,5.282563861541268,1523429132424
15.39396095521358,13.011017727309964,5.280864031208879,1523429132527
15.431598931046663,13.055545474935657,5.275530587763716,1523429132626
15.47715807989668,13.118151660739448,5.275349932772562,1523429132746
15.51862440208041,13.176244916469107,5.272446115805412,1523429132842
15.525099541057006,13.221820056033609,5.27172903967166,1523429132950
15.552796055761581,13.25310393295174,5.275173118748923,1523429133052
15.538722931190033,13.292354699880512,5.272547598861561,1523429133152
15.565213096251659,13.322789487845373,5.267961136787444,1523429133254
15.56696935254223,13.367511540969423,5.265909444236667,1523429133360
15.55364411382028,13.391634364338433,5.259510600199994,1523429133456
15.526968428308935,13.407483709813969,5.249941815847987,1523429133558
15.476521709908704,13.44926347654352,5.243441268247676,1523429133665
15.421478464464748,13.464334318080367,5.240873493000029,1523429133771
15.377132396521434,13.48318327785348,5.240859557153324,1523429133869
15.317785002192704,13.492712309960773,5.243294820392043,1523429133977
15.271726793017287,13.496784881972163,5.246584566379333,1523429134092
15.215097241358219,13.488810820953818,5.247253154460398,1523429134195
15.15087066566409,13.504925644499362,5.244938745084543,1523429134294
15.106525593373386,13.519995922827173,5.239444671964302,1523429134407
15.043373662208815,13.509504246212295,5.235360373074996,1523429134499
15.015066135108931,13.508683148383831,5.230761097922901,1523429134607
14.994038163070714,13.510151461767364,5.223869811814193,1523429134705
14.995936705286608,13.49886269418479,5.221391600146004,1523429134812
14.988866981288732,13.499828396072678,5.222716472168478,1523429134913
14.98186738440347,13.523260530977181,5.228162085854817,1523429135024
14.979109815098893,13.535048324545965,5.22845746509692,1523429135111
14.976485910645643,13.54863230832298,5.22844220083735,1523429135228
14.972910001424179,13.565891722312259,5.22673462611068,1523429135330
14.968526395503323,13.579603857245747,5.221919618609291,1523429135436
14.962946125930019,13.596938672941894,5.216323415620929,1523429135536
14.960384813302474,13.624446771654966,5.211259752937849,1523429135639
14.965455935118523,13.650510775509508,5.208241706099163,1523429135752
14.931035751079055,13.664214088022481,5.2058415727718765,1523429135844
14.942284859562879,13.70533344912056,5.2049898453541745,1523429135952
14.917260271738174,13.754692346613654,5.2046785595577285,1523429136050
14.916016787644441,13.788275447469543,5.204449921831955,1523429136160
14.911036923372748,13.845708461111727,5.208779914556934,1523429136259
14.846379415797209,13.900569297703715,5.220321463062086,1523429136379
14.810214214246123,13.935882921327977,5.239287848058632,1523429136457
14.752393020744828,13.966941209819446,5.243388947528807,1523429136564
14.720355058244712,13.97723619623445,5.242528331144433,1523429136668
14.70185301731335,13.993571185217709,5.23589383753423,1523429136790
14.621689147183737,14.020177890550437,5.224002595175744,1523429136866
14.607322545682816,14.05865896923574,5.200440792613031,1523429136971
14.561405378430301,14.119966704711251,5.1547721348806235,1523429137080
14.50025067811538,14.14213592244975,5.096190397940394,1523429137179
14.44921480282679,14.224569310017738,5.0600734035041715,1523429137282
14.367728023520264,14.246322844303789,5.067455753429345,1523429137388
14.326235662374309,14.291369790645438,5.068563092616266,1523429137488
14.256822005514007,14.315341921314053,5.047107320706046,1523429137594
14.2025065321009,14.330538081095762,4.994308522197193,1523429137691
14.171096518315634,14.365433641623595,4.928904190170353,1523429137794
14.145326782831715,14.424933358074448,4.8925903516755165,1523429137894
14.093310016968257,14.465062724103298,4.884554718769772,1523429137994
14.075206055944381,14.51764790081706,4.868928638501368,1523429138105
13.998894559706685,14.55100576919493,4.822147185939566,1523429138223
13.921399628791324,14.61086696112221,4.745942444316754,1523429138305
13.883462167273006,14.613930699665266,4.6920951990924324,1523429138406
13.790430291406647,14.640759547357685,4.675791267863917,1523429138514
13.72253942288372,14.690555240022993,4.66130249686791,1523429138613
13.615024454805392,14.726413332343773,4.629896362761192,1523429138717
13.548445948838085,14.811255849729767,4.5811142912840355,1523429138833
13.487459318954313,14.854960121923764,4.549546791461345,1523429138923
13.38845509675214,14.879884817818224,4.554395360637055,1523429139029
13.32481718900118,14.868956395906983,4.560025254234376,1523429139128
13.234243198357206,14.88676392821449,4.551607715436657,1523429139232
13.151475342371192,14.868672468930251,4.533325895871976,1523429139339
13.064631252276033,14.903183439769318,4.523093843186159,1523429139443
12.969180998190671,14.968731180156524,4.52636316376152,1523429139543
12.93407380997156,14.993267002629723,4.5351368581829155,1523429139645
12.902693932327779,15.02537567610781,4.528496352428358,1523429139746
12.847923841289848,15.050467037447584,4.50590784012339,1523429139849
12.77066175907567,15.04054630315061,4.489253926646546,1523429139957
12.714500091445018,15.073980907108666,4.481008774702467,1523429140052
12.616348616634792,15.090254991068896,4.4772076417029645,1523429140170
12.561919392691353,15.095504449024588,4.4735176291453005,1523429140264
12.500069148850425,15.110227205727774,4.463718628215574,1523429140364
12.440028412095637,15.115604786852805,4.438356356616096,1523429140464
12.345758680912883,15.098327954877933,4.392982546574428,1523429140587
12.2838236144844,15.087527046749079,4.333481992251688,1523429140670
12.221539823535306,15.0838931837198,4.298113133928265,1523429140774
12.114422667031056,15.087177021414579,4.29068933534404,1523429140882
12.073903255868856,15.0795869705559,4.275999943663277,1523429140989
12.005061874001507,15.124325476256434,4.237626006651548,1523429141085
11.924236951953716,15.135770929414402,4.174731603672955,1523429141189
11.877695046035932,15.158143347437193,4.112809957246125,1523429141292
11.769441684607186,15.155787166414925,4.096365606276814,1523429141412
11.69673628225403,15.132070105837558,4.096434185547935,1523429141504
11.652309280131579,15.1468439231865,4.0776247271698285,1523429141606
11.589885389530572,15.150027023942226,4.029294994979909,1523429141706
11.512555928087618,15.113017456606435,3.9594205777127565,1523429141809
11.440029628015255,15.111950388075307,3.8966508173012304,1523429141912
11.407129081193027,15.102780874486662,3.887501669866386,1523429142029
11.34393676444784,15.12621019267338,3.878812764826598,1523429142130
11.26087342027592,15.174751840185522,3.8420379423458475,1523429142242
11.178411129092746,15.190554355319298,3.7802212072330317,1523429142331
11.137047028174857,15.224455546362144,3.7333318303209007,1523429142437
11.10136819901413,15.224358242227028,3.7335201855129805,1523429142540
11.005577595148665,15.204666947062917,3.7396952528757015,1523429142643
10.919711815881026,15.188147945172357,3.723265023050576,1523429142753
10.880513800564145,15.16613018781436,3.6844511622853857,1523429142855
10.803836409354926,15.167983168065811,3.618750899924322,1523429142959
10.739456281970135,15.146899480720117,3.5612660541182892,1523429143060
10.66225284986069,15.127563115722133,3.5449388426661192,1523429143164
10.54796470685857,15.128459490794423,3.532978528140084,1523429143272
10.483515376065832,15.127288441436065,3.503345491680536,1523429143387
10.437968664376458,15.141041718604727,3.4505596293597076,1523429143480
10.403584192452909,15.116143916932842,3.405671809308438,1523429143584
10.337688938199744,15.132126802770124,3.407393511797934,1523429143688
10.301950939227792,15.127875367052763,3.417380345475282,1523429143811
10.22730916374027,15.107553644152812,3.4175332388939252,1523429143905
10.19773984693367,15.089165828169973,3.4043959530029593,1523429144005
10.152050358734712,15.059268913880338,3.357300541114757,1523429144101
10.066143863293691,15.047502009041745,3.2992961577274955,1523429144205
10.013839607619031,15.029284887705224,3.276391729150575,1523429144306
9.929726128939045,15.022573062698418,3.2693875335508067,1523429144422
9.846117459319801,15.033666765522387,3.240837071232408,1523429144535
9.814983022176193,15.045200212570679,3.188205364594617,1523429144628
9.743912297373459,15.019309552857212,3.130325200357112,1523429144739
9.653448378934756,15.021975174520904,3.097113348053083,1523429144842
9.601305237204041,15.01458259773271,3.0850475678678833,1523429144942
9.555167459373177,15.001921881263392,3.0697488656858094,1523429145042
9.473681504212381,14.992994954128285,3.0399319653524812,1523429145152
9.410357939538047,14.955864963665004,2.994032282467381,1523429145255
9.297501808262588,14.932532345605294,2.952518590336557,1523429145356
9.22481032318263,14.911915415637337,2.9489435412559857,1523429145463
9.119379863745726,14.868447326986688,2.9544465465891445,1523429145569
9.030185898685193,14.876274777892098,2.942098967933218,1523429145674
8.942336183277767,14.806360183604323,2.920620113479087,1523429145772
8.835367873972048,14.820275148728303,2.9072428148992704,1523429145872
8.746319772244828,14.804853511237933,2.924157177576623,1523429145985
8.641226959059559,14.765478366770877,2.9375653128182266,1523429146077
8.597679739532028,14.706800666756337,2.9431416982586107,1523429146191
8.531780731640104,14.63305405493986,2.930392647266952,1523429146297
8.469193797392172,14.549076318947217,2.9201096905782022,1523429146406
8.389496754795818,14.415134476908497,2.919395698444814,1523429146502
8.289676505021413,14.339393671918748,2.937422004827649,1523429146616
8.234380865743212,14.22991801641084,2.951213988868807,1523429146708
8.155881232876816,14.126842503618752,2.953670299538765,1523429146821
8.115518334442664,14.04661672704297,2.944554805040817,1523429146930
8.08211326654945,13.960752446990146,2.934907597999275,1523429147030
8.07899246694878,13.886398434753243,2.9300036713220305,1523429147138
8.079793577683999,13.767102251139486,2.929692904201966,1523429147248
8.054958529755726,13.675407063391287,2.9398184039895683,1523429147344
8.089096569961132,13.614027925921823,2.943120541619235,1523429147450
8.071476065510444,13.55826263359774,2.938904073341439,1523429147567
8.085981085969813,13.505030054762901,2.923578370745327,1523429147670
8.073849858365405,13.454854952307072,2.896384910924392,1523429147769
8.043938080882654,13.39078584902383,2.8406141056261425,1523429147876
8.067005040229056,13.308543578979439,2.7881658388081667,1523429147991
8.08136361320722,13.221034161679281,2.752717891925073,1523429148081
8.082758789231493,13.181067919200082,2.7482184929948015,1523429148198
8.070703475202304,13.080832270047877,2.7294881729239835,1523429148293
8.05709864444453,13.028300702073842,2.6925021661385267,1523429148399
8.055256227734953,12.988103785083059,2.6363178078666505,1523429148503
8.02812855868721,12.928790573706383,2.5926893794782306,1523429148609
8.040485090369549,12.88856769365544,2.5786414284023413,1523429148711
8.028226749111292,12.848628899119955,2.571512050369926,1523429148822
8.04412179878658,12.771870473932363,2.5509612330271763,1523429148923
8.046433143380904,12.718388223075435,2.5098777470318554,1523429149025
8.025124362908592,12.64280127749568,2.4544269134486107,1523429149126
8.029746460409347,12.588951466085787,2.40703909571087,1523429149231
8.03293584886028,12.528357662420026,2.392565957691262,1523429149330
8.014616061152536,12.487558002483038,2.3840496784011447,1523429149430
8.007709355704463,12.442968622313083,2.3524582205116364,1523429149537
8.001746929307938,12.326509257767821,2.2869170005262927,1523429149645
8.003405883118631,12.240374114492573,2.219502601430542,1523429149745
7.993461346651211,12.165155696438733,2.1968769469111904,1523429149850
7.993428128689374,12.066214814335773,2.1977759726429515,1523429149960
8.008986509716415,12.0001284582615,2.189407966827989,1523429150059
8.022546438179104,11.932850566583749,2.1602925768954404,1523429150171
7.979190426511885,11.842914829185496,2.1027727387369066,1523429150272
7.989850666143115,11.772505714370682,2.0431971799887103,1523429150382
8.012016845036264,11.720567143690436,2.0177464490829875,1523429150491
8.008681115558547,11.660754856794036,2.0121526643012215,1523429150590
8.004143680805269,11.590956284821551,1.9943368198957634,1523429150691
7.996186062687071,11.506954320222022,1.9451787673143215,1523429150805
7.987210778320122,11.431667448356944,1.8917191729972915,1523429150894
7.964136857728054,11.378039577441546,1.86295530750858,1523429151008
7.946922395781754,11.327331758604842,1.8594113928415563,1523429151101
7.928588850514977,11.266681046458642,1.8389453586815703,1523429151214
7.89703464828369,11.196586936073716,1.800081138118876,1523429151317
7.8956454166388195,11.154979557103992,1.725856721491332,1523429151431
7.881259353248114,11.065263206824875,1.6806471791986954,1523429151536
7.895262273468474,11.00033138182171,1.6720016313211528,1523429151641
7.865137201037401,10.933264714319561,1.6639424362401583,1523429151747
7.835934877837548,10.860051998634153,1.6282911607497639,1523429151850
7.814029082975598,10.797495226641802,1.566724516612781,1523429151962
7.763075236368082,10.718952320138392,1.5110321333067744,1523429152069
7.729049500931561,10.642436942825732,1.5038127309061153,1523429152171
7.727700803694107,10.600258084271918,1.505954908637826,1523429152270
7.701202231370563,10.552502172724902,1.4876164372116767,1523429152373
7.746806359236822,10.468082466407568,1.4366521948275164,1523429152477
7.760447761058178,10.366827708895416,1.358995335634695,1523429152578
7.777181147219412,10.246419629689848,1.2922376195828593,1523429152685
7.75797989376025,10.180719319134266,1.281787701903373,1523429152790
7.740612363610114,10.121113914821517,1.2741917262567046,1523429152887
7.767208041907439,10.055227183638017,1.238553010275986,1523429152992
7.784551539694916,9.950733806985935,1.1752492216076262,1523429153095
7.760022082094432,9.859674491931443,1.120817025959198,1523429153211
7.747096261679397,9.780257724564393,1.11981556240789,1523429153301
7.733802757095341,9.68397057784507,1.1314193662294623,1523429153416
7.764358595055247,9.599175156007398,1.1381831065978332,1523429153516
7.771313016139232,9.50920044345891,1.1223710395986444,1523429153615
7.772481166667026,9.406020073749012,1.0762061768314966,1523429153712
7.765512920271532,9.310621829385653,1.039535418142985,1523429153819
7.806368548523757,9.22746254325968,1.0518280086576046,1523429153916
7.838646632238632,9.119536401747782,1.0715209375800614,1523429154027
7.851089792795054,9.042256189928596,1.0657482818312507,1523429154128
7.875045868598375,8.942891451063053,1.0318976109976215,1523429154230
7.882975004379553,8.847457096802,0.9857492595364193,1523429154332
7.906774250622918,8.762328182025344,0.9828350284043331,1523429154437
7.9105853355183475,8.679309222017784,1.0039588575776148,1523429154550
7.926272896107713,8.559586309860991,1.0224392583277733,1523429154678
7.952478645581664,8.452652858063331,1.0147328573239924,1523429154750
7.96476755748947,8.365690015384738,0.9783330900303149,1523429154852
7.9669339832052275,8.26288292326921,0.9235530316090973,1523429154958
7.967687553400054,8.194666653050874,0.9112400735075652,1523429155054
7.982068861822857,8.138866325634899,0.8996963529837758,1523429155150
7.995713468065023,8.060054851276828,0.8666584937692262,1523429155261
7.986855452775475,7.97056184859995,0.7972384984247144,1523429155370
7.971564509470262,7.877837753755603,0.7402407057508756,1523429155476
7.964317965671248,7.782556478618085,0.7255672013703313,1523429155573
7.956181568781979,7.741664424518418,0.718415119738669,1523429155682
7.956871720348189,7.680348207023468,0.6978074367935234,1523429155785
7.956294998638899,7.6132872032491425,0.6533928364533184,1523429155887
7.963920565784509,7.538283766192039,0.5835998343969311,1523429156007
7.973517139323441,7.477047771807803,0.5324757060665043,1523429156104
7.948167496344873,7.4158244337751,0.5112490812147676,1523429156211
7.921673460999391,7.338574205954952,0.4919914414418175,1523429156309
7.904972728188145,7.2634220657734785,0.4465507356643357,1523429156416
7.8968931180964175,7.17411820198816,0.3936121310754177,1523429156515
7.894202220424984,7.0902821774441955,0.35621468471522766,1523429156629
7.907561391061936,7.033036245274669,0.3438950609664577,1523429156728
7.887172587269358,6.9609181124987165,0.32562846644479465,1523429156830
7.891553740410237,6.862235631424222,0.30208271579987817,1523429156937
7.878816233900926,6.746678269916974,0.25681921987721085,1523429157038
7.893715207796806,6.609355098386665,0.20138030021046563,1523429157141
7.899051337135108,6.487580138419402,0.17717972071067287,1523429157248
7.88062949467458,6.386898657195969,0.1791674369002496,1523429157353
7.906358257117779,6.2924614441210664,0.17087312011121322,1523429157456
7.91717955407835,6.189363358278297,0.14718127988361004,1523429157558
7.920346226935451,6.091908479586524,0.10857136870920357,1523429157665
7.912835606734741,5.98125182773338,0.04946267701477018,1523429157768
7.9054211197588975,5.855760040849828,0.0010885287523010108,1523429157876
7.901508013155989,5.719145774277047,0.014591608726884203,1523429157977
7.885304444127161,5.64672552876695,0.034966567224141765,1523429158091
7.886952755553685,5.554234379399886,0.0357307112082253,1523429158212
7.888885216454173,5.429955413392296,0.01523527829765859,1523429158297
7.8689802610748885,5.298854755510483,-0.007478082397593934,1523429158405
7.853885633126176,5.202818690260611,-0.008229359470639365,1523429158501
7.866267616868544,5.091882567246007,0.0012479274995452496,1523429158606
7.876996981700863,4.992082945115797,-0.003947717569980896,1523429158706
7.863504820568951,4.863665137095967,-0.01649698360859239,1523429158821
7.864938585126989,4.748987350509486,-0.026703243943376614,1523429158920
7.867785640831172,4.605273825505434,-0.021763344978796808,1523429159026
7.862385968155338,4.485252403474108,-7.525583478053945E-4,1523429159128
7.854974498298877,4.37727603194042,0.011671956213510908,1523429159237
7.841628592575773,4.26349001439014,0.017271285307942908,1523429159346
7.830448920885505,4.149161723545317,0.011354435509527588,1523429159445
7.838898681242953,4.04884453646598,-0.00103665345025514,1523429159550
7.792304222064632,3.9416985875078945,-0.005539603057288114,1523429159656
7.7509116319422295,3.8762957265452163,0.004784207931313843,1523429159756
7.687152891391793,3.8159866375600564,0.00374573069190467,1523429159860
7.635809843041412,3.7952985268479567,-0.011886365709632474,1523429159976
7.544894682347209,3.7519056909986053,-0.02672156863642883,1523429160076
7.50609450539864,3.7067093973573573,-0.035655420844449635,1523429160176
7.434463995058301,3.6553697826302027,-0.024787267142303514,1523429160289
7.364890985585095,3.619703741034893,-0.011391851212222335,1523429160398
7.291057873454957,3.598139050982589,-0.010762675410368317,1523429160491
7.232089836986286,3.556392301251117,-0.00601378082751715,1523429160602
7.168793540882777,3.52645341438079,-0.008170456574735497,1523429160711
7.0753359679430305,3.4818834711699993,-0.017657431833612916,1523429160810
6.975812071516791,3.455331859255855,-0.018166782268606577,1523429160920
6.856367254800648,3.442394850172713,-0.0031596204185018626,1523429161018
6.7442020809138254,3.4424072183737735,0.0068063803099073115,1523429161130
6.631953397932014,3.4358751789160467,0.004007060894882376,1523429161231
6.525388756473058,3.4455813566859788,-0.002626682216216579,1523429161347
6.390467039707806,3.4601601335413363,-0.013068981715304278,1523429161444
6.295788140722134,3.4691665673076466,-0.008890432781314454,1523429161545
6.166442960393325,3.4559633285494944,0.010109106211158998,1523429161651
6.085385715814607,3.4497523479934404,0.015889187843415392,1523429161757
5.999268879261742,3.427210536113019,0.017489850787649985,1523429161868
5.918669537877239,3.3983311416678443,0.011164075970585698,1523429161973
5.828778334373221,3.372822118306989,0.0023332293817263363,1523429162070
5.714645919606857,3.351951653166938,-6.847412057751043E-4,1523429162175
5.6241516632953665,3.355333486965958,0.004337417891648115,1523429162284
5.555319199365577,3.3548973781046305,0.011389084051807205,1523429162397
5.480099739164332,3.3605893340951964,0.017227881812140577,1523429162488
5.394460081553767,3.3490638069296703,0.016961740036863474,1523429162606
5.286768376562533,3.3740533852725445,0.011017809791392705,1523429162703
5.178040261817542,3.4003926306066448,0.003982856256407238,1523429162810
5.080468574748777,3.408240931309051,0.01498069284990207,1523429162915
4.993438635319236,3.4247996324708,0.02023907655513478,1523429163034
4.910117919511718,3.4080420075110784,0.016497432756041507,1523429163127
4.828628286844946,3.3815258263474095,0.01226226776494905,1523429163225
4.742052659828459,3.363179983833278,0.005246400651036442,1523429163332
4.6727671287274495,3.349479069461215,-0.002128661613429822,1523429163433
4.606320495526522,3.342017509513357,6.059289547082071E-4,1523429163551
4.568247386248376,3.322724747143681,0.004477401034483807,1523429163651
4.539827948584471,3.2967510511690103,0.03071386077165226,1523429163736
4.524082610278868,3.260502964554241,0.0579177061346497,1523429163842
4.506777077889836,3.2497641516174025,0.07634279356263868,1523429163940
4.501302075187061,3.2344084021229533,0.09546799974113031,1523429164044
4.521413711996147,3.2168919969930325,0.1170788047275601,1523429164152
4.5437651149419755,3.1992587924204634,0.13617364261424528,1523429164247
4.564436293026741,3.1884735100332517,0.15010450440562806,1523429164360
4.585607771553814,3.1721068036645206,0.1658636817355956,1523429164455
4.616761861148636,3.1553015155385644,0.18267288837589887,1523429164559
4.642938032711855,3.1366377405722154,0.2011412604053372,1523429164659
4.6680558720627,3.1169473737474545,0.22047417688727708,1523429164760
