1523437532978.0000
9.430622, 2.63181, 2.063542, 1523437532978.0000
9.428564, 2.631301, 2.064023, 1523437533061.1724
9.434645, 2.633607, 2.061391, 1523437533144.4829
9.429841, 2.635408, 2.058797, 1523437533227.7925
9.430049, 2.634174, 2.061359, 1523437533311.2415
9.431982, 2.633353, 2.064224, 1523437533394.6907
9.42945, 2.634858, 2.058753, 1523437533478.1387
9.430105, 2.633381, 2.061924, 1523437533561.5884
9.42732, 2.632195, 2.060021, 1523437533644.9453
9.422839, 2.62808, 2.062514, 1523437533728.3479
9.419758, 2.626945, 2.067885, 1523437533811.7048
9.416679, 2.629907, 2.059338, 1523437533895.0161
9.414186, 2.632816, 2.057579, 1523437533978.2336
9.409988, 2.633852, 2.049615, 1523437534061.4070
9.398257, 2.645374, 2.057971, 1523437534144.5801
9.386389, 2.657098, 2.051148, 1523437534227.6606
9.367184, 2.66805, 2.044279, 1523437534310.7410
9.346524, 2.687727, 2.029903, 1523437534394.0520
9.320179, 2.715174, 2.022041, 1523437534477.5017
9.293713, 2.726017, 2.027206, 1523437534560.8591
9.263534, 2.726638, 2.026024, 1523437534643.9851
9.220635, 2.724901, 2.031744, 1523437534727.0195
9.17358, 2.709113, 2.015308, 1523437534810.1003
9.105378, 2.700861, 1.993007, 1523437534893.3184
9.050756, 2.681933, 2.01139, 1523437534976.6746
8.976361, 2.645572, 2.016221, 1523437535060.2629
8.906801, 2.616271, 2.02852, 1523437535144.0801
8.840199, 2.609712, 2.022437, 1523437535228.1748
8.777261, 2.592181, 2.025567, 1523437535312.3154
8.72467, 2.586244, 2.024945, 1523437535396.1345
8.669964, 2.593352, 2.018735, 1523437535479.7222
8.618349, 2.615958, 1.999769, 1523437535563.3088
8.580912, 2.659764, 2.028125, 1523437535646.8044
8.537745, 2.704141, 2.032092, 1523437535730.0691
8.493681, 2.750088, 2.033073, 1523437535813.1038
8.456015, 2.812105, 2.036057, 1523437535896.0918
8.424046, 2.873557, 2.024975, 1523437535979.2637
8.404179, 2.942696, 2.033647, 1523437536062.9893
8.390732, 3.017058, 2.019088, 1523437536147.1755
8.367999, 3.077327, 2.007746, 1523437536231.3164
8.331186, 3.135857, 2.000338, 1523437536314.9958
8.282207, 3.179416, 1.995555, 1523437536398.1228
8.229122, 3.218535, 2.011597, 1523437536480.9722
8.187319, 3.284503, 2.01883, 1523437536564.0525
8.149162, 3.326856, 2.02567, 1523437536647.6399
8.140196, 3.403153, 2.011281, 1523437536731.0884
8.12108, 3.481839, 2.027523, 1523437536813.6621
8.102551, 3.566112, 2.016645, 1523437536895.6367
8.100891, 3.652321, 2.005086, 1523437536977.0581
8.097202, 3.74618, 2.006833, 1523437537058.2036
8.105626, 3.832295, 2.006296, 1523437537139.1648
8.112761, 3.926489, 2.015419, 1523437537220.5869
8.115102, 4.001305, 2.026967, 1523437537302.6541
8.111366, 4.09532, 2.029082, 1523437537385.2739
8.092511, 4.185985, 2.020576, 1523437537468.2620
8.065061, 4.276243, 2.011193, 1523437537551.5725
8.050834, 4.361649, 2.007318, 1523437537635.1145
8.045552, 4.442236, 2.036223, 1523437537719.2546
8.053761, 4.542831, 2.03815, 1523437537803.8101
8.06417, 4.634048, 2.044783, 1523437537888.2734
8.077572, 4.732408, 2.039789, 1523437537972.0457
8.084846, 4.815428, 2.026258, 1523437538055.2644
8.102298, 4.926304, 2.004222, 1523437538138.1145
8.123253, 5.045021, 2.006571, 1523437538220.7334
8.145555, 5.144988, 2.018031, 1523437538303.0771
8.157468, 5.244682, 2.025987, 1523437538385.4209
8.169966, 5.353918, 2.025599, 1523437538468.1335
8.177311, 5.463283, 2.016922, 1523437538551.3987
8.193347, 5.570178, 2.01576, 1523437538634.9404
8.191494, 5.690565, 2.00675, 1523437538718.5735
8.177773, 5.835468, 2.00327, 1523437538802.1147
8.164146, 5.974669, 2.018564, 1523437538886.0244
8.179982, 6.085165, 2.065702, 1523437538970.5796
8.205136, 6.180552, 2.114167, 1523437539055.4119
8.212188, 6.248565, 2.167855, 1523437539140.0593
8.232745, 6.317719, 2.186294, 1523437539224.3850
8.264366, 6.392364, 2.184392, 1523437539308.6174
8.290994, 6.484627, 2.173961, 1523437539392.3896
8.305592, 6.596952, 2.185785, 1523437539475.5168
8.32695, 6.709745, 2.220966, 1523437539558.2751
8.356565, 6.789729, 2.250721, 1523437539640.5720
8.365098, 6.867577, 2.312546, 1523437539722.6851
8.35206, 6.923379, 2.344273, 1523437539804.8440
8.343561, 6.985355, 2.376109, 1523437539887.2327
8.326485, 7.047973, 2.386014, 1523437539969.8982
8.307466, 7.108737, 2.389758, 1523437540052.7488
8.292955, 7.171906, 2.403913, 1523437540135.9678
8.282679, 7.252633, 2.452824, 1523437540219.7859
8.270894, 7.298354, 2.495919, 1523437540304.2954
8.284047, 7.352433, 2.536887, 1523437540389.2646
8.302867, 7.40442, 2.568944, 1523437540474.0042
8.314789, 7.459616, 2.573565, 1523437540558.1904
8.322347, 7.520826, 2.575809, 1523437540641.9165
8.325562, 7.582695, 2.586959, 1523437540725.1353
8.331447, 7.634488, 2.623688, 1523437540808.0776
8.339278, 7.671319, 2.665305, 1523437540890.6978
8.339771, 7.716709, 2.723489, 1523437540973.2253
8.337815, 7.756245, 2.756496, 1523437541055.8911
8.327138, 7.805055, 2.767636, 1523437541138.6028
8.311333, 7.859016, 2.758678, 1523437541221.4070
8.309407, 7.929076, 2.763456, 1523437541304.5798
8.302362, 7.992982, 2.793997, 1523437541388.2131
8.289014, 8.050247, 2.843328, 1523437541472.3074
8.288919, 8.090038, 2.897218, 1523437541557.0012
8.296672, 8.125401, 2.93868, 1523437541641.7871
8.303296, 8.169118, 2.960206, 1523437541726.1121
8.305677, 8.224669, 2.958597, 1523437541809.8374
8.31595, 8.289626, 2.959193, 1523437541893.1021
8.330379, 8.346968, 2.965175, 1523437541976.0439
8.343741, 8.400749, 3.01471, 1523437542058.6177
8.352093, 8.447221, 3.063639, 1523437542140.8230
8.356651, 8.492081, 3.103024, 1523437542222.9822
8.365114, 8.532583, 3.130483, 1523437542305.4177
8.36994, 8.589259, 3.12874, 1523437542387.9917
8.367983, 8.6584, 3.120672, 1523437542470.7500
8.361323, 8.726113, 3.120919, 1523437542553.7844
8.356103, 8.790728, 3.156481, 1523437542637.2798
8.355023, 8.844748, 3.207431, 1523437542721.5591
8.373349, 8.895067, 3.258615, 1523437542806.3445
8.382827, 8.938136, 3.30112, 1523437542890.9460
8.384077, 8.979382, 3.313217, 1523437542974.9026
8.386118, 9.037552, 3.304727, 1523437543058.3052
8.394157, 9.099808, 3.31583, 1523437543141.2476
8.405964, 9.163069, 3.340293, 1523437543223.8210
8.424649, 9.2127, 3.391589, 1523437543306.0723
8.438777, 9.247659, 3.446342, 1523437543388.1846
8.453432, 9.289718, 3.487874, 1523437543470.3896
8.449933, 9.330479, 3.501626, 1523437543552.7329
8.437992, 9.393453, 3.498744, 1523437543635.2603
8.432384, 9.460342, 3.496307, 1523437543718.1560
8.424497, 9.525947, 3.510941, 1523437543801.4673
8.407984, 9.591781, 3.553075, 1523437543885.1462
8.406896, 9.639216, 3.601875, 1523437543969.6091
8.422464, 9.675323, 3.65729, 1523437544054.4871
8.432019, 9.715031, 3.686866, 1523437544139.0874
8.440916, 9.761368, 3.686391, 1523437544223.0894
8.451113, 9.813902, 3.682588, 1523437544306.6768
8.465609, 9.879883, 3.701087, 1523437544389.6648
8.479632, 9.929559, 3.738305, 1523437544472.0535
8.4915, 9.98038, 3.779739, 1523437544554.0740
8.502406, 10.027603, 3.828044, 1523437544636.1868
8.496053, 10.063936, 3.862449, 1523437544718.4834
8.477839, 10.104024, 3.861147, 1523437544800.8733
8.465747, 10.16332, 3.86129, 1523437544883.6313
8.464859, 10.224879, 3.87454, 1523437544966.8501
8.45296, 10.268428, 3.923198, 1523437545050.4377
8.439213, 10.307165, 3.978619, 1523437545134.4866
8.435973, 10.33997, 4.027163, 1523437545219.0874
8.438602, 10.377069, 4.072249, 1523437545303.5962
8.441488, 10.414918, 4.097095, 1523437545387.7822
8.448347, 10.4621, 4.104239, 1523437545471.6460
8.462201, 10.510572, 4.115047, 1523437545555.1873
8.473461, 10.558218, 4.145211, 1523437545638.2676
8.478478, 10.59843, 4.18446, 1523437545720.8872
8.477948, 10.644631, 4.218445, 1523437545803.1843
8.477518, 10.686343, 4.259704, 1523437545885.6196
8.475896, 10.733196, 4.268495, 1523437545968.2388
8.466456, 10.798091, 4.266794, 1523437546050.9509
8.459709, 10.868105, 4.267823, 1523437546133.9397
8.453014, 10.937543, 4.286425, 1523437546217.3887
8.44553, 11.001578, 4.323381, 1523437546301.2532
8.437326, 11.055463, 4.361756, 1523437546385.4399
8.430933, 11.10915, 4.420344, 1523437546469.6729
8.436482, 11.147401, 4.449017, 1523437546553.7212
8.450765, 11.193119, 4.453586, 1523437546637.5852
8.453748, 11.252731, 4.456241, 1523437546721.1267
8.459833, 11.319968, 4.464118, 1523437546804.2991
8.459922, 11.37638, 4.49615, 1523437546886.9189
8.456662, 11.435153, 4.545224, 1523437546968.9861
8.452988, 11.477079, 4.594093, 1523437547050.9148
8.450109, 11.510611, 4.628901, 1523437547133.2124
8.447495, 11.563065, 4.636617, 1523437547215.7400
8.436588, 11.630253, 4.622305, 1523437547298.5444
8.442187, 11.70808, 4.623922, 1523437547381.8093
8.436757, 11.770765, 4.650187, 1523437547465.3508
8.419493, 11.837363, 4.68881, 1523437547549.2615
8.417765, 11.894723, 4.735139, 1523437547633.7708
8.428529, 11.932568, 4.789457, 1523437547718.6023
8.433883, 11.976687, 4.816136, 1523437547802.8811
8.433317, 12.030193, 4.808506, 1523437547886.6990
8.440477, 12.096744, 4.810915, 1523437547970.2864
8.455783, 12.165294, 4.822301, 1523437548053.5974
8.46993, 12.22603, 4.859739, 1523437548136.5857
8.473704, 12.270766, 4.912225, 1523437548219.2056
8.47631, 12.305389, 4.967288, 1523437548301.5955
8.461899, 12.345852, 4.991485, 1523437548384.1697
8.4554, 12.403925, 4.995398, 1523437548466.9275
8.46033, 12.472087, 4.986353, 1523437548550.0540
8.447286, 12.54404, 5.002995, 1523437548633.3647
8.413595, 12.61381, 5.028053, 1523437548716.7219
8.384973, 12.674603, 5.066098, 1523437548800.5857
8.377971, 12.720362, 5.120403, 1523437548884.8184
8.361291, 12.764051, 5.156372, 1523437548968.5903
8.333255, 12.805736, 5.175272, 1523437549051.7170
8.312123, 12.854829, 5.179326, 1523437549134.7974
8.297706, 12.913528, 5.181222, 1523437549217.9243
8.273162, 12.964444, 5.214242, 1523437549300.8665
8.235624, 13.009545, 5.249082, 1523437549383.3479
8.203673, 13.044197, 5.293224, 1523437549465.6445
8.170863, 13.067335, 5.324914, 1523437549548.2180
8.140338, 13.085692, 5.358497, 1523437549631.2063
8.091096, 13.099778, 5.370441, 1523437549714.3328
8.039207, 13.109584, 5.36252, 1523437549797.6899
7.998212, 13.136859, 5.362003, 1523437549881.4614
7.939775, 13.170981, 5.358055, 1523437549965.6018
7.859383, 13.194867, 5.358228, 1523437550049.7417
7.775022, 13.221941, 5.369158, 1523437550134.0200
7.707839, 13.254164, 5.384211, 1523437550218.7595
7.651672, 13.29888, 5.399865, 1523437550303.5447
7.584248, 13.332028, 5.390985, 1523437550387.5005
7.514149, 13.360312, 5.382482, 1523437550470.7656
7.438694, 13.397136, 5.375894, 1523437550553.8459
7.374491, 13.438248, 5.378547, 1523437550636.8804
7.306283, 13.467357, 5.385172, 1523437550719.8228
7.234563, 13.494942, 5.403119, 1523437550802.6731
7.159232, 13.532418, 5.395241, 1523437550885.7534
7.081673, 13.566721, 5.403049, 1523437550968.8799
6.990705, 13.594085, 5.392063, 1523437551052.0984
6.898759, 13.613081, 5.383456, 1523437551135.4092
6.795829, 13.630165, 5.369716, 1523437551218.7202
6.689837, 13.642136, 5.376639, 1523437551301.9390
6.590455, 13.644332, 5.40573, 1523437551385.4343
6.51829, 13.661126, 5.447598, 1523437551469.3440
6.453928, 13.692198, 5.496278, 1523437551553.6223
6.402528, 13.721678, 5.536945, 1523437551637.6709
6.348947, 13.740434, 5.557405, 1523437551721.3044
6.295865, 13.764139, 5.558583, 1523437551804.5688
6.225095, 13.790173, 5.563999, 1523437551887.4189
6.172151, 13.821409, 5.58883, 1523437551970.0842
6.125347, 13.855393, 5.633249, 1523437552052.5657
6.082131, 13.878961, 5.681489, 1523437552134.8167
6.040244, 13.887105, 5.716511, 1523437552217.0217
5.98349, 13.887404, 5.724944, 1523437552299.3188
5.925245, 13.890243, 5.723452, 1523437552381.7083
5.858925, 13.897914, 5.714202, 1523437552464.3743
5.792379, 13.896644, 5.741171, 1523437552547.4087
5.728166, 13.892017, 5.785575, 1523437552630.9033
5.674317, 13.902849, 5.834849, 1523437552715.1355
5.631871, 13.914989, 5.894068, 1523437552799.6440
5.590427, 13.924984, 5.916034, 1523437552883.5537
5.543521, 13.929066, 5.913455, 1523437552966.9568
5.484834, 13.954382, 5.909852, 1523437553050.0830
5.428892, 13.976019, 5.92892, 1523437553132.8870
5.373982, 13.989394, 5.97273, 1523437553215.4146
5.330154, 13.996148, 6.021225, 1523437553297.4812
5.302125, 13.994101, 6.063344, 1523437553379.5945
5.264361, 13.996184, 6.077786, 1523437553461.8916
5.221537, 13.999183, 6.071678, 1523437553544.5110
5.162344, 14.001323, 6.070182, 1523437553627.4993
5.108739, 14.003343, 6.078436, 1523437553710.7178
5.034199, 13.981577, 6.116809, 1523437553794.3511
4.998662, 13.997552, 6.150904, 1523437553878.5840
4.948182, 14.029057, 6.202797, 1523437553963.5540
4.905376, 14.053871, 6.247716, 1523437554048.3848
4.866511, 14.06705, 6.254185, 1523437554132.6633
4.81898, 14.072603, 6.250424, 1523437554216.3428
4.757104, 14.078432, 6.257697, 1523437554299.4233
4.698433, 14.087338, 6.26913, 1523437554382.0891
4.643516, 14.09757, 6.323548, 1523437554464.3403
4.602011, 14.102728, 6.377606, 1523437554546.4070
4.56587, 14.101232, 6.420217, 1523437554628.5662
4.516647, 14.091055, 6.427331, 1523437554710.9092
4.466241, 14.07514, 6.429111, 1523437554793.4370
4.407883, 14.068799, 6.434414, 1523437554876.4250
4.353379, 14.062473, 6.442402, 1523437554959.7358
4.29472, 14.044006, 6.472968, 1523437555043.3691
4.242443, 14.038144, 6.507936, 1523437555127.6938
4.185995, 14.053493, 6.56259, 1523437555212.6174
4.139942, 14.061984, 6.59802, 1523437555297.3567
4.096728, 14.055567, 6.61474, 1523437555381.4048
4.048361, 14.05809, 6.603552, 1523437555464.9460
3.98384, 14.05982, 6.607606, 1523437555548.0725
3.917437, 14.068433, 6.620008, 1523437555630.7842
3.86447, 14.073221, 6.663682, 1523437555713.0356
3.821929, 14.0671, 6.72663, 1523437555795.0564
3.79626, 14.07202, 6.764614, 1523437555877.2153
3.767366, 14.070504, 6.781977, 1523437555959.5581
3.720679, 14.060071, 6.774701, 1523437556042.2239
3.66446, 14.05298, 6.773073, 1523437556125.2122
3.611829, 14.039327, 6.784131, 1523437556208.2930
3.555953, 14.01454, 6.798147, 1523437556291.6040
3.498628, 13.993311, 6.844988, 1523437556375.3755
3.452622, 13.990704, 6.891156, 1523437556459.7004
3.406477, 13.990725, 6.94095, 1523437556544.0713
3.384668, 13.97405, 6.97837, 1523437556627.8430
3.354015, 13.970583, 6.978908, 1523437556711.4763
3.304161, 13.967305, 6.978093, 1523437556795.1555
3.243762, 13.955781, 6.966584, 1523437556878.3745
3.183027, 13.932397, 6.961473, 1523437556961.1326
3.116646, 13.921217, 6.962452, 1523437557043.8442
3.038602, 13.908229, 6.972723, 1523437557126.5562
2.97678, 13.886147, 6.962999, 1523437557209.0376
2.918405, 13.858496, 6.969889, 1523437557291.5190
2.846265, 13.822085, 6.965786, 1523437557374.2771
2.77721, 13.79356, 6.954115, 1523437557457.4497
2.698106, 13.748656, 6.945168, 1523437557540.8992
2.630787, 13.696374, 6.943617, 1523437557624.3481
2.568348, 13.63432, 6.970887, 1523437557707.8438
2.505054, 13.596683, 7.013509, 1523437557792.0300
2.446654, 13.579572, 7.063694, 1523437557876.7234
2.399251, 13.5644, 7.098064, 1523437557961.2324
2.365667, 13.542929, 7.11463, 1523437558045.3267
2.325589, 13.520309, 7.123865, 1523437558129.0525
2.270034, 13.48852, 7.123768, 1523437558212.5015
2.218947, 13.452519, 7.135983, 1523437558295.5359
2.176683, 13.421647, 7.176544, 1523437558378.0635
2.129219, 13.391334, 7.229458, 1523437558460.2690
2.104674, 13.370689, 7.269093, 1523437558542.5659
2.071934, 13.346426, 7.30352, 1523437558625.1858
2.05302, 13.3033, 7.316397, 1523437558707.8977
2.031001, 13.247242, 7.306085, 1523437558790.7478
1.994934, 13.193843, 7.302581, 1523437558873.9668
1.950758, 13.140471, 7.321444, 1523437558957.6006
1.923578, 13.088469, 7.347074, 1523437559041.5566
1.897908, 13.051178, 7.397737, 1523437559126.0193
1.862643, 13.032677, 7.449425, 1523437559210.7585
1.84287, 13.015551, 7.476841, 1523437559294.9912
1.821389, 12.979468, 7.489537, 1523437559378.4404
1.790094, 12.939154, 7.478727, 1523437559461.5671
1.753338, 12.88705, 7.479965, 1523437559544.4172
1.721436, 12.823611, 7.47712, 1523437559626.8987
1.693803, 12.779137, 7.499148, 1523437559709.0115
1.664651, 12.742626, 7.538399, 1523437559791.2163
1.640426, 12.709662, 7.575011, 1523437559873.6057
1.612806, 12.677608, 7.612192, 1523437559956.3174
1.602575, 12.647875, 7.638885, 1523437560039.3062
1.596652, 12.605971, 7.642678, 1523437560122.3865
1.588228, 12.550676, 7.637771, 1523437560205.4668
1.567331, 12.503515, 7.639994, 1523437560288.8240
1.557562, 12.439834, 7.630322, 1523437560372.3191
1.553704, 12.37285, 7.632321, 1523437560455.9526
1.540475, 12.298008, 7.64409, 1523437560539.9551
1.531767, 12.239584, 7.650525, 1523437560624.1416
1.512448, 12.168062, 7.652793, 1523437560708.4199
1.499392, 12.09559, 7.65107, 1523437560792.1919
1.485775, 12.013969, 7.646977, 1523437560875.3645
1.470316, 11.934304, 7.635438, 1523437560958.3069
1.435964, 11.842905, 7.638986, 1523437561041.1111
1.415086, 11.763412, 7.649529, 1523437561123.7310
1.386516, 11.68821, 7.696161, 1523437561206.1199
1.368629, 11.627456, 7.735986, 1523437561288.4170
1.361628, 11.589305, 7.781049, 1523437561370.8066
1.35839, 11.548429, 7.815386, 1523437561453.4265
1.352343, 11.491793, 7.810833, 1523437561536.5073
1.343967, 11.42445, 7.801915, 1523437561620.0945
1.335586, 11.346547, 7.801719, 1523437561703.9126
1.346637, 11.274611, 7.82053, 1523437561787.7302
1.356082, 11.205555, 7.866434, 1523437561871.8706
1.339327, 11.161468, 7.917485, 1523437561956.5181
1.32096, 11.119925, 7.950102, 1523437562041.3496
1.314266, 11.093063, 7.977918, 1523437562125.6282
1.306529, 11.052271, 7.980565, 1523437562209.3535
1.289224, 11.004905, 7.978497, 1523437562292.8489
1.272275, 10.956632, 7.968544, 1523437562376.0212
1.257995, 10.90538, 8.008116, 1523437562458.6411
1.245303, 10.853527, 8.058955, 1523437562540.8462
1.237764, 10.810226, 8.10522, 1523437562622.8667
1.227835, 10.775633, 8.144404, 1523437562705.0259
1.231042, 10.734354, 8.167237, 1523437562787.3232
1.248759, 10.677536, 8.177208, 1523437562869.5745
1.254755, 10.618119, 8.166107, 1523437562952.1479
1.246474, 10.546638, 8.177614, 1523437563035.4131
1.254306, 10.488529, 8.221493, 1523437563119.1387
1.279282, 10.427037, 8.25359, 1523437563202.9565
1.275636, 10.386521, 8.301072, 1523437563287.3271
1.255476, 10.354674, 8.346766, 1523437563371.7439
1.245308, 10.322758, 8.366179, 1523437563455.8843
1.244001, 10.286792, 8.366488, 1523437563539.5640
1.237627, 10.232348, 8.370261, 1523437563623.0129
1.234474, 10.163158, 8.377964, 1523437563706.1396
1.236088, 10.106148, 8.415027, 1523437563788.8975
1.241275, 10.053271, 8.463619, 1523437563871.2869
1.240721, 10.005165, 8.516324, 1523437563953.7222
1.243107, 9.960247, 8.553433, 1523437564036.5264
1.250816, 9.917448, 8.565863, 1523437564119.3303
1.274702, 9.867358, 8.562576, 1523437564202.0884
1.286145, 9.802731, 8.550182, 1523437564285.0308
1.29916, 9.739728, 8.565508, 1523437564368.3418
1.327139, 9.685072, 8.599506, 1523437564451.7908
1.367868, 9.626133, 8.643797, 1523437564535.5627
1.384915, 9.581845, 8.688574, 1523437564619.7490
1.40101, 9.549559, 8.727221, 1523437564703.6128
1.429106, 9.51477, 8.748182, 1523437564786.8774
1.444232, 9.459764, 8.746762, 1523437564870.2344
1.443634, 9.398948, 8.742901, 1523437564953.7754
1.460896, 9.328679, 8.745393, 1523437565037.2246
1.480215, 9.266891, 8.786799, 1523437565120.2595
1.500497, 9.222325, 8.841654, 1523437565202.9712
1.513556, 9.188385, 8.886608, 1523437565285.7292
1.52836, 9.151687, 8.921369, 1523437565368.7173
1.561562, 9.123438, 8.937133, 1523437565451.6597
1.611003, 9.080009, 8.933087, 1523437565534.5100
1.651373, 9.029362, 8.924349, 1523437565617.5906
1.687341, 8.97672, 8.920303, 1523437565700.9937
1.748875, 8.916782, 8.920293, 1523437565784.4429
1.825538, 8.861855, 8.93796, 1523437565867.8918
1.881578, 8.791489, 8.936371, 1523437565951.8479
1.909987, 8.722519, 8.935125, 1523437566036.0803
1.943385, 8.654632, 8.933758, 1523437566120.1284
1.976687, 8.572597, 8.92438, 1523437566203.9460
2.016096, 8.485545, 8.920335, 1523437566287.4414
2.052605, 8.397246, 8.924073, 1523437566370.6604
2.082647, 8.306051, 8.945415, 1523437566453.6946
2.112942, 8.247046, 8.987097, 1523437566536.3604
2.152541, 8.190002, 9.030703, 1523437566618.6575
2.183517, 8.152764, 9.075131, 1523437566701.0005
2.213973, 8.117634, 9.096377, 1523437566783.6201
2.249296, 8.088038, 9.096454, 1523437566866.4700
2.281531, 8.04736, 9.102071, 1523437566949.5964
2.322511, 8.012031, 9.122959, 1523437567032.8611
2.363483, 7.985266, 9.157248, 1523437567116.3101
2.388658, 7.959962, 9.200583, 1523437567200.4043
2.393887, 7.920281, 9.253784, 1523437567284.8672
2.399335, 7.892888, 9.289825, 1523437567369.0073
2.41245, 7.864786, 9.305386, 1523437567452.9175
2.404172, 7.829707, 9.31049, 1523437567536.7812
2.410789, 7.791694, 9.324819, 1523437567620.2766
2.438204, 7.764018, 9.349671, 1523437567703.0806
2.463977, 7.725498, 9.378755, 1523437567785.4236
2.491258, 7.692246, 9.415503, 1523437567867.5828
2.519324, 7.664559, 9.448295, 1523437567949.6956
2.548474, 7.640175, 9.475566, 1523437568032.0386
2.592604, 7.616965, 9.480303, 1523437568114.4280
2.643238, 7.589014, 9.464576, 1523437568197.1394
2.675399, 7.552551, 9.472873, 1523437568280.4502
2.713913, 7.527465, 9.489724, 1523437568364.0378
2.771054, 7.513501, 9.521199, 1523437568447.6711
2.8277, 7.513808, 9.570077, 1523437568531.4431
2.871598, 7.498255, 9.606779, 1523437568615.6292
2.894059, 7.481724, 9.648228, 1523437568699.9539
2.910545, 7.471041, 9.676641, 1523437568784.0479
2.931098, 7.452888, 9.687097, 1523437568867.8657
2.943878, 7.432866, 9.690441, 1523437568951.7295
2.96858, 7.402075, 9.68591, 1523437569035.6392
3.006087, 7.357719, 9.683998, 1523437569119.1804
3.041739, 7.319492, 9.677279, 1523437569202.3069
3.082406, 7.279354, 9.694343, 1523437569285.0649
3.132061, 7.24077, 9.69262, 1523437569367.5459
3.187457, 7.186859, 9.690057, 1523437569450.2581
3.227401, 7.135673, 9.693398, 1523437569533.2461
3.273614, 7.091177, 9.697535, 1523437569616.2346
3.330352, 7.055564, 9.690707, 1523437569699.2229
3.396224, 7.01925, 9.68374, 1523437569782.2573
3.45924, 6.994791, 9.67687, 1523437569865.2917
3.52888, 6.980884, 9.683515, 1523437569948.4641
3.586053, 6.950984, 9.694932, 1523437570032.0054
3.643406, 6.904853, 9.688913, 1523437570115.7310
3.699262, 6.864542, 9.698868, 1523437570199.2258
3.751499, 6.82976, 9.696546, 1523437570282.3064
3.809639, 6.789416, 9.692293, 1523437570365.2026
3.874522, 6.733507, 9.673882, 1523437570448.0522
3.92483, 6.684902, 9.677502, 1523437570530.8103
3.966548, 6.652719, 9.683825, 1523437570613.3376
4.027751, 6.619694, 9.681926, 1523437570695.6807
4.09643, 6.573233, 9.673736, 1523437570778.3464
4.141952, 6.542968, 9.695652, 1523437570861.4729
4.200995, 6.523972, 9.69357, 1523437570944.6919
4.267815, 6.514209, 9.67777, 1523437571028.0027
4.332107, 6.491179, 9.671274, 1523437571111.5901
4.392775, 6.477234, 9.6765, 1523437571195.4077
4.464971, 6.473684, 9.671635, 1523437571279.2256
4.532639, 6.462035, 9.684182, 1523437571363.2278
4.597168, 6.427645, 9.683036, 1523437571447.5061
4.657049, 6.407823, 9.69249, 1523437571531.5081
4.726663, 6.389744, 9.698777, 1523437571614.8186
4.799934, 6.375627, 9.685702, 1523437571697.8530
4.86516, 6.342514, 9.676808, 1523437571780.9336
4.941203, 6.318547, 9.676289, 1523437571863.8757
5.014293, 6.292286, 9.682981, 1523437571946.5415
5.106343, 6.278559, 9.693087, 1523437572029.0691
5.190528, 6.279556, 9.68896, 1523437572111.5505
5.257703, 6.279588, 9.697929, 1523437572194.4004
5.346605, 6.280274, 9.697348, 1523437572277.5728
5.427408, 6.283258, 9.679224, 1523437572361.1140
5.502184, 6.292645, 9.670304, 1523437572444.9316
5.582363, 6.304276, 9.688965, 1523437572528.9338
5.653862, 6.306653, 9.691008, 1523437572613.1201
5.737058, 6.295695, 9.691228, 1523437572697.5828
5.807874, 6.28336, 9.708149, 1523437572781.7693
5.883085, 6.283222, 9.6947, 1523437572865.2180
5.973867, 6.280963, 9.680329, 1523437572948.1604
6.063732, 6.280935, 9.677675, 1523437573030.9182
6.144957, 6.263999, 9.680616, 1523437573113.7681
6.228877, 6.238341, 9.702217, 1523437573196.6641
6.311638, 6.241546, 9.704944, 1523437573279.1455
6.390616, 6.268816, 9.709627, 1523437573361.5349
6.451645, 6.289017, 9.717482, 1523437573444.1084
6.524722, 6.300249, 9.709283, 1523437573527.0505
6.595547, 6.319845, 9.696964, 1523437573610.1775
6.677666, 6.345067, 9.693277, 1523437573693.5339
6.755155, 6.376238, 9.690672, 1523437573777.0291
6.833672, 6.395082, 9.705266, 1523437573860.8464
6.928742, 6.407678, 9.686151, 1523437573944.8025
7.0281, 6.412909, 9.689253, 1523437574028.7583
7.115377, 6.420132, 9.68273, 1523437574112.2993
7.205205, 6.43369, 9.674844, 1523437574195.5637
7.302449, 6.427653, 9.664681, 1523437574278.5984
7.399583, 6.418123, 9.658508, 1523437574361.5405
7.485134, 6.416801, 9.671889, 1523437574444.2981
7.568592, 6.421927, 9.687918, 1523437574526.8257
7.644224, 6.433352, 9.69948, 1523437574609.4453
7.718858, 6.439454, 9.709202, 1523437574692.5254
7.79998, 6.442041, 9.710244, 1523437574775.7903
7.872941, 6.46945, 9.684595, 1523437574859.1011
7.953022, 6.489941, 9.684033, 1523437574942.5037
8.038432, 6.525447, 9.691021, 1523437575025.9988
8.130733, 6.548437, 9.696366, 1523437575109.9546
8.231504, 6.546271, 9.699461, 1523437575194.3247
8.337135, 6.549486, 9.698791, 1523437575278.5574
8.438112, 6.565277, 9.694139, 1523437575362.1907
8.541462, 6.580119, 9.675846, 1523437575445.3633
8.642921, 6.586804, 9.659593, 1523437575528.3516
8.743936, 6.578337, 9.674022, 1523437575611.2478
8.828797, 6.587444, 9.679671, 1523437575693.8210
8.910375, 6.611196, 9.690243, 1523437575776.2563
8.981032, 6.62594, 9.701995, 1523437575858.9680
9.059543, 6.632755, 9.694798, 1523437575941.9099
9.142474, 6.65189, 9.6844, 1523437576024.9443
9.222215, 6.662274, 9.681211, 1523437576108.2551
9.31234, 6.670791, 9.680835, 1523437576191.7043
9.39225, 6.682688, 9.697645, 1523437576275.4758
9.479123, 6.673468, 9.697308, 1523437576359.6621
9.569142, 6.666393, 9.700671, 1523437576443.8481
9.661542, 6.6593, 9.713342, 1523437576527.6658
9.754519, 6.663346, 9.679852, 1523437576610.9766
9.848692, 6.659215, 9.673326, 1523437576693.8262
9.940037, 6.648964, 9.667968, 1523437576776.4922
10.020073, 6.633903, 9.682786, 1523437576859.0195
10.093826, 6.631755, 9.700739, 1523437576941.4084
10.171942, 6.632475, 9.701477, 1523437577024.0740
10.249571, 6.618287, 9.703394, 1523437577107.3386
10.334068, 6.606666, 9.699483, 1523437577190.9719
10.428382, 6.600249, 9.691737, 1523437577274.6511
10.51659, 6.60049, 9.694132, 1523437577358.2385
10.609591, 6.594129, 9.699838, 1523437577441.7334
10.697516, 6.583289, 9.703953, 1523437577525.3667
10.776672, 6.542815, 9.700761, 1523437577609.3223
10.859484, 6.490692, 9.701344, 1523437577693.2319
10.942991, 6.4608, 9.69816, 1523437577776.5430
11.028282, 6.427789, 9.688148, 1523437577859.4387
11.103689, 6.388158, 9.683654, 1523437577942.1042
11.180496, 6.340797, 9.693614, 1523437578024.5396
11.252817, 6.293439, 9.697334, 1523437578106.8364
11.315435, 6.261128, 9.708386, 1523437578189.4099
11.375062, 6.227798, 9.720372, 1523437578272.6743
11.438766, 6.187385, 9.709522, 1523437578356.2615
11.495868, 6.145931, 9.697022, 1523437578439.9866
11.560846, 6.087501, 9.691004, 1523437578523.8965
11.630493, 6.037916, 9.69504, 1523437578607.7603
11.702341, 5.987486, 9.706546, 1523437578691.4854
11.75275, 5.916213, 9.698702, 1523437578775.5793
11.797148, 5.83199, 9.700166, 1523437578859.7195
11.842657, 5.755392, 9.698902, 1523437578943.4448
11.889454, 5.682075, 9.692333, 1523437579026.4788
11.936228, 5.605965, 9.671394, 1523437579109.1443
11.966272, 5.523739, 9.675943, 1523437579191.3948
11.993285, 5.457667, 9.69478, 1523437579273.3691
12.021065, 5.391449, 9.693783, 1523437579355.2512
12.03461, 5.328165, 9.703581, 1523437579437.5481
12.059855, 5.261767, 9.702159, 1523437579520.4900
12.080997, 5.181083, 9.695661, 1523437579603.6624
12.110056, 5.103511, 9.686389, 1523437579686.8811
12.151956, 5.024821, 9.676272, 1523437579769.9609
12.200807, 4.944679, 9.690687, 1523437579852.9492
12.226684, 4.849981, 9.68734, 1523437579936.2600
12.231783, 4.748687, 9.687178, 1523437580020.0774
12.233704, 4.637168, 9.679641, 1523437580103.7566
12.250471, 4.534278, 9.674203, 1523437580187.0208
12.246527, 4.434984, 9.652126, 1523437580270.0090
12.23112, 4.328145, 9.621231, 1523437580352.7207
12.218205, 4.277329, 9.651416, 1523437580435.1555
12.203902, 4.200388, 9.663463, 1523437580517.4983
12.174931, 4.134886, 9.675778, 1523437580600.2100
12.166423, 4.06947, 9.674583, 1523437580683.4746
12.142229, 3.992762, 9.679667, 1523437580767.2458
12.135856, 3.909851, 9.669372, 1523437580851.2019
12.11587, 3.814919, 9.651107, 1523437580934.9731
12.107002, 3.725486, 9.649226, 1523437581018.5603
12.096891, 3.624832, 9.665244, 1523437581102.1936
12.066202, 3.533919, 9.659536, 1523437581186.2415
12.008672, 3.451719, 9.665771, 1523437581270.2893
11.962496, 3.362482, 9.660685, 1523437581353.8765
11.921742, 3.283495, 9.655727, 1523437581437.0488
11.87862, 3.211391, 9.644219, 1523437581519.9448
11.818518, 3.153136, 9.645306, 1523437581602.7485
11.761068, 3.092647, 9.665501, 1523437581685.5061
11.715055, 3.042304, 9.675866, 1523437581768.3560
11.666748, 2.979188, 9.686568, 1523437581851.4360
11.616059, 2.914714, 9.678455, 1523437581934.7930
11.559001, 2.846128, 9.668971, 1523437582018.2417
11.49379, 2.767814, 9.654974, 1523437582101.5984
11.429178, 2.686578, 9.658543, 1523437582184.8167
11.389162, 2.630379, 9.663825, 1523437582268.2659
11.318945, 2.592271, 9.665877, 1523437582352.4058
11.236571, 2.554852, 9.670863, 1523437582436.7764
11.162594, 2.50153, 9.660171, 1523437582520.6401
11.086879, 2.448155, 9.665955, 1523437582603.6743
11.022807, 2.404816, 9.653568, 1523437582686.3857
10.940392, 2.385478, 9.643064, 1523437582769.0513
10.859521, 2.364719, 9.64799, 1523437582851.5325
10.7925, 2.333116, 9.666085, 1523437582933.6450
10.724765, 2.290219, 9.673791, 1523437583015.8035
10.64916, 2.255267, 9.674424, 1523437583098.4692
10.549335, 2.220146, 9.665179, 1523437583181.4109
10.466753, 2.184183, 9.652845, 1523437583264.4451
10.386311, 2.148055, 9.644363, 1523437583347.7556
10.305813, 2.104475, 9.652735, 1523437583431.3887
10.212202, 2.04586, 9.658979, 1523437583515.0676
10.113168, 2.010739, 9.654037, 1523437583599.0693
10.013584, 1.984027, 9.657966, 1523437583683.1174
9.920993, 1.961861, 9.651932, 1523437583766.7964
9.835587, 1.931758, 9.658356, 1523437583850.0146
9.756411, 1.919006, 9.655519, 1523437583933.1411
9.670651, 1.917153, 9.658659, 1523437584016.2671
9.590232, 1.908954, 9.669572, 1523437584099.2549
9.496019, 1.899364, 9.68483, 1523437584182.2429
9.418604, 1.890222, 9.703336, 1523437584265.5532
9.349533, 1.862193, 9.695365, 1523437584348.9558
9.25729, 1.839047, 9.679277, 1523437584432.4045
9.168839, 1.818021, 9.662078, 1523437584516.0835
9.071161, 1.803399, 9.646442, 1523437584599.9929
8.986468, 1.780666, 9.673629, 1523437584684.0408
8.88121, 1.763885, 9.666364, 1523437584768.4568
8.784355, 1.764562, 9.694823, 1523437584852.9194
8.687277, 1.764412, 9.681589, 1523437584936.9209
8.588227, 1.748929, 9.679759, 1523437585020.3696
8.490253, 1.754412, 9.661151, 1523437585103.5422
8.406514, 1.757689, 9.646961, 1523437585186.6221
8.313428, 1.760162, 9.629736, 1523437585269.4719
8.221146, 1.75514, 9.653912, 1523437585351.9529
8.133071, 1.744924, 9.659129, 1523437585434.5723
8.045154, 1.74111, 9.665676, 1523437585517.6062
7.967078, 1.72968, 9.650086, 1523437585600.8245
7.877814, 1.728168, 9.627877, 1523437585684.1350
7.783852, 1.724006, 9.645003, 1523437585767.4453
7.710849, 1.704058, 9.643647, 1523437585850.8938
7.617546, 1.691071, 9.65425, 1523437585934.4807
7.508591, 1.686009, 9.651828, 1523437586018.1135
7.423373, 1.681501, 9.661421, 1523437586101.6079
7.328132, 1.670036, 9.656724, 1523437586184.6418
7.226393, 1.663028, 9.64611, 1523437586267.4451
7.129282, 1.655886, 9.631647, 1523437586350.0642
7.036815, 1.651776, 9.631106, 1523437586432.6833
6.953525, 1.650258, 9.651934, 1523437586515.4404
6.865798, 1.645961, 9.648275, 1523437586598.3821
6.771541, 1.64019, 9.644282, 1523437586681.7383
6.682763, 1.637667, 9.638116, 1523437586765.3250
6.593728, 1.627796, 9.638672, 1523437586849.1421
6.501518, 1.634797, 9.612515, 1523437586933.1892
6.398898, 1.642029, 9.633199, 1523437587017.4670
6.300893, 1.650613, 9.634361, 1523437587101.8369
6.217055, 1.663082, 9.642241, 1523437587186.1611
6.126021, 1.677382, 9.665625, 1523437587270.0703
6.044231, 1.707933, 9.651259, 1523437587353.7952
5.966969, 1.744143, 9.636203, 1523437587437.2898
5.887239, 1.78564, 9.647041, 1523437587520.4158
5.795465, 1.823562, 9.635048, 1523437587603.1270
5.724347, 1.859711, 9.661773, 1523437587685.4697
5.655351, 1.880957, 9.639102, 1523437587767.6738
5.585343, 1.921059, 9.656873, 1523437587850.0166
5.516775, 1.948503, 9.657568, 1523437587932.5896
5.432463, 1.963357, 9.642458, 1523437588015.2085
5.344558, 2.008402, 9.639899, 1523437588098.1501
5.25806, 2.052425, 9.647621, 1523437588181.4143
5.180404, 2.095501, 9.652902, 1523437588264.9551
5.109775, 2.155158, 9.660331, 1523437588348.9104
5.041548, 2.214263, 9.661264, 1523437588433.0500
4.993296, 2.273326, 9.668674, 1523437588516.9131
4.937952, 2.320691, 9.663624, 1523437588600.2693
4.876551, 2.388829, 9.645265, 1523437588683.3030
4.82829, 2.456593, 9.643904, 1523437588766.0601
4.782334, 2.516316, 9.652669, 1523437588848.4951
4.73628, 2.575979, 9.657095, 1523437588930.7456
4.695327, 2.64669, 9.656542, 1523437589013.2263
4.653369, 2.708313, 9.66149, 1523437589096.1216
4.601025, 2.781105, 9.659813, 1523437589179.2939
4.56011, 2.865337, 9.654518, 1523437589262.6501
4.512671, 2.956717, 9.629238, 1523437589346.0522
4.437388, 3.024646, 9.632663, 1523437589429.5930
4.384948, 3.108791, 9.642494, 1523437589513.5022
4.364235, 3.201588, 9.637862, 1523437589597.7339
4.345142, 3.296417, 9.662388, 1523437589681.9658
4.317864, 3.369313, 9.668878, 1523437589765.7368
4.303195, 3.448548, 9.648058, 1523437589849.0007
4.296855, 3.532758, 9.635985, 1523437589931.8042
4.297142, 3.613191, 9.642696, 1523437590014.3772
4.297454, 3.682758, 9.65902, 1523437590096.7197
4.291785, 3.7545, 9.663836, 1523437590178.9702
4.291936, 3.833951, 9.677556, 1523437590261.5430
4.280918, 3.919303, 9.671158, 1523437590344.4846
4.270635, 4.011546, 9.663437, 1523437590427.5186
4.263473, 4.108728, 9.659416, 1523437590510.7366
4.254697, 4.202829, 9.656711, 1523437590594.3232
4.24128, 4.276358, 9.67112, 1523437590678.0940
4.220912, 4.349309, 9.67416, 1523437590761.8188
4.211457, 4.442219, 9.676464, 1523437590845.3594
4.223959, 4.525219, 9.668252, 1523437590928.8538
4.239657, 4.590703, 9.655063, 1523437591012.3022
4.255469, 4.662391, 9.65912, 1523437591095.2900
4.271454, 4.737063, 9.668748, 1523437591178.0012
4.299049, 4.79458, 9.673162, 1523437591260.6665
4.32873, 4.865444, 9.687858, 1523437591343.2856
4.348465, 4.938379, 9.679363, 1523437591425.8127
4.36981, 5.025327, 9.692045, 1523437591508.5239
4.401927, 5.093253, 9.674469, 1523437591591.7422
4.42476, 5.170348, 9.678932, 1523437591675.1904
4.427261, 5.246122, 9.673726, 1523437591758.7771
4.449303, 5.316583, 9.667742, 1523437591842.5942
4.472483, 5.393612, 9.676776, 1523437591926.5493
4.490263, 5.472451, 9.683855, 1523437592010.6892
4.522818, 5.547524, 9.68261, 1523437592094.8289
4.563571, 5.621391, 9.674472, 1523437592178.7380
4.603153, 5.690982, 9.679409, 1523437592262.2788
4.643164, 5.749388, 9.674528, 1523437592345.4509
4.695761, 5.799064, 9.667659, 1523437592428.3462
4.735426, 5.841231, 9.670382, 1523437592511.1958
4.805099, 5.869955, 9.686327, 1523437592593.9067
4.866239, 5.904023, 9.687771, 1523437592676.4800
4.917354, 5.942216, 9.693665, 1523437592759.3293
4.972443, 5.970675, 9.681066, 1523437592842.5476
5.024292, 6.008583, 9.683874, 1523437592925.9041
5.076048, 6.049513, 9.680555, 1523437593009.2603
5.129332, 6.095199, 9.667818, 1523437593092.6167
5.183386, 6.125779, 9.691445, 1523437593176.0188
5.240906, 6.166189, 9.702145, 1523437593259.3755
5.308502, 6.203059, 9.688117, 1523437593342.6853
5.400222, 6.234891, 9.672659, 1523437593425.8574
5.476757, 6.248922, 9.672792, 1523437593508.8452
5.541189, 6.270556, 9.660851, 1523437593591.6484
5.626293, 6.280042, 9.651407, 1523437593674.1289
5.711904, 6.26815, 9.655426, 1523437593756.5637
5.791056, 6.251656, 9.694105, 1523437593838.9521
5.850613, 6.264622, 9.664145, 1523437593921.3872
5.930205, 6.258952, 9.673654, 1523437594004.0063
6.001848, 6.252828, 9.691293, 1523437594087.1787
6.075531, 6.251498, 9.699527, 1523437594170.5808
6.148857, 6.271136, 9.692913, 1523437594253.9370
6.223271, 6.292505, 9.679253, 1523437594337.3394
6.301309, 6.312389, 9.678416, 1523437594420.8799
6.383833, 6.340842, 9.691495, 1523437594504.5588
6.468916, 6.363683, 9.698121, 1523437594588.4219
6.552104, 6.379519, 9.69058, 1523437594672.2849
6.633957, 6.39009, 9.696146, 1523437594755.9634
6.702101, 6.394073, 9.697758, 1523437594839.5503
6.774542, 6.406695, 9.67655, 1523437594922.9062
6.853269, 6.392608, 9.668532, 1523437595006.2166
6.923827, 6.383794, 9.674703, 1523437595089.4343
6.998105, 6.375003, 9.699723, 1523437595172.5605
7.084632, 6.373207, 9.706547, 1523437595255.5940
7.181123, 6.375246, 9.704162, 1523437595338.8584
7.274213, 6.38622, 9.695889, 1523437595422.3525
7.365176, 6.403713, 9.693657, 1523437595505.8933
7.454869, 6.424374, 9.684529, 1523437595589.3877
7.553772, 6.452728, 9.665956, 1523437595672.8362
7.640332, 6.496933, 9.676203, 1523437595756.2385
7.743899, 6.529121, 9.676738, 1523437595839.7329
7.850463, 6.538269, 9.697135, 1523437595923.4116
7.925824, 6.544559, 9.702736, 1523437596006.9062
7.996598, 6.565848, 9.692011, 1523437596090.0317
8.084964, 6.574306, 9.683664, 1523437596173.0657
8.170961, 6.565464, 9.674891, 1523437596256.0532
8.254462, 6.563133, 9.674371, 1523437596339.0869
8.330236, 6.55477, 9.698163, 1523437596422.0742
8.409107, 6.556923, 9.700366, 1523437596505.0159
8.49535, 6.573439, 9.706928, 1523437596588.0957
8.56833, 6.589417, 9.704103, 1523437596671.4519
8.64619, 6.616638, 9.69387, 1523437596754.9004
8.726746, 6.63866, 9.68109, 1523437596838.4407
8.817034, 6.669909, 9.679071, 1523437596922.0735
8.899756, 6.697289, 9.698224, 1523437597005.9365
8.986462, 6.698894, 9.698022, 1523437597090.2141
9.077674, 6.689625, 9.695418, 1523437597174.5381
9.169299, 6.688798, 9.694503, 1523437597258.4468
9.246526, 6.696806, 9.688629, 1523437597341.8491
9.335093, 6.692795, 9.681143, 1523437597424.9749
9.421504, 6.691398, 9.673389, 1523437597507.7781
9.503307, 6.691564, 9.701343, 1523437597590.1665
9.572712, 6.696897, 9.706707, 1523437597672.2783
9.646863, 6.694106, 9.709143, 1523437597754.7131
9.727745, 6.677279, 9.712131, 1523437597837.7466
9.798659, 6.66832, 9.713769, 1523437597921.1489
9.878687, 6.674558, 9.705579, 1523437598004.5051
9.972695, 6.681891, 9.686688, 1523437598087.7688
10.059092, 6.69649, 9.673969, 1523437598171.0791
10.15789, 6.703303, 9.683903, 1523437598254.4812
10.242958, 6.704168, 9.697121, 1523437598338.1140
10.336095, 6.694561, 9.707293, 1523437598421.7927
10.41453, 6.69911, 9.711043, 1523437598505.1951
10.492638, 6.695509, 9.701991, 1523437598588.2285
10.576319, 6.692087, 9.689627, 1523437598671.1699
10.661405, 6.683327, 9.688248, 1523437598754.0193
10.746583, 6.669411, 9.69994, 1523437598836.6379
10.834447, 6.667244, 9.706512, 1523437598918.9343
10.923009, 6.673662, 9.69988, 1523437599001.2310
11.011813, 6.675508, 9.704274, 1523437599083.9878
11.096185, 6.680716, 9.704932, 1523437599167.1138
11.188963, 6.697509, 9.692781, 1523437599250.3318
11.278741, 6.718626, 9.679085, 1523437599333.6877
11.366506, 6.740245, 9.687904, 1523437599417.2747
11.453224, 6.762176, 9.701525, 1523437599501.1379
11.54566, 6.765718, 9.706369, 1523437599585.0930
11.627794, 6.775826, 9.706035, 1523437599668.8640
11.71098, 6.792478, 9.707148, 1523437599752.0815
11.799015, 6.807005, 9.700105, 1523437599835.0693
11.881108, 6.811468, 9.688519, 1523437599918.1028
11.976462, 6.811109, 9.707369, 1523437600001.2280
12.060308, 6.815201, 9.715314, 1523437600084.2156
12.147635, 6.849612, 9.712269, 1523437600167.1108
12.232776, 6.874817, 9.722106, 1523437600250.0979
12.314208, 6.906626, 9.71359, 1523437600333.2698
12.400653, 6.943239, 9.694075, 1523437600416.5796
12.486189, 6.987951, 9.684517, 1523437600500.0278
12.566596, 7.041552, 9.688722, 1523437600583.5684
12.638363, 7.09702, 9.715783, 1523437600667.3850
12.72152, 7.131009, 9.706822, 1523437600751.4321
12.801447, 7.163247, 9.719587, 1523437600835.2949
12.875419, 7.206309, 9.715099, 1523437600918.5129
12.941338, 7.246949, 9.703672, 1523437601001.2241
13.020366, 7.283513, 9.691564, 1523437601083.9812
13.106484, 7.323156, 9.684573, 1523437601166.6919
13.18372, 7.362544, 9.697583, 1523437601249.3108
13.244416, 7.401423, 9.71094, 1523437601331.7454
13.313034, 7.449172, 9.717112, 1523437601414.3640
13.383378, 7.489846, 9.725508, 1523437601497.5820
13.451044, 7.537602, 9.720719, 1523437601581.1687
13.50826, 7.594521, 9.705629, 1523437601664.8469
13.562714, 7.649226, 9.695013, 1523437601748.5718
13.626809, 7.703931, 9.687191, 1523437601832.3428
13.689894, 7.773064, 9.695856, 1523437601916.2053
13.754175, 7.845583, 9.687988, 1523437601999.9761
13.828953, 7.900155, 9.680736, 1523437602083.7463
13.892523, 7.947388, 9.695557, 1523437602167.2405
13.939176, 7.990408, 9.70465, 1523437602250.2278
13.977465, 8.026218, 9.69463, 1523437602332.8003
14.020156, 8.056924, 9.661117, 1523437602415.4192
14.069777, 8.075448, 9.627535, 1523437602498.1301
14.117355, 8.093784, 9.595896, 1523437602580.9331
14.147127, 8.123668, 9.549076, 1523437602663.8740
14.181488, 8.130149, 9.510929, 1523437602747.1841
14.227365, 8.139016, 9.518633, 1523437602831.0005
14.270306, 8.174172, 9.538511, 1523437602914.8633
14.281769, 8.224103, 9.517305, 1523437602998.5879
14.300991, 8.2555, 9.491815, 1523437603082.2666
14.334889, 8.284488, 9.452963, 1523437603165.9451
14.366952, 8.323503, 9.4014, 1523437603249.4854
14.37789, 8.379881, 9.365024, 1523437603332.7031
14.387353, 8.446509, 9.336899, 1523437603415.4143
14.417643, 8.491421, 9.335581, 1523437603498.2173
14.441544, 8.526593, 9.330358, 1523437603580.9285
14.452706, 8.552782, 9.3011, 1523437603663.4089
14.476395, 8.578139, 9.268894, 1523437603745.9353
14.516138, 8.588772, 9.229102, 1523437603828.9685
14.561254, 8.607631, 9.20069, 1523437603912.4626
14.598168, 8.642076, 9.186465, 1523437603995.9104
14.620819, 8.689672, 9.178228, 1523437604079.0823
14.64301, 8.743741, 9.173249, 1523437604162.0696
14.669456, 8.793431, 9.158976, 1523437604245.1953
14.702465, 8.839319, 9.117481, 1523437604328.5051
14.725208, 8.896262, 9.070181, 1523437604411.9072
14.731851, 8.961948, 9.034091, 1523437604495.1248
14.743437, 9.033036, 9.02645, 1523437604578.1584
14.766447, 9.110171, 9.022102, 1523437604661.1455
14.804693, 9.174946, 9.029716, 1523437604744.2249
14.832687, 9.232541, 9.027098, 1523437604827.1663
14.856519, 9.293113, 9.013117, 1523437604910.1536
14.88547, 9.336378, 9.016551, 1523437604993.6013
14.921703, 9.382028, 9.032476, 1523437605077.2339
14.940787, 9.431601, 9.018304, 1523437605160.5901
14.965487, 9.49797, 9.013557, 1523437605244.0842
14.996419, 9.55128, 9.014297, 1523437605327.9473
15.018378, 9.591854, 9.016594, 1523437605411.9485
15.035097, 9.642776, 9.00593, 1523437605495.9031
15.051153, 9.685551, 8.991035, 1523437605579.8579
15.059404, 9.725454, 8.967069, 1523437605663.6282
15.055593, 9.76294, 8.935682, 1523437605747.0762
15.052312, 9.798847, 8.896581, 1523437605830.4783
15.047189, 9.835527, 8.850816, 1523437605913.8340
15.01955, 9.889131, 8.837328, 1523437605996.8213
14.988727, 9.946099, 8.835274, 1523437606079.4863
14.994054, 9.992433, 8.831308, 1523437606162.4272
15.008199, 10.03565, 8.824189, 1523437606245.4146
15.012102, 10.077091, 8.782679, 1523437606328.3096
15.017588, 10.119918, 8.737895, 1523437606411.2510
15.046704, 10.154119, 8.694573, 1523437606494.4683
15.076804, 10.198047, 8.662132, 1523437606577.8240
15.103113, 10.24717, 8.646605, 1523437606661.3643
15.109023, 10.301046, 8.646653, 1523437606744.8582
15.105947, 10.355681, 8.64994, 1523437606828.3521
15.118669, 10.407345, 8.625998, 1523437606911.9844
15.144348, 10.459691, 8.578688, 1523437606995.7551
15.162366, 10.525157, 8.517617, 1523437607079.2952
15.160178, 10.592597, 8.481388, 1523437607162.3745
15.150985, 10.666349, 8.458182, 1523437607245.0393
15.150835, 10.726555, 8.45474, 1523437607327.5657
15.171941, 10.773009, 8.455322, 1523437607410.1382
15.18716, 10.81675, 8.432276, 1523437607492.5725
15.204921, 10.863632, 8.390934, 1523437607575.0527
15.231378, 10.907802, 8.342798, 1523437607657.7637
15.260641, 10.964957, 8.297194, 1523437607740.8892
15.302638, 11.033011, 8.273742, 1523437607824.6138
15.332961, 11.095353, 8.273816, 1523437607908.6604
15.340899, 11.150763, 8.27293, 1523437607992.5234
15.348983, 11.213294, 8.243126, 1523437608076.3862
15.377268, 11.271727, 8.19554, 1523437608160.2485
15.390881, 11.33064, 8.134236, 1523437608243.7427
15.381032, 11.392479, 8.085002, 1523437608326.6838
15.373835, 11.449747, 8.057929, 1523437608409.3945
15.388731, 11.502371, 8.059832, 1523437608492.4277
15.409817, 11.548986, 8.066126, 1523437608575.4148
15.407091, 11.591881, 8.051997, 1523437608657.9409
15.40558, 11.636201, 8.019042, 1523437608740.1450
15.427291, 11.6774, 7.966174, 1523437608822.6255
15.451879, 11.730896, 7.916031, 1523437608905.4744
15.474129, 11.79472, 7.885852, 1523437608988.7837
15.497232, 11.853265, 7.882714, 1523437609072.7385
15.509336, 11.912815, 7.88836, 1523437609156.9233
15.514154, 11.972082, 7.874542, 1523437609241.1086
15.513714, 12.029148, 7.845438, 1523437609325.1555
15.506159, 12.09452, 7.807365, 1523437609408.8335
15.492522, 12.136621, 7.776219, 1523437609492.0972
15.472854, 12.194733, 7.746724, 1523437609574.9460
15.452846, 12.264132, 7.7355, 1523437609657.6101
15.446497, 12.32987, 7.743309, 1523437609740.2290
15.438579, 12.376599, 7.753742, 1523437609822.7554
15.428426, 12.428752, 7.735533, 1523437609905.2815
15.441559, 12.481693, 7.730827, 1523437609988.3142
15.466299, 12.538443, 7.744421, 1523437610071.8081
15.482713, 12.592008, 7.749524, 1523437610155.3943
15.480228, 12.641112, 7.734729, 1523437610238.7957
15.480491, 12.686254, 7.720047, 1523437610322.2437
15.489443, 12.726896, 7.732032, 1523437610405.9680
15.48974, 12.751387, 7.731097, 1523437610489.8303
15.487824, 12.779598, 7.732273, 1523437610573.8770
15.490601, 12.786111, 7.74994, 1523437610658.0618
15.477382, 12.78915, 7.750727, 1523437610741.9705
15.464963, 12.798122, 7.748089, 1523437610825.7407
15.461627, 12.807444, 7.752077, 1523437610909.4648
15.461873, 12.795592, 7.759347, 1523437610992.9128
15.442104, 12.785321, 7.755609, 1523437611075.9919
15.416249, 12.785522, 7.751266, 1523437611158.7944
15.386699, 12.775413, 7.748045, 1523437611241.2285
15.352323, 12.755341, 7.748018, 1523437611323.4324
15.314664, 12.722841, 7.755449, 1523437611405.4517
15.274056, 12.691859, 7.758065, 1523437611487.2866
15.248085, 12.659845, 7.753261, 1523437611569.2598
15.226928, 12.646274, 7.750708, 1523437611651.4634
15.205477, 12.635032, 7.752058, 1523437611733.9436
15.188226, 12.620441, 7.749336, 1523437611816.4697
15.17797, 12.601847, 7.747582, 1523437611899.1343
15.168704, 12.598939, 7.744981, 1523437611981.9832
15.166746, 12.600006, 7.749115, 1523437612065.0625
15.16112, 12.617591, 7.755562, 1523437612148.3718
15.164984, 12.628988, 7.760953, 1523437612231.8196
15.157009, 12.648774, 7.750998, 1523437612315.5437
15.150396, 12.641525, 7.7452, 1523437612399.4062
15.139867, 12.633665, 7.746633, 1523437612483.2688
15.146052, 12.608844, 7.739944, 1523437612567.1772
15.157373, 12.590998, 7.732177, 1523437612651.0859
15.167308, 12.572122, 7.735879, 1523437612735.0864
15.207201, 12.544256, 7.733656, 1523437612819.1790
15.244565, 12.533948, 7.740649, 1523437612903.2722
15.2824, 12.524174, 7.740922, 1523437612987.3186
15.31726, 12.514442, 7.748132, 1523437613071.2271
15.350311, 12.514204, 7.743291, 1523437613154.9514
15.38978, 12.506891, 7.735878, 1523437613238.2607
15.431816, 12.497981, 7.727401, 1523437613321.2017
15.472846, 12.500255, 7.737975, 1523437613403.8201
15.510183, 12.512475, 7.735842, 1523437613486.1157
15.548319, 12.47121, 7.744119, 1523437613568.4116
15.552139, 12.516232, 7.734231, 1523437613650.7993
15.564157, 12.532323, 7.741068, 1523437613733.4636
15.567894, 12.54038, 7.739653, 1523437613816.2661
15.563573, 12.55014, 7.739269, 1523437613899.3452
15.567975, 12.546403, 7.740569, 1523437613982.7932
15.567076, 12.554447, 7.738732, 1523437614066.5171
15.568521, 12.579896, 7.738026, 1523437614150.2412
15.56937, 12.601236, 7.731324, 1523437614233.9192
15.565551, 12.624616, 7.726051, 1523437614317.6892
15.558914, 12.649517, 7.726563, 1523437614401.5515
15.540668, 12.686172, 7.727226, 1523437614485.5981
15.518132, 12.716389, 7.736102, 1523437614569.6443
15.495382, 12.746249, 7.736572, 1523437614653.7371
15.471982, 12.7721, 7.734307, 1523437614737.5530
15.441029, 12.804367, 7.734992, 1523437614820.8162
15.420166, 12.8074, 7.74339, 1523437614903.6650
15.406883, 12.811015, 7.744483, 1523437614986.4214
15.403605, 12.81333, 7.747428, 1523437615069.0857
15.402047, 12.810947, 7.75352, 1523437615151.6118
15.402063, 12.801368, 7.754447, 1523437615234.0913
15.405156, 12.801448, 7.747659, 1523437615316.9858
15.408638, 12.82356, 7.737639, 1523437615400.5256
15.414488, 12.827223, 7.736677, 1523437615484.5259
15.409017, 12.832696, 7.737492, 1523437615568.6187
15.408241, 12.836308, 7.73473, 1523437615652.9417
15.402668, 12.850123, 7.734738, 1523437615737.4031
15.391488, 12.859315, 7.733181, 1523437615821.9565
15.374572, 12.855069, 7.730175, 1523437615906.2795
15.353406, 12.852539, 7.728992, 1523437615990.5105
15.333271, 12.84995, 7.731276, 1523437616074.6030
15.308658, 12.851825, 7.736256, 1523437616158.6038
15.286273, 12.851812, 7.73338, 1523437616242.4199
15.267637, 12.85467, 7.729784, 1523437616325.9600
15.238467, 12.871448, 7.724503, 1523437616409.2234
15.214931, 12.877192, 7.729503, 1523437616492.0259
15.191026, 12.894872, 7.728263, 1523437616574.5979
15.167442, 12.926721, 7.716731, 1523437616657.0779
15.137581, 12.968913, 7.712039, 1523437616739.4656
15.113337, 13.011727, 7.709439, 1523437616821.7607
15.09361, 13.059758, 7.720689, 1523437616904.1487
15.068853, 13.105582, 7.733854, 1523437616986.6287
15.038217, 13.143316, 7.736208, 1523437617068.8784
15.007058, 13.180868, 7.7417, 1523437617151.2197
14.978087, 13.215049, 7.745902, 1523437617233.9299
14.944519, 13.250317, 7.742173, 1523437617316.8245
14.911606, 13.280567, 7.73417, 1523437617399.9954
14.885045, 13.311065, 7.721907, 1523437617483.5349
14.861322, 13.336302, 7.69007, 1523437617567.3052
14.826381, 13.362189, 7.638057, 1523437617650.9827
14.783162, 13.380738, 7.587823, 1523437617734.3840
14.721281, 13.392286, 7.552588, 1523437617817.3247
14.666968, 13.418463, 7.532781, 1523437617900.1729
14.638839, 13.445058, 7.535978, 1523437617983.1597
14.60813, 13.467061, 7.520039, 1523437618065.9160
14.570665, 13.491311, 7.490195, 1523437618148.3958
14.539535, 13.523138, 7.448126, 1523437618230.9214
14.506147, 13.569627, 7.413373, 1523437618313.7239
14.461089, 13.627036, 7.36583, 1523437618396.9868
14.419147, 13.682925, 7.348713, 1523437618480.8489
14.383573, 13.715719, 7.352837, 1523437618564.8032
14.339249, 13.737401, 7.34868, 1523437618648.7117
14.286418, 13.760912, 7.307042, 1523437618732.4814
14.240907, 13.781567, 7.258646, 1523437618816.1133
14.189716, 13.776003, 7.227463, 1523437618899.3303
14.125265, 13.770454, 7.205182, 1523437618982.1782
14.057941, 13.776289, 7.188665, 1523437619064.7964
14.002173, 13.787892, 7.18786, 1523437619147.2300
13.939396, 13.804562, 7.175451, 1523437619229.5254
13.872921, 13.832117, 7.142901, 1523437619312.0046
13.797307, 13.873971, 7.101129, 1523437619394.9453
13.726148, 13.920693, 7.057734, 1523437619478.2085
13.667621, 13.937915, 7.044763, 1523437619561.4253
13.585586, 13.971375, 7.017458, 1523437619644.9185
13.500632, 13.997751, 7.030648, 1523437619728.6885
13.418125, 14.005358, 7.034077, 1523437619812.5503
13.328902, 14.019234, 7.022564, 1523437619896.6426
13.231105, 14.026779, 7.006348, 1523437619980.8269
13.138874, 14.029772, 6.999466, 1523437620065.0579
13.059361, 14.040307, 7.007048, 1523437620149.2424
12.993356, 14.050643, 7.010291, 1523437620233.4265
12.927683, 14.062766, 7.015821, 1523437620317.3811
12.856099, 14.065381, 7.015733, 1523437620400.5979
12.787641, 14.05445, 7.008709, 1523437620483.1238
12.737094, 14.049035, 6.972859, 1523437620565.2351
12.692055, 14.058199, 6.941145, 1523437620647.5764
12.656974, 14.076103, 6.895763, 1523437620730.1021
12.619378, 14.091234, 6.865658, 1523437620812.8582
12.565023, 14.11547, 6.848453, 1523437620896.1675
12.517148, 14.130593, 6.843547, 1523437620979.7991
12.47511, 14.109314, 6.836245, 1523437621063.3843
12.42243, 14.095506, 6.80759, 1523437621146.9697
12.360017, 14.099635, 6.752915, 1523437621230.8318
12.29847, 14.096764, 6.699975, 1523437621314.6477
12.236016, 14.065592, 6.675097, 1523437621397.8186
12.16619, 14.042312, 6.664706, 1523437621480.7131
12.10965, 14.053673, 6.667391, 1523437621563.7451
12.053755, 14.057608, 6.649282, 1523437621646.4551
11.994198, 14.044603, 6.606498, 1523437621728.8887
11.949689, 14.047384, 6.547583, 1523437621811.5066
11.907215, 14.057438, 6.503609, 1523437621894.4470
11.849628, 14.066607, 6.476281, 1523437621977.7102
11.792296, 14.07488, 6.465217, 1523437622061.2957
11.736795, 14.063411, 6.456792, 1523437622145.0193
11.687334, 14.050297, 6.432743, 1523437622228.7432
11.636606, 14.038132, 6.384408, 1523437622312.6514
11.578993, 14.015867, 6.339868, 1523437622396.4211
11.510602, 13.983177, 6.29918, 1523437622479.6379
11.439069, 13.953733, 6.285608, 1523437622562.6707
11.375566, 13.952216, 6.287402, 1523437622645.8416
11.32201, 13.949097, 6.278769, 1523437622728.8274
11.264213, 13.940806, 6.242331, 1523437622811.4915
11.207039, 13.941189, 6.180796, 1523437622894.1553
11.155664, 13.952683, 6.135446, 1523437622977.2341
11.091297, 13.970166, 6.102931, 1523437623060.8193
11.034617, 13.98101, 6.094002, 1523437623144.6812
10.996466, 13.967308, 6.108526, 1523437623228.3586
10.956507, 13.941853, 6.100183, 1523437623311.8057
10.908973, 13.937721, 6.067533, 1523437623395.2988
10.8717, 13.929564, 6.01441, 1523437623478.8386
10.824854, 13.907199, 5.958957, 1523437623561.9172
10.774273, 13.864959, 5.928001, 1523437623644.3967
10.719489, 13.838221, 5.921283, 1523437623726.7839
10.669667, 13.84388, 5.926174, 1523437623809.4939
10.624745, 13.847617, 5.91349, 1523437623892.2502
10.582503, 13.841079, 5.877371, 1523437623974.8682
10.52977, 13.842207, 5.835104, 1523437624057.4863
10.477196, 13.853251, 5.783024, 1523437624140.4265
10.415438, 13.860646, 5.742465, 1523437624223.6895
10.349816, 13.861765, 5.724984, 1523437624307.2288
10.298182, 13.854939, 5.739334, 1523437624390.9065
10.255238, 13.838749, 5.73753, 1523437624474.8142
10.207774, 13.82247, 5.695595, 1523437624558.9060
10.1439, 13.807489, 5.647555, 1523437624643.0442
10.082035, 13.775846, 5.598614, 1523437624726.7676
10.017375, 13.731677, 5.557379, 1523437624809.8921
9.938063, 13.709208, 5.535723, 1523437624892.9243
9.879314, 13.696409, 5.538774, 1523437624976.0491
9.822767, 13.678213, 5.533784, 1523437625059.0352
9.759468, 13.660217, 5.502591, 1523437625141.8369
9.695682, 13.64969, 5.463221, 1523437625224.8230
9.637067, 13.650232, 5.433103, 1523437625308.0859
9.577094, 13.636878, 5.414202, 1523437625391.3025
9.499258, 13.616138, 5.39204, 1523437625474.6575
9.426397, 13.59134, 5.397679, 1523437625558.0581
9.359009, 13.559084, 5.403826, 1523437625641.5051
9.287354, 13.52247, 5.402795, 1523437625724.9980
9.212975, 13.49272, 5.381691, 1523437625808.7214
9.148973, 13.450814, 5.386961, 1523437625892.7217
9.090917, 13.412998, 5.396082, 1523437625976.6758
9.042812, 13.368513, 5.40684, 1523437626060.2610
8.986496, 13.324924, 5.407556, 1523437626143.2935
8.926579, 13.283626, 5.39597, 1523437626225.6804
8.878483, 13.234138, 5.396928, 1523437626307.7456
8.831807, 13.209764, 5.386096, 1523437626389.7642
8.787159, 13.172965, 5.387115, 1523437626471.8750
8.750677, 13.139468, 5.405651, 1523437626553.9395
8.714602, 13.099626, 5.405046, 1523437626636.0500
8.676783, 13.056194, 5.396479, 1523437626718.6216
8.621335, 13.012177, 5.403046, 1523437626801.7461
8.594858, 12.966073, 5.399786, 1523437626885.2393
8.572849, 12.917863, 5.397223, 1523437626969.1011
8.556198, 12.871031, 5.389483, 1523437627053.1929
8.542817, 12.811675, 5.397897, 1523437627137.5154
8.544969, 12.754973, 5.402422, 1523437627221.9297
8.539947, 12.693564, 5.398716, 1523437627306.4368
8.523546, 12.637392, 5.390781, 1523437627391.0354
8.515522, 12.578747, 5.394585, 1523437627475.0352
8.519521, 12.5272, 5.38777, 1523437627558.4363
8.510911, 12.496924, 5.371919, 1523437627641.6528
8.497092, 12.445597, 5.36004, 1523437627724.8694
8.47873, 12.40384, 5.329407, 1523437627807.9019
8.451537, 12.362054, 5.284483, 1523437627890.9341
8.420658, 12.330491, 5.235929, 1523437627974.1965
8.394838, 12.299506, 5.204184, 1523437628057.4128
8.36129, 12.265294, 5.198699, 1523437628140.8599
8.352099, 12.219219, 5.210496, 1523437628224.3989
8.360228, 12.178617, 5.205814, 1523437628308.0305
8.364951, 12.130131, 5.183517, 1523437628391.6619
8.361825, 12.084774, 5.1395, 1523437628475.2012
8.374694, 12.035232, 5.085577, 1523437628558.5100
8.387859, 11.982336, 5.036333, 1523437628641.5886
8.412349, 11.919976, 5.003428, 1523437628724.3442
8.434134, 11.859079, 4.995142, 1523437628806.9619
8.441214, 11.804929, 4.998685, 1523437628889.5798
8.442703, 11.756317, 4.985934, 1523437628972.1052
8.440471, 11.709281, 4.957544, 1523437629054.5845
8.427804, 11.664386, 4.922, 1523437629137.2944
8.40859, 11.615598, 4.869005, 1523437629220.3730
8.385661, 11.565137, 4.835291, 1523437629303.8660
8.353899, 11.516731, 4.821407, 1523437629387.6816
8.338523, 11.473231, 4.823843, 1523437629471.5894
8.334264, 11.430472, 4.821346, 1523437629555.4973
8.331477, 11.385361, 4.812997, 1523437629639.4050
8.332505, 11.329897, 4.771791, 1523437629723.3594
8.340752, 11.267803, 4.718047, 1523437629807.2671
8.371971, 11.206353, 4.674396, 1523437629890.6221
8.4143, 11.129105, 4.634638, 1523437629973.3318
8.441366, 11.057636, 4.627237, 1523437630055.7651
8.454, 11.004281, 4.627083, 1523437630138.2444
8.463742, 10.954951, 4.615409, 1523437630220.7698
8.463983, 10.910932, 4.582927, 1523437630303.5718
8.447142, 10.870553, 4.543671, 1523437630386.7883
8.423237, 10.835176, 4.501339, 1523437630470.3276
8.408614, 10.789596, 4.460934, 1523437630554.0049
8.383343, 10.738733, 4.440968, 1523437630638.1433
8.364877, 10.689447, 4.448083, 1523437630722.3735
8.369153, 10.645316, 4.441908, 1523437630806.2815
8.375163, 10.596228, 4.407044, 1523437630890.0510
8.367866, 10.548863, 4.355562, 1523437630973.8665
8.380533, 10.495152, 4.30744, 1523437631057.0833
8.409319, 10.424957, 4.261665, 1523437631139.4705
8.43203, 10.351861, 4.231512, 1523437631221.6736
8.423678, 10.295448, 4.243368, 1523437631304.1069
8.420333, 10.250704, 4.241558, 1523437631386.4480
8.432349, 10.207712, 4.214981, 1523437631468.5588
8.426203, 10.16864, 4.177367, 1523437631550.8538
8.411699, 10.134671, 4.138407, 1523437631633.4712
8.399409, 10.1014, 4.114762, 1523437631716.4114
8.380272, 10.051441, 4.095702, 1523437631799.7200
8.374181, 9.993678, 4.089175, 1523437631883.4434
8.371992, 9.942046, 4.088644, 1523437631967.1211
8.375599, 9.889287, 4.062233, 1523437632050.8904
8.368438, 9.829274, 4.007999, 1523437632134.8442
8.370542, 9.768263, 3.953503, 1523437632218.7058
8.398746, 9.71134, 3.919943, 1523437632301.9226
8.440597, 9.643832, 3.894558, 1523437632384.5403
8.456757, 9.587738, 3.889677, 1523437632467.0193
8.456293, 9.538678, 3.879892, 1523437632549.6831
8.450125, 9.487491, 3.853103, 1523437632632.3008
8.452501, 9.446228, 3.81715, 1523437632714.9646
8.44199, 9.409202, 3.769523, 1523437632798.0891
8.411243, 9.359274, 3.725893, 1523437632881.6279
8.390291, 9.315352, 3.715673, 1523437632965.6279
8.372895, 9.264333, 3.716655, 1523437633049.8120
8.36877, 9.212564, 3.723989, 1523437633133.7661
8.380301, 9.172228, 3.71006, 1523437633217.5818
8.372939, 9.1209, 3.66852, 1523437633301.4893
8.369503, 9.057505, 3.608875, 1523437633385.2126
8.383871, 8.990388, 3.548069, 1523437633468.2913
8.421983, 8.916182, 3.519251, 1523437633550.7241
8.44194, 8.857027, 3.513163, 1523437633633.2036
8.430241, 8.800919, 3.509609, 1523437633715.9592
8.421123, 8.749247, 3.490973, 1523437633798.6230
8.421285, 8.700841, 3.459607, 1523437633881.0103
8.409695, 8.660855, 3.421896, 1523437633963.5818
8.378592, 8.610149, 3.370548, 1523437634046.6138
8.330651, 8.538156, 3.325304, 1523437634130.3835
8.290235, 8.46616, 3.3077, 1523437634214.2910
8.296416, 8.404967, 3.313765, 1523437634297.7380
8.299898, 8.347219, 3.297414, 1523437634381.1853
8.287323, 8.291962, 3.268836, 1523437634464.9087
8.272543, 8.243496, 3.234285, 1523437634548.7705
8.2788, 8.185985, 3.193575, 1523437634632.3096
8.30581, 8.117629, 3.146983, 1523437634715.2954
8.332872, 8.05187, 3.1246, 1523437634797.9128
8.331892, 7.999181, 3.133087, 1523437634880.6685
8.317169, 7.954511, 3.133384, 1523437634963.3784
8.319646, 7.909922, 3.108001, 1523437635045.7656
8.315787, 7.861247, 3.059658, 1523437635128.1990
8.287763, 7.808865, 3.010384, 1523437635211.1392
8.25419, 7.753249, 2.972378, 1523437635294.5862
8.22505, 7.69045, 2.956026, 1523437635378.3555
8.209751, 7.626255, 2.948917, 1523437635462.1711
8.209373, 7.557349, 2.935773, 1523437635546.0325
8.204271, 7.495386, 2.901187, 1523437635629.9404
8.196602, 7.438188, 2.852154, 1523437635713.9858
8.197448, 7.388569, 2.798976, 1523437635797.9856
8.211549, 7.321546, 2.756368, 1523437635881.4785
8.226472, 7.24782, 2.737801, 1523437635964.4646
8.225289, 7.196625, 2.739045, 1523437636047.3125
8.22525, 7.144862, 2.705989, 1523437636129.8379
8.229238, 7.093955, 2.651666, 1523437636212.3628
8.213839, 7.038666, 2.599466, 1523437636295.1648
8.181403, 6.987596, 2.56587, 1523437636378.4270
8.162477, 6.930105, 2.559284, 1523437636461.9199
8.17659, 6.874959, 2.564717, 1523437636545.3669
8.187716, 6.812829, 2.551606, 1523437636628.9980
8.186064, 6.764568, 2.527964, 1523437636712.9055
8.188848, 6.718687, 2.492266, 1523437636796.7671
8.211455, 6.670124, 2.4488, 1523437636880.3525
8.239133, 6.598142, 2.399892, 1523437636963.4768
8.266268, 6.534046, 2.384988, 1523437637046.3250
8.27131, 6.485545, 2.393449, 1523437637129.1262
8.267288, 6.433556, 2.372578, 1523437637211.8359
8.260885, 6.373841, 2.328481, 1523437637294.5457
8.247589, 6.320817, 2.285512, 1523437637377.5315
8.235167, 6.26649, 2.259328, 1523437637460.7480
8.217257, 6.190943, 2.22893, 1523437637544.4717
8.206322, 6.118152, 2.233943, 1523437637628.3789
8.218629, 6.047162, 2.240959, 1523437637712.0562
8.228777, 5.97236, 2.23158, 1523437637795.6873
8.237019, 5.904536, 2.218762, 1523437637879.4106
8.258128, 5.843082, 2.228131, 1523437637962.9500
8.285122, 5.780449, 2.222294, 1523437638046.3965
8.290623, 5.707502, 2.206218, 1523437638130.0742
8.284844, 5.64335, 2.213169, 1523437638213.7512
8.297755, 5.581347, 2.212664, 1523437638296.8298
8.302127, 5.512046, 2.194111, 1523437638379.5854
8.304289, 5.438672, 2.170794, 1523437638462.2949
8.29402, 5.363936, 2.138572, 1523437638545.0508
8.288813, 5.28705, 2.100939, 1523437638627.8069
8.28399, 5.201503, 2.064792, 1523437638710.6084
8.280018, 5.100325, 2.040235, 1523437638793.5945
8.266077, 4.988299, 2.023419, 1523437638876.9954
8.264633, 4.875263, 2.041932, 1523437638960.7185
8.263386, 4.767324, 2.03805, 1523437639044.4421
8.265854, 4.655014, 2.013298, 1523437639128.1658
8.273687, 4.543188, 2.001109, 1523437639212.0273
8.262867, 4.44137, 2.018438, 1523437639296.2114
8.23687, 4.351002, 2.035868, 1523437639380.3955
8.220723, 4.259495, 2.037228, 1523437639463.9348
8.216964, 4.160549, 2.022225, 1523437639546.8748
8.216083, 4.068193, 2.017371, 1523437639629.5842
8.183301, 3.978651, 2.018846, 1523437639712.3398
8.170975, 3.904239, 2.020648, 1523437639795.0493
8.167987, 3.821719, 2.019907, 1523437639877.5286
8.15682, 3.741438, 2.032499, 1523437639960.3762
8.11784, 3.673368, 2.04833, 1523437640044.0535
8.090459, 3.600553, 2.044288, 1523437640128.1453
8.073802, 3.516028, 2.023807, 1523437640212.0068
8.057098, 3.432938, 2.015431, 1523437640295.9146
8.036526, 3.361599, 2.037967, 1523437640379.9602
7.990111, 3.300327, 2.028194, 1523437640464.3286
7.917438, 3.224283, 2.021885, 1523437640548.8354
7.849628, 3.174055, 2.022523, 1523437640632.9734
7.784724, 3.122259, 2.011265, 1523437640716.4663
7.704654, 3.07489, 1.995753, 1523437640799.3142
7.631876, 3.038949, 1.990376, 1523437640881.6089
7.556999, 3.00423, 2.013727, 1523437640963.5349
7.485629, 2.974144, 2.018114, 1523437641045.2769
7.417974, 2.951767, 2.028616, 1523437641127.2954
7.352265, 2.931827, 2.0323, 1523437641209.9590
7.274991, 2.902748, 2.027917, 1523437641292.8984
7.201668, 2.852463, 2.015142, 1523437641375.8386
7.123682, 2.801564, 2.013403, 1523437641458.8247
7.053781, 2.750941, 2.01981, 1523437641542.1794
6.972599, 2.713262, 2.024924, 1523437641626.0408
6.904416, 2.690132, 2.022954, 1523437641710.1787
6.826287, 2.668605, 2.028644, 1523437641794.0862
6.755591, 2.636485, 2.032665, 1523437641877.3486
6.691278, 2.613639, 2.02222, 1523437641960.2424
6.614138, 2.598093, 2.016984, 1523437642042.8601
6.538844, 2.581355, 2.011111, 1523437642125.2007
6.465408, 2.572328, 2.025937, 1523437642207.2190
6.384905, 2.555439, 2.024188, 1523437642289.0530
6.327953, 2.546018, 2.041986, 1523437642371.4399
6.280456, 2.55428, 2.045103, 1523437642454.6104
6.20168, 2.54687, 2.035511, 1523437642538.0571
6.120664, 2.522834, 2.025999, 1523437642621.6880
6.049184, 2.510563, 2.015331, 1523437642705.5955
5.971418, 2.494493, 2.022031, 1523437642789.9636
5.894702, 2.478441, 2.04057, 1523437642874.7007
5.810943, 2.464577, 2.038546, 1523437642959.5298
5.737489, 2.460308, 2.03849, 1523437643043.8982
5.66489, 2.460495, 2.048457, 1523437643127.6672
5.596941, 2.463404, 2.038569, 1523437643210.9761
5.532413, 2.4648, 2.034695, 1523437643293.9158
5.476246, 2.464777, 2.047525, 1523437643376.4868
5.421024, 2.470864, 2.049409, 1523437643458.9202
5.364553, 2.481735, 2.047619, 1523437643541.5374
5.304161, 2.484711, 2.046886, 1523437643624.5234
5.250351, 2.476159, 2.062479, 1523437643707.8315
5.195885, 2.479999, 2.045036, 1523437643791.5547
5.14423, 2.495347, 2.036, 1523437643875.9233
5.118138, 2.491201, 2.058277, 1523437643960.3838
5.075356, 2.463653, 2.064044, 1523437644044.3833
5.022482, 2.443601, 2.031663, 1523437644128.0608
4.980618, 2.444175, 2.028464, 1523437644211.5073
4.954307, 2.444762, 2.024875, 1523437644294.4473
4.940097, 2.432102, 2.035463, 1523437644376.8342
4.940302, 2.425206, 2.049941, 1523437644459.0830
4.955649, 2.424678, 2.067683, 1523437644541.2393
4.968764, 2.436206, 2.070722, 1523437644623.5801
4.980904, 2.445751, 2.071197, 1523437644706.0591
4.988006, 2.446513, 2.06821, 1523437644788.4924
4.986966, 2.452301, 2.064558, 1523437644871.0178
4.984557, 2.46169, 2.063584, 1523437644953.8196
4.981158, 2.459127, 2.060148, 1523437645036.8511
4.967614, 2.449579, 2.070958, 1523437645120.0215
4.962681, 2.442204, 2.077037, 1523437645203.3760
4.958019, 2.439487, 2.079124, 1523437645286.9148
