1523464351809.0000
9.287849, 2.379512, 2.063891, 1523464351809.0000
9.287046, 2.378065, 2.061133, 1523464351892.3538
9.2925, 2.383418, 2.064849, 1523464351975.6616
9.290638, 2.380794, 2.070431, 1523464352058.9695
9.286065, 2.377084, 2.064242, 1523464352142.2773
9.28877, 2.382669, 2.066034, 1523464352225.5852
9.291396, 2.394344, 2.064723, 1523464352308.9392
9.282754, 2.398148, 2.060171, 1523464352392.2932
9.274837, 2.42177, 2.049606, 1523464352475.5549
9.262235, 2.438803, 2.050467, 1523464352558.6785
9.251335, 2.44219, 2.060898, 1523464352641.6636
9.232358, 2.437263, 2.056597, 1523464352724.6489
9.214487, 2.443705, 2.057593, 1523464352807.7261
9.189801, 2.450312, 2.05337, 1523464352890.9419
9.166072, 2.456262, 2.06431, 1523464352974.2959
9.146649, 2.465279, 2.05298, 1523464353057.8340
9.137454, 2.499355, 2.045097, 1523464353141.5564
9.125134, 2.553922, 2.034644, 1523464353225.3711
9.110089, 2.619823, 2.01791, 1523464353309.2778
9.115053, 2.69734, 2.010354, 1523464353393.1846
9.116367, 2.775735, 1.989583, 1523464353476.9534
9.131756, 2.873385, 1.970497, 1523464353560.6301
9.160629, 2.966886, 1.968777, 1523464353644.1223
9.170382, 3.052554, 1.986099, 1523464353727.1074
9.161786, 3.122516, 2.005991, 1523464353809.7705
9.150426, 3.18846, 2.006695, 1523464353892.5256
9.128322, 3.256444, 2.015116, 1523464353975.6492
9.112756, 3.32997, 2.017208, 1523464354058.9114
9.07583, 3.414969, 1.992643, 1523464354142.1272
9.054511, 3.492657, 2.015213, 1523464354225.5271
9.033382, 3.572482, 2.022726, 1523464354309.3879
9.032572, 3.660891, 2.053792, 1523464354393.4333
9.015972, 3.749859, 2.042408, 1523464354477.3401
9.007502, 3.832868, 2.046731, 1523464354560.8323
8.99469, 3.92782, 2.037139, 1523464354643.9099
8.986333, 4.042134, 2.028445, 1523464354726.9875
8.996721, 4.164078, 2.000941, 1523464354810.0190
9.010636, 4.267362, 2.015906, 1523464354892.8198
9.003733, 4.374993, 2.036117, 1523464354975.3906
8.985223, 4.486989, 2.034531, 1523464355058.0535
8.963574, 4.597545, 2.033846, 1523464355140.9470
8.942299, 4.71403, 2.016007, 1523464355224.2544
8.916317, 4.830229, 2.009719, 1523464355307.7004
8.869933, 4.956105, 2.005466, 1523464355391.0544
8.827235, 5.093035, 2.022012, 1523464355474.4080
8.818681, 5.225702, 2.03854, 1523464355558.1765
8.830615, 5.345422, 2.033098, 1523464355642.2217
8.831182, 5.469414, 2.03137, 1523464355725.8982
8.812528, 5.596543, 2.020882, 1523464355808.9294
8.798595, 5.712203, 2.04953, 1523464355891.8225
8.813992, 5.813394, 2.098374, 1523464355975.0386
8.834905, 5.904737, 2.130501, 1523464356058.3003
8.827354, 5.998407, 2.165298, 1523464356141.2395
8.785173, 6.087295, 2.190661, 1523464356223.9482
8.757639, 6.180081, 2.203709, 1523464356306.8875
8.737805, 6.263883, 2.211927, 1523464356390.1953
8.734347, 6.331741, 2.229385, 1523464356474.1021
8.721541, 6.400632, 2.243437, 1523464356558.1013
8.682733, 6.499981, 2.237043, 1523464356641.6396
8.640942, 6.609511, 2.216928, 1523464356724.8096
8.622217, 6.717598, 2.19872, 1523464356808.1174
8.621706, 6.817917, 2.243688, 1523464356891.5178
8.623027, 6.897739, 2.298153, 1523464356974.6416
8.598864, 6.978211, 2.329638, 1523464357057.4426
8.57472, 7.068357, 2.368385, 1523464357140.0134
8.554726, 7.147037, 2.389089, 1523464357222.8145
8.538258, 7.211806, 2.41335, 1523464357305.7998
8.527945, 7.263525, 2.45671, 1523464357389.1997
8.52281, 7.325752, 2.495936, 1523464357473.0608
8.521954, 7.393125, 2.532288, 1523464357557.1060
8.512577, 7.458385, 2.54636, 1523464357640.9668
8.496772, 7.521285, 2.560122, 1523464357724.4131
8.474656, 7.589966, 2.580554, 1523464357807.3987
8.445951, 7.643445, 2.629275, 1523464357890.0615
8.42932, 7.69339, 2.673395, 1523464357972.7705
8.414535, 7.756789, 2.703175, 1523464358055.4336
8.389127, 7.824924, 2.730717, 1523464358138.2346
8.366787, 7.880041, 2.752345, 1523464358221.2661
8.353533, 7.939203, 2.756562, 1523464358304.7124
8.34051, 8.000348, 2.780737, 1523464358388.4351
8.317414, 8.060918, 2.818867, 1523464358472.2498
8.291424, 8.115071, 2.853884, 1523464358556.1106
8.282301, 8.173412, 2.89419, 1523464358640.0176
8.261392, 8.228212, 2.926023, 1523464358723.7861
8.248249, 8.284337, 2.946122, 1523464358807.4167
8.228828, 8.339428, 2.961616, 1523464358890.5867
8.201032, 8.379812, 3.018736, 1523464358973.5259
8.194809, 8.417486, 3.069674, 1523464359056.4653
8.194193, 8.469013, 3.09821, 1523464359139.4966
8.173788, 8.531475, 3.127882, 1523464359222.4363
8.144803, 8.594995, 3.137898, 1523464359305.3296
8.120175, 8.663567, 3.130621, 1523464359388.4072
8.101117, 8.737244, 3.141093, 1523464359471.6689
8.082669, 8.796952, 3.196241, 1523464359555.0691
8.071828, 8.854268, 3.230818, 1523464359638.8840
8.063404, 8.915195, 3.279886, 1523464359722.8372
8.063889, 8.962995, 3.295582, 1523464359806.6060
8.043918, 9.025982, 3.315151, 1523464359890.0520
8.0163, 9.106405, 3.324349, 1523464359973.2217
7.99914, 9.15589, 3.357209, 1523464360056.2996
8.003635, 9.20806, 3.409765, 1523464360139.4695
7.998548, 9.264338, 3.455319, 1523464360222.3625
7.985112, 9.321897, 3.486865, 1523464360305.1638
7.967701, 9.378394, 3.51481, 1523464360388.0574
7.953646, 9.442838, 3.519921, 1523464360471.0427
7.948657, 9.506698, 3.540705, 1523464360554.1665
7.946092, 9.568035, 3.583714, 1523464360637.5208
7.945722, 9.630395, 3.612093, 1523464360721.1052
7.955899, 9.682163, 3.646953, 1523464360804.7817
7.957947, 9.725334, 3.671526, 1523464360888.2280
7.955198, 9.782455, 3.685578, 1523464360971.4438
7.954463, 9.83141, 3.708861, 1523464361054.3833
7.954126, 9.884871, 3.752027, 1523464361137.1846
7.958083, 9.931892, 3.798452, 1523464361219.8940
7.965833, 9.988091, 3.833407, 1523464361302.6489
7.957158, 10.039345, 3.86467, 1523464361385.3579
7.939151, 10.105839, 3.864245, 1523464361467.9749
7.929111, 10.167355, 3.859992, 1523464361551.1445
7.928564, 10.234029, 3.867584, 1523464361634.8213
7.91884, 10.294338, 3.910524, 1523464361718.6365
7.897688, 10.358332, 3.959136, 1523464361802.5894
7.894039, 10.40859, 4.015701, 1523464361886.8188
7.892338, 10.451032, 4.059505, 1523464361970.9561
7.887508, 10.499493, 4.07263, 1523464362054.7249
7.876294, 10.555526, 4.07488, 1523464362138.1711
7.877642, 10.610969, 4.100935, 1523464362221.5715
7.895995, 10.66344, 4.139326, 1523464362305.1099
7.902979, 10.719334, 4.177391, 1523464362388.2336
7.897636, 10.780353, 4.211257, 1523464362470.9424
7.879628, 10.825791, 4.236323, 1523464362553.6514
7.880925, 10.88929, 4.230917, 1523464362636.4065
7.874672, 10.961935, 4.223588, 1523464362719.0698
7.860707, 11.042154, 4.257899, 1523464362801.5945
7.843042, 11.113889, 4.312508, 1523464362884.5337
7.852332, 11.175714, 4.352471, 1523464362968.2104
7.869287, 11.226849, 4.396832, 1523464363052.1177
7.873322, 11.282502, 4.420239, 1523464363135.8406
7.869171, 11.344769, 4.426629, 1523464363219.3328
7.863514, 11.407515, 4.452698, 1523464363302.7332
7.866895, 11.466429, 4.509554, 1523464363385.9951
7.874511, 11.51522, 4.555265, 1523464363469.0266
7.868091, 11.5646, 4.583176, 1523464363552.0122
7.863404, 11.626607, 4.604958, 1523464363634.9976
7.850163, 11.687384, 4.607829, 1523464363717.9829
7.83423, 11.753917, 4.622475, 1523464363801.0605
7.831268, 11.813298, 4.674375, 1523464363884.5527
7.831981, 11.865542, 4.715809, 1523464363968.5059
7.839841, 11.920623, 4.746815, 1523464364052.4126
7.839419, 11.965335, 4.78775, 1523464364136.1814
7.842658, 12.010422, 4.802897, 1523464364219.8577
7.855922, 12.063493, 4.797818, 1523464364303.3501
7.846591, 12.123277, 4.830135, 1523464364386.3816
7.847454, 12.174362, 4.88137, 1523464364469.0908
7.853135, 12.230696, 4.922129, 1523464364551.7075
7.859417, 12.290661, 4.951355, 1523464364634.3706
7.863345, 12.348327, 4.975295, 1523464364717.0793
7.844472, 12.408495, 4.973135, 1523464364799.6960
7.827158, 12.483964, 4.9635, 1523464364882.3130
7.801769, 12.558551, 4.979201, 1523464364965.0679
7.764892, 12.625744, 5.024698, 1523464365048.0073
7.741106, 12.68458, 5.067141, 1523464365131.4075
7.72362, 12.742493, 5.11355, 1523464365214.9919
7.70759, 12.781999, 5.147679, 1523464365298.6226
7.69371, 12.822959, 5.167082, 1523464365382.2993
7.671771, 12.8619, 5.160983, 1523464365466.0220
7.640235, 12.929519, 5.170793, 1523464365549.5144
7.618478, 12.993234, 5.209906, 1523464365632.8684
7.592105, 13.048872, 5.251405, 1523464365716.0842
7.568118, 13.099207, 5.287243, 1523464365799.1619
7.529747, 13.141542, 5.31283, 1523464365882.1934
7.48834, 13.186638, 5.340058, 1523464365965.0867
7.441989, 13.228371, 5.348009, 1523464366047.8877
7.388126, 13.274656, 5.342438, 1523464366130.7808
7.32458, 13.326784, 5.33407, 1523464366213.9043
7.244462, 13.37971, 5.337615, 1523464366297.1660
7.155118, 13.417207, 5.360092, 1523464366380.4739
7.061377, 13.459341, 5.374653, 1523464366463.7356
6.973432, 13.518077, 5.378428, 1523464366547.1819
6.893898, 13.576846, 5.379065, 1523464366630.5820
6.814244, 13.635384, 5.381671, 1523464366713.8440
6.728757, 13.688489, 5.380186, 1523464366796.9216
6.645453, 13.738762, 5.39686, 1523464366879.8608
6.593779, 13.786693, 5.452817, 1523464366962.8923
6.545602, 13.828992, 5.49543, 1523464367046.0164
6.48082, 13.873396, 5.517526, 1523464367129.0940
6.394375, 13.903044, 5.536067, 1523464367212.1257
6.322789, 13.93025, 5.521499, 1523464367295.2954
6.235105, 13.953837, 5.519067, 1523464367378.5115
6.154981, 13.977209, 5.540217, 1523464367461.9116
6.079065, 13.993396, 5.582606, 1523464367545.5884
6.009862, 14.016426, 5.622337, 1523464367629.5415
5.947659, 14.039736, 5.662232, 1523464367713.5408
5.886786, 14.05336, 5.686894, 1523464367797.2175
5.82875, 14.066494, 5.698225, 1523464367880.9399
5.765265, 14.070463, 5.70898, 1523464367964.5708
5.716947, 14.077931, 5.750049, 1523464368048.0632
5.653673, 14.086843, 5.851855, 1523464368131.4634
5.609585, 14.105065, 5.832924, 1523464368214.6790
5.550618, 14.103162, 5.856322, 1523464368297.7104
5.501644, 14.098536, 5.867947, 1523464368380.8340
5.435481, 14.105886, 5.868289, 1523464368464.0957
5.370712, 14.103184, 5.889588, 1523464368547.4956
5.299668, 14.1084, 5.933769, 1523464368631.1265
5.248011, 14.119651, 5.967144, 1523464368715.0793
5.188545, 14.130043, 6.014745, 1523464368798.9858
5.138349, 14.136042, 6.040859, 1523464368882.7087
5.089575, 14.144062, 6.055374, 1523464368966.2009
5.028455, 14.145423, 6.070834, 1523464369049.3247
4.975171, 14.140583, 6.099414, 1523464369132.0342
4.918497, 14.142865, 6.149125, 1523464369214.5127
4.861055, 14.147952, 6.185736, 1523464369297.0376
4.804004, 14.147161, 6.210034, 1523464369379.6545
4.742888, 14.143888, 6.219681, 1523464369462.4097
4.680324, 14.136159, 6.222832, 1523464369545.3953
4.614868, 14.134512, 6.248614, 1523464369628.7031
4.556364, 14.139193, 6.29655, 1523464369712.3796
4.500635, 14.136885, 6.344032, 1523464369796.4248
4.460501, 14.142681, 6.397558, 1523464369880.4238
4.419159, 14.144386, 6.417846, 1523464369964.2388
4.365916, 14.132155, 6.427176, 1523464370047.7314
4.303722, 14.11359, 6.442362, 1523464370130.8550
4.247711, 14.109745, 6.470152, 1523464370213.7483
4.195527, 14.11286, 6.506289, 1523464370296.5955
4.136677, 14.108122, 6.543937, 1523464370379.2581
4.075955, 14.082437, 6.57106, 1523464370461.8750
4.016818, 14.055142, 6.569747, 1523464370544.4922
3.959347, 14.031097, 6.577781, 1523464370627.2935
3.88891, 14.001355, 6.600339, 1523464370710.3711
3.818369, 13.973188, 6.640266, 1523464370793.8176
3.766074, 13.959167, 6.678818, 1523464370877.6326
3.711686, 13.944882, 6.728552, 1523464370961.4937
3.660401, 13.926886, 6.759717, 1523464371045.1704
3.606204, 13.907125, 6.766242, 1523464371128.6628
3.536555, 13.883141, 6.75781, 1523464371211.8789
3.474087, 13.849164, 6.76769, 1523464371294.8643
3.405118, 13.834494, 6.793892, 1523464371377.8958
3.33362, 13.823509, 6.833542, 1523464371460.8813
3.264271, 13.797575, 6.87396, 1523464371543.6365
3.204494, 13.760779, 6.911509, 1523464371626.3452
3.151254, 13.723083, 6.93353, 1523464371709.2849
3.094064, 13.677252, 6.921917, 1523464371792.2705
3.030036, 13.627107, 6.910038, 1523464371875.3940
2.967974, 13.570718, 6.899754, 1523464371958.6562
2.89492, 13.501638, 6.911919, 1523464372042.0564
2.830056, 13.419898, 6.951623, 1523464372125.4568
2.775112, 13.35638, 6.990457, 1523464372208.9954
2.710424, 13.31093, 7.033594, 1523464372292.7644
2.661927, 13.276205, 7.080973, 1523464372376.3948
2.613275, 13.248466, 7.105546, 1523464372459.9795
2.561726, 13.211343, 7.118508, 1523464372543.5181
2.522193, 13.165885, 7.139422, 1523464372626.5962
2.474962, 13.128588, 7.173353, 1523464372709.5818
2.422357, 13.101019, 7.217744, 1523464372792.6130
2.363128, 13.066471, 7.242963, 1523464372875.6907
2.306122, 13.016852, 7.267022, 1523464372958.6760
2.262153, 12.961143, 7.278483, 1523464373041.5698
2.219948, 12.898135, 7.27581, 1523464373124.4631
2.179112, 12.834634, 7.298441, 1523464373207.5408
2.144915, 12.781695, 7.341665, 1523464373290.8950
2.113877, 12.739808, 7.386192, 1523464373374.7100
2.078618, 12.713307, 7.433408, 1523464373458.7092
2.054088, 12.677638, 7.466699, 1523464373542.4780
2.031914, 12.632752, 7.483861, 1523464373625.9705
1.991391, 12.576782, 7.498436, 1523464373709.2786
1.957248, 12.547089, 7.527233, 1523464373792.5405
1.929354, 12.514823, 7.571947, 1523464373875.5725
1.90373, 12.46969, 7.605671, 1523464373958.1895
1.877497, 12.416615, 7.632765, 1523464374040.7600
1.844668, 12.370868, 7.638643, 1523464374123.6536
1.806485, 12.322605, 7.628035, 1523464374206.7776
1.779991, 12.248626, 7.615987, 1523464374289.5789
1.770175, 12.17642, 7.623534, 1523464374372.2422
1.760213, 12.102352, 7.646716, 1523464374455.3198
1.73507, 12.033126, 7.647532, 1523464374538.8584
1.722407, 11.947799, 7.643622, 1523464374622.3049
1.730063, 11.858129, 7.639584, 1523464374705.3367
1.731928, 11.763185, 7.638227, 1523464374788.5066
1.712977, 11.691175, 7.659843, 1523464374872.2297
1.682079, 11.649492, 7.709488, 1523464374956.3674
1.662691, 11.589288, 7.744886, 1523464375040.1824
1.66723, 11.516979, 7.77147, 1523464375123.5366
1.670556, 11.447069, 7.795921, 1523464375206.8909
1.665105, 11.382099, 7.807809, 1523464375290.5217
1.651798, 11.314114, 7.819004, 1523464375374.1523
1.650985, 11.252186, 7.848352, 1523464375457.6912
1.647307, 11.194731, 7.890184, 1523464375541.4600
1.632642, 11.137642, 7.930994, 1523464375625.5054
1.623567, 11.088073, 7.961776, 1523464375709.4587
1.622586, 11.049988, 7.969683, 1523464375792.9976
1.621377, 10.995643, 7.972598, 1523464375876.2595
1.622109, 10.938585, 7.996716, 1523464375959.3372
1.608252, 10.890321, 8.039983, 1523464376042.2766
1.595698, 10.833253, 8.081225, 1523464376124.9395
1.593507, 10.768584, 8.112933, 1523464376207.3259
1.600301, 10.706516, 8.132836, 1523464376289.6204
1.602939, 10.657392, 8.147149, 1523464376372.1450
1.600255, 10.611349, 8.143469, 1523464376455.0850
1.606049, 10.547045, 8.153081, 1523464376538.1165
1.624244, 10.479625, 8.178169, 1523464376621.1941
1.637417, 10.40442, 8.231306, 1523464376704.6404
1.626501, 10.351007, 8.272772, 1523464376788.6860
1.609957, 10.313581, 8.324892, 1523464376872.9155
1.603856, 10.275805, 8.345368, 1523464376956.9146
1.607252, 10.22498, 8.357572, 1523464377040.4070
1.613448, 10.172479, 8.36684, 1523464377123.4385
1.600057, 10.11059, 8.395573, 1523464377206.4700
1.58367, 10.061865, 8.446006, 1523464377289.4097
1.577808, 9.999508, 8.481322, 1523464377372.0730
1.577196, 9.931987, 8.503256, 1523464377454.7361
1.580652, 9.862445, 8.507308, 1523464377537.4448
1.593519, 9.791245, 8.503124, 1523464377620.2004
1.610127, 9.717736, 8.50718, 1523464377703.0479
1.637281, 9.652917, 8.527123, 1523464377785.9873
1.667777, 9.571886, 8.566386, 1523464377869.1113
1.687735, 9.516865, 8.611027, 1523464377952.4656
1.696898, 9.465202, 8.664979, 1523464378036.0044
1.714038, 9.419288, 8.707881, 1523464378119.5430
1.730723, 9.368999, 8.713248, 1523464378203.1738
1.752001, 9.330172, 8.703245, 1523464378286.8503
1.792692, 9.238264, 8.697323, 1523464378370.3430
1.81943, 9.156913, 8.707933, 1523464378453.7896
1.819119, 9.069648, 8.751711, 1523464378537.2820
1.828672, 9.008509, 8.800201, 1523464378620.5444
1.849217, 8.943703, 8.855018, 1523464378703.4841
1.876172, 8.884999, 8.890798, 1523464378786.4236
1.90665, 8.827621, 8.902525, 1523464378869.2246
1.946394, 8.760336, 8.898842, 1523464378952.0261
1.987876, 8.690536, 8.893267, 1523464379034.9658
2.028992, 8.61735, 8.888746, 1523464379118.0898
2.080451, 8.543385, 8.917892, 1523464379201.3057
2.132233, 8.475678, 8.958358, 1523464379284.6140
2.167229, 8.410113, 8.999686, 1523464379368.1987
2.181994, 8.356901, 9.051446, 1523464379451.9216
2.206542, 8.30756, 9.083256, 1523464379535.4141
2.233088, 8.259415, 9.087714, 1523464379618.6763
2.278192, 8.207052, 9.100034, 1523464379701.7080
2.314209, 8.146419, 9.130248, 1523464379784.6016
2.321436, 8.087414, 9.175441, 1523464379867.7715
2.324599, 8.036846, 9.215694, 1523464379950.9414
2.344779, 7.991482, 9.25662, 1523464380033.8811
2.380697, 7.943272, 9.282319, 1523464380116.7285
2.418886, 7.89259, 9.27808, 1523464380199.6682
2.457803, 7.823847, 9.265513, 1523464380282.7458
2.501165, 7.774793, 9.27945, 1523464380365.6858
2.553839, 7.743616, 9.323777, 1523464380448.5793
2.6039, 7.703356, 9.362288, 1523464380531.8413
2.623526, 7.652972, 9.411753, 1523464380615.7024
2.635472, 7.616367, 9.455633, 1523464380699.8401
2.65621, 7.57749, 9.467327, 1523464380783.7473
2.705287, 7.522511, 9.471297, 1523464380867.3779
2.755477, 7.463791, 9.458659, 1523464380950.6401
2.788494, 7.396632, 9.487152, 1523464381033.8562
2.79658, 7.343524, 9.547466, 1523464381117.0264
2.819574, 7.303709, 9.592194, 1523464381199.9199
2.853858, 7.267658, 9.6375, 1523464381282.6753
2.88445, 7.240699, 9.66106, 1523464381365.4771
2.931328, 7.209802, 9.662959, 1523464381448.2322
2.984423, 7.16938, 9.660265, 1523464381531.1257
3.038348, 7.118459, 9.647261, 1523464381614.3879
3.107491, 7.066825, 9.640371, 1523464381697.7883
3.186094, 7.024188, 9.652463, 1523464381781.0964
3.259663, 6.962364, 9.657318, 1523464381864.6812
3.308101, 6.89095, 9.67282, 1523464381948.7727
3.34654, 6.839551, 9.679818, 1523464382032.8181
3.415736, 6.792455, 9.673376, 1523464382116.1267
3.496204, 6.746892, 9.669104, 1523464382198.7896
3.568072, 6.698503, 9.678254, 1523464382281.2681
3.64194, 6.656793, 9.675618, 1523464382363.8855
3.717786, 6.603422, 9.687588, 1523464382446.5024
3.812227, 6.568927, 9.676869, 1523464382529.1196
3.909873, 6.550497, 9.670973, 1523464382611.7827
4.012373, 6.532193, 9.664059, 1523464382694.6765
4.118413, 6.511361, 9.655823, 1523464382778.1687
4.210969, 6.518089, 9.661845, 1523464382861.9377
4.315817, 6.535904, 9.672844, 1523464382945.8450
4.413815, 6.536924, 9.685216, 1523464383030.0745
4.502125, 6.515752, 9.696534, 1523464383114.7190
4.592623, 6.50255, 9.694944, 1523464383199.0410
4.698415, 6.505161, 9.68229, 1523464383282.8101
4.804424, 6.520276, 9.663005, 1523464383366.3945
4.908391, 6.510038, 9.664093, 1523464383450.0254
4.993207, 6.486977, 9.669407, 1523464383533.7485
5.081725, 6.473572, 9.686386, 1523464383617.2410
5.172629, 6.478353, 9.704162, 1523464383700.5952
5.258951, 6.492838, 9.701928, 1523464383783.9036
5.354903, 6.509746, 9.700813, 1523464383867.3040
5.446232, 6.51886, 9.684164, 1523464383950.7964
5.546254, 6.542498, 9.674644, 1523464384034.1509
5.64271, 6.568207, 9.692985, 1523464384117.5513
5.734738, 6.58739, 9.693461, 1523464384201.0898
5.833742, 6.578426, 9.701627, 1523464384284.7664
5.930123, 6.576893, 9.701293, 1523464384367.9824
6.027182, 6.583058, 9.70085, 1523464384450.5532
6.120113, 6.599494, 9.686568, 1523464384532.8018
6.215574, 6.585583, 9.692166, 1523464384615.1885
6.299544, 6.553421, 9.699523, 1523464384697.9897
6.384011, 6.538542, 9.68758, 1523464384780.7910
6.491944, 6.554596, 9.68661, 1523464384863.4080
6.590128, 6.574844, 9.703422, 1523464384946.1631
6.67755, 6.592308, 9.697753, 1523464385029.1946
6.770112, 6.605415, 9.694299, 1523464385112.3645
6.848855, 6.641788, 9.696212, 1523464385195.5342
6.937434, 6.675816, 9.705661, 1523464385278.9346
7.033089, 6.692455, 9.713889, 1523464385362.5652
7.129058, 6.711129, 9.710318, 1523464385446.1497
7.224489, 6.734457, 9.719343, 1523464385529.2737
7.313515, 6.771605, 9.712914, 1523464385611.9824
7.409083, 6.789832, 9.689563, 1523464385694.7837
7.487825, 6.778682, 9.693731, 1523464385777.8613
7.572359, 6.74911, 9.705315, 1523464385861.0312
7.656261, 6.720718, 9.706329, 1523464385944.1091
7.74186, 6.716198, 9.706343, 1523464386027.0483
7.8387, 6.714674, 9.714052, 1523464386110.0337
7.919496, 6.709731, 9.716494, 1523464386193.3420
8.029224, 6.708487, 9.692293, 1523464386276.6963
8.124747, 6.727069, 9.686909, 1523464386359.7739
8.230791, 6.747035, 9.698511, 1523464386442.8057
8.329657, 6.744461, 9.70001, 1523464386526.2520
8.423872, 6.722092, 9.691199, 1523464386610.0210
8.520863, 6.723888, 9.698316, 1523464386693.3755
8.626261, 6.740532, 9.694063, 1523464386776.1306
8.723875, 6.768432, 9.683265, 1523464386858.7476
8.821139, 6.762192, 9.671986, 1523464386941.5029
8.911896, 6.731932, 9.664684, 1523464387024.5347
9.004754, 6.71259, 9.690815, 1523464387107.7505
9.10308, 6.719561, 9.702505, 1523464387190.8284
9.201037, 6.742035, 9.702255, 1523464387273.9065
9.304459, 6.753462, 9.68582, 1523464387357.2146
9.402087, 6.755324, 9.671574, 1523464387440.6611
9.511523, 6.767805, 9.682584, 1523464387524.0618
9.621696, 6.784423, 9.701781, 1523464387607.4619
9.725809, 6.788033, 9.711274, 1523464387691.0928
9.831903, 6.775846, 9.706834, 1523464387775.1384
9.934508, 6.746505, 9.701113, 1523464387858.9995
10.02598, 6.73763, 9.697369, 1523464387942.3999
10.131459, 6.735064, 9.681053, 1523464388025.3855
10.231308, 6.718614, 9.685408, 1523464388108.3711
10.317635, 6.680695, 9.711959, 1523464388191.4951
10.408884, 6.659423, 9.710512, 1523464388274.6194
10.514334, 6.665527, 9.702747, 1523464388357.4209
10.615888, 6.674027, 9.702292, 1523464388440.3145
10.715613, 6.668108, 9.701204, 1523464388523.6689
10.816655, 6.655066, 9.688375, 1523464388607.4841
10.924324, 6.640494, 9.704296, 1523464388691.3914
11.017879, 6.629588, 9.714351, 1523464388775.3447
11.109235, 6.615879, 9.718412, 1523464388859.4365
11.216376, 6.597389, 9.663329, 1523464388943.3899
11.320127, 6.570581, 9.701517, 1523464389026.9285
11.420982, 6.544435, 9.706735, 1523464389110.0525
11.524242, 6.506927, 9.684341, 1523464389192.9460
11.606662, 6.443522, 9.690173, 1523464389275.8853
11.673409, 6.382843, 9.696638, 1523464389359.1016
11.757684, 6.328642, 9.692966, 1523464389442.5481
11.846847, 6.281327, 9.703083, 1523464389526.1326
11.938032, 6.234419, 9.694137, 1523464389609.8093
12.041149, 6.1824, 9.681513, 1523464389693.3020
12.129744, 6.133777, 9.681809, 1523464389776.4258
12.221139, 6.078393, 9.682787, 1523464389859.6875
12.283854, 6.007117, 9.686514, 1523464389943.4104
12.344925, 5.927549, 9.703719, 1523464390027.2256
12.405845, 5.856643, 9.709113, 1523464390110.4414
12.473977, 5.795152, 9.694265, 1523464390193.0583
12.532765, 5.721235, 9.678105, 1523464390275.5374
12.571823, 5.628723, 9.691066, 1523464390358.2466
12.598357, 5.545764, 9.689318, 1523464390441.1401
12.642379, 5.476422, 9.711328, 1523464390523.9878
12.68659, 5.415855, 9.733612, 1523464390606.9272
12.728965, 5.344656, 9.718637, 1523464390690.2817
12.754268, 5.263294, 9.701274, 1523464390773.8206
12.790165, 5.177104, 9.686137, 1523464390857.4050
12.827827, 5.10781, 9.709907, 1523464390940.9900
12.846255, 5.037461, 9.698945, 1523464391024.8972
12.855888, 4.942284, 9.706101, 1523464391108.8047
12.877444, 4.851909, 9.690721, 1523464391192.2051
12.901837, 4.748456, 9.679908, 1523464391275.0066
12.910621, 4.647941, 9.656917, 1523464391357.3477
12.898555, 4.550005, 9.645549, 1523464391439.5959
12.866858, 4.456704, 9.656836, 1523464391521.9829
12.821466, 4.368507, 9.641026, 1523464391604.7847
12.798068, 4.272397, 9.648288, 1523464391687.8628
12.771556, 4.172462, 9.64685, 1523464391771.2170
12.748783, 4.088448, 9.655814, 1523464391854.8940
12.708518, 4.009484, 9.63208, 1523464391938.6169
12.678755, 3.914941, 9.650985, 1523464392022.1096
12.650721, 3.853658, 9.670701, 1523464392105.7869
12.612513, 3.781343, 9.67913, 1523464392189.6941
12.554605, 3.683925, 9.670768, 1523464392273.4634
12.501868, 3.594066, 9.665927, 1523464392356.8176
12.444911, 3.512799, 9.663192, 1523464392439.5271
12.387961, 3.435129, 9.652713, 1523464392521.9138
12.32359, 3.375882, 9.660783, 1523464392604.4849
12.249435, 3.329618, 9.672867, 1523464392687.3325
12.173553, 3.272544, 9.680552, 1523464392770.2722
12.109674, 3.194149, 9.681995, 1523464392853.0740
12.04054, 3.122809, 9.685421, 1523464392935.9675
11.973346, 3.05902, 9.660522, 1523464393019.1375
11.903263, 2.994625, 9.655223, 1523464393102.4458
11.826934, 2.930228, 9.658156, 1523464393185.7080
11.755303, 2.866677, 9.67638, 1523464393269.0623
11.666912, 2.824834, 9.671223, 1523464393352.6470
11.582125, 2.778154, 9.671579, 1523464393436.0474
11.493604, 2.721938, 9.659274, 1523464393518.9868
11.400319, 2.664269, 9.642386, 1523464393601.6038
11.293238, 2.63238, 9.632904, 1523464393684.2207
11.19225, 2.605311, 9.635139, 1523464393766.8838
11.097741, 2.593042, 9.644454, 1523464393849.8235
10.999136, 2.570958, 9.64818, 1523464393932.9014
10.905469, 2.52319, 9.650868, 1523464394016.0715
10.802152, 2.489547, 9.638524, 1523464394099.5181
10.69907, 2.460037, 9.62252, 1523464394182.9646
10.590899, 2.415695, 9.627758, 1523464394266.2266
10.508976, 2.373604, 9.643475, 1523464394349.6729
10.403427, 2.370841, 9.647994, 1523464394433.6262
10.296851, 2.369375, 9.645546, 1523464394517.7178
10.191244, 2.349113, 9.666467, 1523464394601.3025
10.078491, 2.325349, 9.648477, 1523464394684.1040
9.955644, 2.31018, 9.624587, 1523464394766.7209
9.861093, 2.320382, 9.642064, 1523464394849.4302
9.766308, 2.332563, 9.653826, 1523464394932.4619
9.66318, 2.339597, 9.676761, 1523464395015.6780
9.567229, 2.322651, 9.671612, 1523464395099.0320
9.451987, 2.301871, 9.645347, 1523464395182.6628
9.324458, 2.296673, 9.623797, 1523464395266.4780
9.215661, 2.262103, 9.63127, 1523464395350.0627
9.132963, 2.240875, 9.653814, 1523464395433.5554
9.022169, 2.220078, 9.650959, 1523464395517.3247
8.917409, 2.22928, 9.652129, 1523464395601.1860
8.809315, 2.238356, 9.635813, 1523464395684.5864
8.684519, 2.219683, 9.645458, 1523464395767.4341
8.570475, 2.201937, 9.620941, 1523464395850.0049
8.477492, 2.214951, 9.615939, 1523464395932.7141
8.37893, 2.249963, 9.644887, 1523464396015.6077
8.279072, 2.261415, 9.667212, 1523464396098.7776
8.182827, 2.256636, 9.655717, 1523464396181.9937
8.092868, 2.244239, 9.646241, 1523464396265.6243
7.98574, 2.250694, 9.632158, 1523464396349.5776
7.872508, 2.24827, 9.63694, 1523464396433.4849
7.755095, 2.228688, 9.649955, 1523464396517.2542
7.64927, 2.232051, 9.65711, 1523464396601.2539
7.549421, 2.25097, 9.658939, 1523464396685.3914
7.440166, 2.269991, 9.655295, 1523464396769.0222
7.327529, 2.27059, 9.640422, 1523464396851.9622
7.226854, 2.282765, 9.628792, 1523464396934.6255
7.123557, 2.318917, 9.625684, 1523464397017.4270
7.023539, 2.366048, 9.631133, 1523464397100.2742
6.917413, 2.392043, 9.649668, 1523464397182.9373
6.806848, 2.395353, 9.657784, 1523464397265.7388
6.685295, 2.392889, 9.634223, 1523464397348.8169
6.59567, 2.407155, 9.631119, 1523464397432.2173
6.489049, 2.409135, 9.627396, 1523464397515.7102
6.379161, 2.406878, 9.63537, 1523464397599.2490
6.273256, 2.422338, 9.639303, 1523464397683.3867
6.178469, 2.477836, 9.656105, 1523464397767.8469
6.083345, 2.513023, 9.660357, 1523464397851.8467
5.975436, 2.546228, 9.650131, 1523464397935.1086
5.885953, 2.573088, 9.632623, 1523464398017.9104
5.809905, 2.629353, 9.649426, 1523464398100.5737
5.754864, 2.698157, 9.660792, 1523464398183.5134
5.683704, 2.763012, 9.680066, 1523464398266.8679
5.609053, 2.838326, 9.665555, 1523464398350.2683
5.515608, 2.87754, 9.645516, 1523464398433.7612
5.431199, 2.927338, 9.632036, 1523464398517.2539
5.330808, 2.975468, 9.610428, 1523464398600.4700
5.227025, 3.021469, 9.621223, 1523464398683.4097
5.146117, 3.076235, 9.616891, 1523464398766.7180
5.09293, 3.151479, 9.639829, 1523464398850.5332
5.037, 3.226869, 9.637696, 1523464398934.2102
4.9466, 3.304018, 9.634584, 1523464399017.2422
4.8782, 3.386994, 9.636197, 1523464399099.8594
4.807824, 3.466078, 9.629066, 1523464399182.5686
4.791872, 3.561229, 9.64431, 1523464399265.6467
4.779359, 3.639808, 9.65953, 1523464399348.9092
4.735939, 3.706424, 9.68507, 1523464399432.2178
4.666947, 3.789374, 9.677699, 1523464399515.6646
4.623305, 3.883524, 9.661004, 1523464399599.3416
4.580033, 3.975654, 9.640471, 1523464399682.7878
4.524176, 4.082932, 9.642357, 1523464399765.9116
4.481066, 4.183628, 9.664043, 1523464399849.1738
4.467916, 4.282858, 9.675638, 1523464399932.9893
4.469339, 4.37757, 9.672356, 1523464400016.8503
4.453754, 4.470757, 9.66897, 1523464400100.0669
4.421631, 4.560604, 9.66365, 1523464400182.4998
4.407764, 4.642541, 9.649483, 1523464400264.7480
4.416731, 4.708549, 9.681487, 1523464400347.3193
4.420157, 4.784617, 9.69411, 1523464400430.0750
4.412236, 4.879541, 9.691607, 1523464400512.8306
4.397664, 4.963305, 9.685114, 1523464400595.5859
4.387428, 5.047135, 9.67987, 1523464400678.7561
4.364511, 5.140523, 9.663658, 1523464400762.1565
4.354934, 5.243956, 9.658328, 1523464400845.6953
4.350184, 5.330342, 9.665194, 1523464400929.3264
4.356456, 5.421279, 9.679443, 1523464401013.2341
4.399551, 5.501813, 9.691289, 1523464401097.4644
4.438645, 5.57349, 9.677339, 1523464401181.5100
4.470116, 5.665465, 9.655787, 1523464401265.0488
4.519451, 5.750707, 9.638088, 1523464401348.1729
4.583395, 5.806854, 9.663572, 1523464401431.0205
4.644645, 5.856877, 9.66918, 1523464401514.0986
4.699719, 5.904466, 9.68187, 1523464401597.3152
4.741621, 5.96539, 9.68889, 1523464401680.6235
4.79414, 6.021166, 9.686425, 1523464401764.1626
4.844273, 6.085957, 9.669473, 1523464401847.6555
4.896111, 6.159757, 9.664921, 1523464401930.7795
4.950788, 6.245688, 9.671309, 1523464402013.7656
5.02089, 6.306284, 9.6824, 1523464402097.3506
5.110018, 6.329445, 9.675583, 1523464402181.5347
5.190238, 6.358052, 9.678186, 1523464402265.5801
5.268937, 6.406823, 9.669682, 1523464402348.8420
5.374137, 6.446231, 9.65495, 1523464402431.5513
5.468188, 6.459771, 9.651796, 1523464402514.0762
5.561721, 6.451468, 9.666406, 1523464402596.7395
5.645959, 6.443805, 9.679812, 1523464402679.5413
5.736246, 6.461956, 9.690754, 1523464402762.2966
5.83336, 6.482318, 9.683619, 1523464402845.0981
5.928887, 6.502807, 9.675148, 1523464402928.0842
6.029769, 6.521371, 9.657368, 1523464403011.2083
6.127883, 6.556926, 9.654401, 1523464403094.1018
6.229654, 6.594443, 9.663164, 1523464403176.9954
6.331957, 6.600535, 9.680785, 1523464403260.4421
6.425937, 6.59833, 9.695889, 1523464403343.9810
6.51726, 6.610924, 9.69228, 1523464403427.0591
6.615371, 6.640405, 9.688853, 1523464403509.5840
6.707753, 6.651909, 9.68915, 1523464403592.3857
6.791366, 6.6369, 9.698843, 1523464403675.6943
6.892905, 6.622327, 9.699773, 1523464403759.1870
6.999614, 6.626768, 9.714262, 1523464403842.5876
7.102772, 6.648129, 9.710331, 1523464403925.9883
7.203015, 6.645444, 9.710226, 1523464404009.7117
7.316155, 6.637928, 9.693347, 1523464404093.7114
7.422958, 6.646091, 9.681289, 1523464404177.4346
7.523347, 6.663634, 9.695835, 1523464404260.9729
7.628844, 6.670747, 9.70485, 1523464404344.6963
7.734336, 6.661659, 9.711783, 1523464404428.3269
7.822631, 6.650623, 9.712943, 1523464404511.5430
7.926682, 6.664982, 9.704798, 1523464404594.2981
8.030532, 6.674916, 9.687838, 1523464404676.8232
8.134374, 6.661878, 9.686455, 1523464404759.4402
8.234624, 6.633009, 9.691726, 1523464404842.3801
8.328717, 6.606127, 9.689245, 1523464404925.5039
8.430023, 6.609268, 9.694316, 1523464405008.5356
8.525103, 6.624183, 9.696752, 1523464405091.5215
8.62275, 6.635647, 9.680616, 1523464405174.8296
8.724852, 6.64111, 9.66751, 1523464405258.2300
8.830156, 6.670549, 9.670548, 1523464405341.5383
8.932714, 6.684221, 9.686803, 1523464405424.9846
9.030029, 6.675073, 9.693857, 1523464405508.7537
9.117265, 6.671268, 9.709152, 1523464405592.3845
9.20812, 6.678482, 9.701347, 1523464405675.5085
9.308592, 6.694345, 9.696732, 1523464405758.3562
9.402886, 6.692869, 9.682391, 1523464405841.2036
9.504879, 6.669803, 9.687957, 1523464405924.2817
9.608704, 6.647137, 9.698487, 1523464406007.4060
9.706164, 6.658672, 9.694959, 1523464406090.2075
9.81217, 6.678638, 9.700129, 1523464406173.0090
9.91151, 6.692644, 9.696414, 1523464406256.0408
10.01088, 6.697649, 9.67944, 1523464406339.3953
10.114333, 6.716637, 9.671537, 1523464406422.8418
10.223717, 6.755398, 9.676588, 1523464406506.3806
10.319434, 6.787622, 9.689868, 1523464406590.1035
10.418157, 6.802302, 9.708452, 1523464406674.0571
10.509777, 6.801314, 9.713876, 1523464406757.7800
10.606401, 6.822049, 9.715699, 1523464406840.9502
10.705053, 6.85192, 9.703991, 1523464406923.6597
10.795615, 6.870481, 9.692992, 1523464407006.5076
10.890305, 6.867244, 9.707919, 1523464407089.5854
10.982013, 6.860264, 9.722803, 1523464407172.8474
11.072824, 6.874202, 9.731735, 1523464407255.9253
11.158828, 6.906629, 9.72328, 1523464407339.0032
11.248763, 6.924759, 9.720474, 1523464407422.3574
11.337971, 6.951352, 9.697455, 1523464407505.8501
11.444213, 6.991384, 9.69241, 1523464407589.1584
11.52809, 7.045763, 9.711729, 1523464407672.3289
11.628887, 7.091641, 9.721876, 1523464407755.7297
11.721221, 7.109332, 9.725148, 1523464407839.4070
11.817176, 7.139723, 9.716139, 1523464407922.9460
11.914645, 7.175667, 9.709294, 1523464408006.1624
12.00823, 7.19416, 9.698651, 1523464408089.1484
12.105015, 7.223019, 9.705088, 1523464408172.2263
12.200141, 7.232841, 9.715311, 1523464408255.3506
12.305122, 7.241119, 9.721574, 1523464408338.5205
12.397257, 7.270874, 9.720847, 1523464408421.6909
12.49588, 7.306512, 9.720579, 1523464408504.8611
12.591564, 7.339006, 9.709876, 1523464408588.2615
12.69038, 7.369663, 9.704571, 1523464408671.7542
12.790683, 7.418483, 9.684643, 1523464408755.1548
12.893964, 7.486724, 9.682844, 1523464408838.2788
12.99486, 7.559141, 9.691168, 1523464408921.5410
13.087411, 7.587843, 9.700164, 1523464409005.1262
13.18117, 7.605036, 9.737046, 1523464409088.4807
13.252784, 7.650012, 9.740232, 1523464409171.1902
13.318439, 7.702971, 9.745563, 1523464409253.5771
13.381905, 7.75024, 9.720457, 1523464409336.0564
13.459442, 7.780307, 9.712259, 1523464409419.1802
13.536406, 7.794385, 9.718649, 1523464409502.8110
13.61306, 7.838728, 9.731018, 1523464409586.4880
13.676742, 7.893428, 9.74359, 1523464409669.9805
13.731413, 7.938811, 9.747026, 1523464409753.7495
13.788213, 7.963321, 9.729395, 1523464409837.9795
13.842608, 7.977076, 9.689529, 1523464409922.4856
13.890581, 8.010032, 9.640471, 1523464410006.8538
13.939053, 8.064433, 9.593172, 1523464410090.6694
13.977633, 8.126862, 9.563464, 1523464410173.9778
14.009099, 8.204026, 9.553121, 1523464410256.7793
14.043816, 8.25436, 9.560643, 1523464410339.6272
14.084431, 8.291187, 9.542602, 1523464410422.5210
14.124517, 8.330091, 9.502129, 1523464410505.3225
14.16302, 8.370333, 9.453697, 1523464410587.9399
14.206575, 8.394959, 9.405429, 1523464410670.8801
14.282699, 8.424325, 9.363808, 1523464410754.4189
14.347066, 8.465503, 9.347523, 1523464410838.1885
14.379648, 8.518452, 9.343622, 1523464410921.8657
14.410195, 8.551207, 9.310904, 1523464411005.7734
14.451372, 8.574627, 9.266349, 1523464411090.0493
14.485468, 8.626457, 9.210928, 1523464411173.9570
14.521105, 8.70345, 9.172504, 1523464411257.0352
14.556786, 8.760692, 9.155576, 1523464411339.8369
14.604819, 8.804311, 9.155084, 1523464411422.8228
14.642904, 8.837866, 9.132247, 1523464411505.6707
14.669157, 8.887936, 9.086748, 1523464411588.1960
14.701484, 8.94328, 9.050764, 1523464411670.6292
14.751229, 9.003372, 9.036148, 1523464411753.5227
14.803108, 9.073836, 9.025908, 1523464411836.6931
14.840377, 9.155574, 9.027376, 1523464411919.7715
14.862464, 9.24357, 9.004633, 1523464412002.7112
14.890121, 9.327177, 8.995012, 1523464412085.8352
14.908485, 9.404138, 9.006061, 1523464412169.2820
14.922436, 9.470373, 9.00476, 1523464412253.0510
14.941275, 9.551265, 8.997203, 1523464412336.7744
14.959789, 9.619897, 8.999555, 1523464412420.0828
14.967508, 9.680527, 8.983156, 1523464412502.9309
14.968899, 9.72431, 8.951704, 1523464412585.4099
14.982303, 9.742709, 8.928672, 1523464412667.9812
15.022542, 9.763532, 8.889948, 1523464412751.0596
15.076925, 9.813992, 8.866143, 1523464412834.9209
15.115269, 9.879824, 8.840692, 1523464412919.1509
15.116955, 9.951276, 8.823428, 1523464413003.0583
15.117091, 10.010577, 8.799181, 1523464413086.8281
15.127704, 10.064995, 8.761527, 1523464413170.7356
15.144989, 10.119964, 8.718064, 1523464413254.6431
15.155255, 10.20017, 8.686315, 1523464413338.3667
15.157083, 10.297954, 8.68723, 1523464413421.7214
15.170916, 10.400509, 8.616479, 1523464413504.9839
15.184011, 10.477476, 8.587893, 1523464413588.0620
15.188816, 10.527446, 8.555745, 1523464413670.6792
15.193642, 10.559739, 8.521193, 1523464413753.2043
15.212802, 10.606978, 8.499516, 1523464413836.0520
15.233541, 10.685995, 8.462214, 1523464413919.5447
15.236203, 10.771482, 8.445871, 1523464414003.2219
15.229878, 10.839531, 8.404048, 1523464414086.8992
15.229829, 10.90111, 8.371784, 1523464414170.6685
15.234977, 10.951763, 8.331691, 1523464414254.4836
15.225797, 11.025006, 8.303165, 1523464414337.7461
15.208362, 11.118899, 8.262586, 1523464414420.5017
15.201862, 11.197041, 8.230302, 1523464414503.2109
15.203358, 11.266381, 8.209413, 1523464414585.9668
15.204316, 11.323189, 8.178925, 1523464414668.4919
15.199935, 11.36859, 8.147004, 1523464414751.0173
15.205914, 11.427155, 8.111314, 1523464414833.9573
15.203674, 11.498133, 8.098666, 1523464414917.1274
15.16744, 11.572636, 8.076017, 1523464415000.0210
15.133628, 11.63718, 8.041868, 1523464415083.0068
15.119123, 11.707644, 7.988917, 1523464415166.4077
15.099319, 11.77587, 7.943912, 1523464415249.8083
15.061482, 11.859312, 7.892568, 1523464415332.7944
15.012524, 11.964136, 7.854703, 1523464415415.5500
14.988477, 12.057019, 7.833618, 1523464415498.5823
14.975636, 12.142732, 7.803233, 1523464415581.7065
14.959177, 12.206748, 7.774343, 1523464415664.6462
14.928609, 12.297853, 7.758628, 1523464415747.5400
14.90326, 12.39462, 7.7374, 1523464415830.6182
14.844334, 12.48677, 7.731065, 1523464415913.6965
14.78574, 12.567161, 7.740088, 1523464415996.8206
14.740433, 12.628415, 7.735505, 1523464416080.2212
14.70559, 12.68825, 7.736922, 1523464416164.1287
14.654033, 12.74307, 7.738013, 1523464416248.0361
14.585579, 12.797775, 7.717977, 1523464416331.3909
14.523413, 12.846354, 7.711092, 1523464416414.5149
14.484053, 12.896966, 7.694575, 1523464416497.6392
14.455026, 12.932371, 7.668433, 1523464416580.8096
14.433458, 12.965213, 7.629996, 1523464416664.0259
14.405819, 13.012667, 7.601199, 1523464416747.4263
14.368047, 13.087253, 7.562113, 1523464416831.2415
14.32237, 13.155568, 7.530462, 1523464416915.1948
14.255194, 13.206429, 7.490865, 1523464416998.8718
14.220902, 13.229981, 7.466902, 1523464417082.6409
14.176627, 13.271089, 7.433284, 1523464417166.5942
14.13772, 13.308628, 7.403119, 1523464417250.5020
14.069088, 13.340769, 7.359909, 1523464417333.8101
13.983063, 13.373096, 7.319665, 1523464417416.5657
13.90905, 13.404715, 7.269767, 1523464417499.0911
13.862353, 13.431836, 7.247676, 1523464417581.4780
13.831592, 13.460196, 7.231126, 1523464417664.1875
13.779483, 13.504143, 7.193668, 1523464417747.3579
13.707663, 13.55291, 7.160455, 1523464417830.7126
13.62672, 13.573442, 7.120819, 1523464417913.8828
13.551938, 13.593118, 7.102449, 1523464417997.0071
13.490834, 13.610273, 7.083271, 1523464418080.3618
13.415882, 13.650255, 7.071854, 1523464418163.9468
13.316953, 13.692205, 7.036979, 1523464418247.2551
13.212847, 13.729118, 7.019902, 1523464418330.2410
13.137133, 13.76659, 7.022243, 1523464418413.0427
13.07797, 13.794472, 7.027684, 1523464418495.7986
13.034041, 13.81828, 7.039834, 1523464418578.6924
12.969729, 13.84643, 7.025377, 1523464418661.8625
12.898616, 13.870637, 7.013638, 1523464418744.9866
12.839935, 13.874425, 7.010496, 1523464418828.0190
12.780195, 13.881492, 6.987488, 1523464418911.3276
12.73367, 13.892094, 6.953866, 1523464418995.0046
12.694743, 13.891221, 6.917341, 1523464419078.7280
12.640828, 13.891516, 6.890749, 1523464419162.4973
12.569562, 13.884278, 6.857602, 1523464419246.1284
12.481017, 13.876665, 6.814876, 1523464419329.3909
12.39817, 13.875428, 6.77901, 1523464419412.5613
12.349148, 13.882145, 6.750436, 1523464419495.6394
12.304494, 13.886891, 6.725446, 1523464419578.6716
12.262347, 13.899295, 6.709335, 1523464419661.8418
12.199094, 13.923247, 6.674345, 1523464419745.4268
12.124021, 13.938899, 6.653636, 1523464419829.1499
12.056112, 13.931737, 6.622931, 1523464419912.6428
11.986815, 13.928614, 6.594109, 1523464419996.1360
11.93322, 13.93379, 6.550917, 1523464420079.7212
11.869505, 13.93651, 6.515939, 1523464420163.3523
11.791132, 13.939088, 6.478197, 1523464420246.7532
11.715856, 13.93113, 6.43625, 1523464420329.6931
11.644199, 13.935646, 6.408084, 1523464420412.4949
11.599739, 13.933489, 6.379867, 1523464420495.1587
11.547375, 13.938636, 6.350405, 1523464420577.8682
11.491558, 13.951397, 6.318365, 1523464420660.9004
11.410241, 13.961193, 6.287842, 1523464420744.1631
11.328567, 13.952886, 6.247588, 1523464420827.3796
11.249683, 13.948927, 6.215164, 1523464420910.7344
11.193893, 13.948484, 6.184727, 1523464420994.4116
11.123299, 13.955946, 6.149612, 1523464421078.3191
11.04712, 13.945823, 6.090607, 1523464421161.8579
10.958756, 13.927615, 6.04397, 1523464421244.8901
10.89278, 13.922618, 6.021968, 1523464421327.6917
10.846148, 13.916969, 5.991704, 1523464421410.3550
10.800234, 13.919841, 5.97111, 1523464421493.1104
10.731076, 13.930012, 5.937733, 1523464421576.3726
10.660025, 13.924033, 5.908447, 1523464421659.7732
10.577911, 13.899093, 5.858621, 1523464421743.0354
10.513603, 13.888835, 5.831208, 1523464421826.3901
10.451783, 13.883942, 5.80586, 1523464421909.8831
10.396674, 13.881635, 5.775512, 1523464421993.4678
10.31246, 13.871001, 5.735595, 1523464422076.8684
10.224824, 13.86011, 5.691486, 1523464422160.0391
10.157372, 13.850746, 5.67137, 1523464422242.9324
10.101213, 13.84303, 5.650316, 1523464422325.5959
10.052032, 13.835572, 5.6204, 1523464422408.2131
9.998248, 13.834385, 5.595146, 1523464422491.1990
9.93194, 13.826503, 5.56519, 1523464422574.5537
9.861545, 13.799478, 5.546225, 1523464422657.7241
9.796173, 13.762847, 5.514149, 1523464422740.7102
9.732207, 13.732049, 5.482713, 1523464422823.8345
9.668138, 13.702836, 5.452542, 1523464422907.0508
9.588037, 13.669625, 5.437059, 1523464422990.2212
9.509864, 13.615199, 5.424067, 1523464423073.2073
9.427229, 13.569822, 5.419419, 1523464423156.0549
9.347601, 13.525381, 5.411954, 1523464423238.9490
9.274841, 13.481617, 5.399337, 1523464423321.7969
9.197758, 13.439432, 5.38589, 1523464423404.7827
9.12706, 13.402015, 5.391154, 1523464423487.9072
9.064297, 13.361743, 5.396336, 1523464423571.0771
8.998756, 13.315058, 5.393995, 1523464423654.2476
8.93437, 13.251987, 5.391096, 1523464423737.3716
8.873629, 13.199137, 5.385613, 1523464423820.6338
8.840624, 13.137115, 5.376588, 1523464423904.2649
8.797179, 13.06828, 5.366502, 1523464423988.0803
8.7788, 13.001471, 5.365143, 1523464424071.9417
8.748925, 12.933217, 5.375594, 1523464424155.9417
8.726032, 12.879333, 5.381573, 1523464424240.0796
8.68981, 12.809355, 5.384091, 1523464424324.0791
8.663674, 12.73699, 5.386303, 1523464424407.5259
8.64938, 12.673223, 5.385011, 1523464424490.3738
8.645299, 12.610322, 5.37582, 1523464424573.0830
8.631593, 12.551649, 5.350612, 1523464424655.8848
8.613261, 12.511804, 5.329237, 1523464424738.7327
8.599266, 12.476807, 5.29802, 1523464424821.5342
8.582748, 12.444654, 5.26651, 1523464424904.6584
8.547164, 12.401399, 5.241434, 1523464424988.2896
8.505921, 12.347696, 5.215713, 1523464425072.2891
8.479729, 12.281095, 5.202755, 1523464425156.0125
8.476821, 12.214464, 5.182974, 1523464425239.5054
8.466937, 12.164785, 5.15887, 1523464425322.9980
8.458739, 12.118796, 5.125726, 1523464425406.5369
8.450294, 12.070158, 5.086941, 1523464425490.0759
8.447371, 12.014863, 5.055145, 1523464425573.6150
8.4442, 11.946831, 5.022489, 1523464425656.8774
8.446009, 11.875375, 4.996005, 1523464425739.7253
8.439424, 11.813295, 4.974152, 1523464425822.3887
8.433694, 11.755039, 4.946462, 1523464425905.0061
8.422796, 11.704192, 4.910794, 1523464425987.7615
8.405954, 11.64937, 4.872004, 1523464426070.8396
8.378778, 11.575402, 4.828966, 1523464426154.4243
8.35735, 11.500368, 4.797014, 1523464426238.1936
8.34925, 11.418253, 4.773863, 1523464426321.7324
8.352022, 11.349883, 4.755231, 1523464426405.0408
8.348479, 11.295963, 4.722814, 1523464426488.6260
8.3422, 11.239987, 4.68395, 1523464426572.5337
8.350391, 11.163474, 4.643836, 1523464426656.1650
8.380044, 11.085056, 4.614516, 1523464426739.1970
8.386806, 11.024179, 4.604795, 1523464426822.0449
8.371106, 10.979377, 4.579948, 1523464426905.0310
8.35742, 10.934886, 4.55335, 1523464426987.9709
8.353302, 10.890207, 4.528048, 1523464427070.8647
8.331923, 10.831274, 4.494001, 1523464427154.0811
8.309985, 10.755924, 4.461914, 1523464427237.4819
8.309772, 10.682596, 4.440954, 1523464427320.7905
8.310303, 10.620374, 4.405045, 1523464427404.1914
8.298095, 10.562469, 4.367382, 1523464427487.8225
8.28332, 10.502665, 4.323298, 1523464427571.5918
8.28669, 10.415558, 4.271183, 1523464427655.0388
8.296719, 10.331232, 4.225234, 1523464427737.7483
8.317184, 10.250655, 4.204166, 1523464427820.2734
8.310436, 10.192866, 4.191134, 1523464427902.7527
8.301121, 10.152494, 4.163657, 1523464427985.2319
8.286184, 10.107132, 4.145676, 1523464428067.9414
8.255462, 10.042982, 4.104974, 1523464428151.2039
8.23263, 9.972374, 4.080331, 1523464428234.7427
8.23235, 9.896182, 4.047226, 1523464428318.1895
8.233162, 9.833264, 4.013203, 1523464428401.7747
8.220123, 9.77006, 3.972014, 1523464428485.5898
8.21427, 9.701191, 3.92841, 1523464428569.4053
8.22649, 9.600353, 3.879524, 1523464428652.5754
8.239801, 9.510443, 3.838432, 1523464428735.3311
8.237301, 9.449301, 3.823922, 1523464428817.8562
8.246098, 9.402002, 3.797156, 1523464428900.3354
8.237377, 9.353131, 3.767772, 1523464428983.2295
8.204657, 9.266071, 3.713576, 1523464429066.7224
8.185559, 9.172546, 3.662431, 1523464429150.3538
8.196356, 9.093417, 3.623571, 1523464429233.8467
8.20475, 9.031263, 3.610037, 1523464429317.3394
8.203656, 8.988571, 3.591501, 1523464429401.1548
8.196086, 8.930944, 3.561743, 1523464429485.2466
8.214933, 8.844829, 3.510484, 1523464429568.8777
8.235734, 8.763425, 3.481568, 1523464429651.8640
8.23846, 8.692232, 3.436513, 1523464429734.7119
8.238326, 8.649817, 3.418408, 1523464429817.5134
8.227083, 8.605289, 3.396489, 1523464429900.5457
8.207323, 8.538075, 3.358524, 1523464429984.0386
8.190412, 8.461535, 3.326721, 1523464430067.7158
8.194461, 8.387664, 3.289716, 1523464430151.1624
8.194103, 8.329852, 3.263149, 1523464430234.6553
8.195285, 8.286669, 3.226389, 1523464430318.2864
8.189341, 8.234679, 3.193864, 1523464430401.9172
8.210014, 8.148715, 3.157022, 1523464430485.0874
8.226272, 8.049969, 3.108983, 1523464430567.7969
8.232421, 7.965971, 3.056341, 1523464430650.5066
8.223204, 7.895149, 3.025424, 1523464430733.1702
8.219594, 7.845926, 3.00158, 1523464430815.8335
8.203463, 7.787395, 2.965397, 1523464430898.9114
8.174965, 7.701671, 2.921431, 1523464430982.3584
8.161654, 7.607497, 2.871105, 1523464431065.7131
8.166254, 7.534261, 2.860535, 1523464431149.1138
8.16765, 7.497845, 2.845946, 1523464431232.6067
8.144403, 7.456185, 2.831969, 1523464431316.3765
8.143783, 7.377565, 2.788973, 1523464431400.0535
8.143323, 7.284755, 2.75185, 1523464431483.4082
8.123186, 7.203269, 2.710312, 1523464431566.6245
8.112102, 7.135194, 2.670257, 1523464431649.5186
8.10674, 7.087945, 2.635769, 1523464431732.1821
8.082509, 7.015927, 2.592671, 1523464431815.1685
8.051352, 6.931756, 2.554997, 1523464431898.6611
8.039717, 6.835962, 2.510423, 1523464431982.1079
8.040998, 6.76002, 2.489084, 1523464432065.5552
8.049159, 6.693479, 2.463564, 1523464432149.0479
8.041967, 6.644646, 2.447067, 1523464432232.6792
8.026306, 6.570116, 2.420697, 1523464432316.2644
8.020978, 6.473666, 2.376107, 1523464432399.4348
8.004068, 6.395784, 2.346653, 1523464432482.6052
7.979229, 6.331677, 2.328746, 1523464432565.8215
7.960145, 6.263999, 2.29885, 1523464432648.9922
7.937275, 6.194182, 2.285053, 1523464432732.3928
7.906463, 6.10721, 2.24567, 1523464432816.0703
7.867368, 6.00152, 2.218808, 1523464432900.0701
7.839274, 5.901289, 2.203615, 1523464432983.9778
7.823374, 5.807058, 2.198534, 1523464433067.7932
7.80033, 5.730224, 2.183567, 1523464433151.7930
7.771599, 5.648196, 2.150064, 1523464433235.6548
7.760265, 5.571032, 2.112716, 1523464433319.0557
7.745697, 5.482829, 2.09478, 1523464433402.2722
7.713442, 5.375615, 2.06702, 1523464433485.4888
7.672446, 5.250065, 2.071313, 1523464433568.4751
7.62287, 5.124331, 2.056491, 1523464433651.2310
7.573637, 5.001794, 2.046636, 1523464433733.6638
7.529902, 4.880485, 2.030754, 1523464433815.8667
7.476614, 4.767336, 2.008976, 1523464433898.2998
7.42264, 4.672526, 2.021662, 1523464433981.0095
7.383797, 4.562069, 2.037702, 1523464434063.7190
7.36947, 4.454588, 2.054898, 1523464434146.5669
7.338155, 4.35316, 2.04449, 1523464434229.9216
7.280663, 4.25122, 2.016149, 1523464434313.8291
7.235317, 4.161404, 2.029038, 1523464434397.7827
7.190634, 4.072753, 2.039477, 1523464434481.7363
7.118748, 3.998595, 2.0604, 1523464434566.0588
7.033036, 3.918473, 2.045155, 1523464434650.3809
6.956025, 3.838947, 2.017043, 1523464434734.1501
6.88732, 3.754127, 2.007576, 1523464434817.0903
6.821382, 3.683858, 2.027727, 1523464434899.5234
6.753892, 3.62994, 2.046886, 1523464434981.7722
6.670465, 3.585653, 2.052828, 1523464435064.5281
6.582001, 3.527187, 2.045714, 1523464435147.4678
6.506598, 3.451146, 2.032219, 1523464435230.4539
6.435965, 3.39147, 2.031768, 1523464435313.6704
6.364574, 3.33953, 2.03278, 1523464435396.9788
6.309309, 3.293005, 2.064587, 1523464435480.2871
6.237871, 3.238455, 2.064084, 1523464435563.6421
6.155236, 3.192578, 2.071366, 1523464435646.8584
6.085813, 3.141533, 2.07797, 1523464435729.6604
6.016588, 3.089492, 2.061291, 1523464435812.0015
5.958135, 3.046921, 2.05338, 1523464435894.1582
5.891634, 3.024183, 2.060226, 1523464435976.6377
5.81807, 3.010429, 2.066525, 1523464436059.3474
5.741785, 2.976557, 2.066931, 1523464436142.0112
5.664411, 2.92994, 2.06524, 1523464436224.6746
5.605615, 2.897687, 2.068076, 1523464436307.7529
5.535719, 2.876675, 2.063893, 1523464436391.5225
5.468505, 2.859512, 2.053196, 1523464436475.7986
5.41292, 2.820534, 2.044856, 1523464436560.0747
5.370865, 2.773921, 2.058053, 1523464436644.1206
5.333718, 2.749893, 2.063784, 1523464436728.3970
5.277716, 2.747341, 2.05673, 1523464436812.9958
5.236173, 2.746302, 2.063841, 1523464436897.1340
5.206381, 2.7138, 2.07061, 1523464436980.3506
5.181839, 2.696093, 2.073416, 1523464437063.0142
5.163077, 2.694601, 2.091924, 1523464437145.6316
5.153691, 2.713889, 2.094987, 1523464437228.3411
5.140543, 2.727406, 2.087397, 1523464437310.9124
5.124846, 2.725107, 2.076266, 1523464437393.2993
5.116533, 2.731884, 2.076621, 1523464437475.9170
5.116573, 2.740976, 2.070417, 1523464437558.8569
5.105383, 2.758322, 2.072572, 1523464437641.8894
5.108476, 2.754671, 2.083695, 1523464437724.9675
5.119054, 2.750953, 2.07594, 1523464437808.1377
5.129213, 2.755501, 2.076941, 1523464437891.4004
5.134235, 2.75705, 2.070989, 1523464437974.5706
5.137673, 2.748149, 2.063313, 1523464438057.6028
5.137938, 2.745947, 2.074384, 1523464438140.6350
5.137605, 2.744958, 2.070189, 1523464438223.6670
5.134387, 2.740079, 2.073863, 1523464438306.7454
5.132295, 2.737235, 2.075025, 1523464438389.8237
5.13202, 2.729394, 2.067882, 1523464438472.9023
5.138261, 2.72427, 2.06918, 1523464438556.0264
