1523464351809
9.224,2.685,2.165,1523464351895
9.224,2.685,2.165,1523464351981
9.224,2.685,2.165,1523464352067
9.390,3.032,1.236,1523464352153
9.379,3.083,1.036,1523464352239
9.384,3.050,1.080,1523464352325
9.386,3.066,1.074,1523464352411
9.394,3.055,1.104,1523464352497
9.381,3.048,1.124,1523464352583
9.392,3.073,1.116,1523464352669
9.410,3.127,1.079,1523464352755
9.397,3.161,1.080,1523464352841
9.380,3.163,1.085,1523464352927
9.371,3.163,1.087,1523464353013
9.350,3.146,1.093,1523464353099
9.326,3.105,1.145,1523464353185
9.276,3.064,1.220,1523464353271
9.208,3.087,1.210,1523464353357
9.206,3.098,1.246,1523464353443
9.230,3.122,1.308,1523464353529
9.255,3.182,1.344,1523464353615
9.256,3.185,1.349,1523464353701
8.927,3.147,1.615,1523464353787
9.197,3.528,1.245,1523464353873
9.269,3.580,1.258,1523464353959
9.029,3.665,1.276,1523464354045
9.004,3.620,1.445,1523464354131
9.113,3.734,1.404,1523464354217
9.034,3.754,1.467,1523464354303
9.045,3.861,1.450,1523464354389
9.064,3.940,1.451,1523464354475
8.907,3.863,1.651,1523464354561
9.089,4.180,1.440,1523464354647
9.087,4.272,1.436,1523464354733
9.097,4.266,1.506,1523464354819
9.113,4.340,1.461,1523464354905
9.094,4.443,1.477,1523464354991
9.051,4.607,1.499,1523464355077
9.032,4.743,1.528,1523464355163
9.043,4.833,1.570,1523464355249
9.052,4.925,1.612,1523464355335
9.021,4.998,1.633,1523464355421
8.967,5.124,1.621,1523464355507
8.938,5.254,1.576,1523464355593
8.902,5.407,1.552,1523464355679
8.855,5.490,1.598,1523464355765
8.814,5.624,1.634,1523464355851
8.791,5.723,1.663,1523464355937
8.806,5.857,1.642,1523464356023
8.859,5.935,1.705,1523464356109
8.837,6.135,1.646,1523464356195
8.793,6.196,1.736,1523464356281
8.807,6.312,1.756,1523464356367
8.786,6.352,1.873,1523464356453
8.821,6.473,1.875,1523464356539
8.739,6.550,1.888,1523464356625
8.732,6.658,1.872,1523464356711
8.687,6.670,1.957,1523464356797
8.735,6.815,1.902,1523464356883
8.647,6.917,1.880,1523464356969
8.599,7.010,1.918,1523464357055
8.564,7.119,1.885,1523464357141
8.602,7.236,1.941,1523464357227
8.582,7.277,2.019,1523464357313
8.555,7.379,2.040,1523464357399
8.457,7.413,2.148,1523464357485
8.477,7.515,2.127,1523464357571
8.501,7.571,2.150,1523464357657
8.438,7.596,2.237,1523464357743
8.453,7.699,2.239,1523464357829
8.464,7.758,2.271,1523464357915
8.449,7.873,2.219,1523464358001
8.457,7.909,2.264,1523464358087
8.424,7.957,2.320,1523464358173
8.386,8.010,2.397,1523464358259
8.362,8.061,2.449,1523464358345
8.299,8.137,2.473,1523464358431
8.286,8.145,2.536,1523464358517
8.278,8.221,2.536,1523464358603
8.272,8.272,2.560,1523464358689
8.233,8.335,2.599,1523464358775
8.172,8.348,2.684,1523464358861
8.189,8.483,2.666,1523464358947
8.164,8.533,2.701,1523464359033
8.163,8.537,2.704,1523464359119
8.163,8.539,2.706,1523464359205
6.949,9.351,1.581,1523464359291
6.741,9.484,1.448,1523464359377
6.886,9.497,1.611,1523464359463
6.881,9.504,1.603,1523464359549
7.038,9.538,1.828,1523464359635
7.116,9.577,1.969,1523464359721
7.120,9.580,1.984,1523464359807
7.979,9.162,2.846,1523464359893
8.022,9.194,3.030,1523464359979
7.986,9.287,3.047,1523464360065
7.968,9.319,3.069,1523464360151
7.923,9.361,3.097,1523464360237
7.922,9.363,3.103,1523464360323
7.890,9.446,3.177,1523464360409
7.922,9.516,3.215,1523464360495
7.930,9.593,3.229,1523464360581
7.901,9.662,3.261,1523464360667
7.901,9.727,3.272,1523464360753
7.890,9.799,3.289,1523464360839
7.869,9.854,3.335,1523464360925
7.858,9.859,3.431,1523464361011
7.865,9.949,3.433,1523464361097
7.856,10.025,3.435,1523464361183
7.859,10.029,3.493,1523464361269
7.893,10.107,3.482,1523464361355
7.870,10.121,3.582,1523464361441
7.874,10.160,3.647,1523464361527
7.902,10.247,3.644,1523464361613
7.889,10.305,3.667,1523464361699
7.909,10.396,3.630,1523464361785
7.884,10.446,3.640,1523464361871
7.868,10.493,3.679,1523464361957
7.837,10.607,3.692,1523464362043
7.837,10.631,3.783,1523464362129
7.802,10.691,3.822,1523464362215
7.805,10.764,3.817,1523464362301
7.805,10.768,3.819,1523464362387
7.799,10.828,3.865,1523464362473
7.825,10.829,3.949,1523464362559
7.828,10.920,3.971,1523464362645
7.816,10.996,3.984,1523464362731
7.835,11.036,4.018,1523464362817
7.838,11.142,3.984,1523464362903
7.825,11.178,4.019,1523464362989
7.870,11.191,4.111,1523464363075
7.830,11.372,4.069,1523464363161
7.842,11.300,4.250,1523464363247
7.862,11.272,4.377,1523464363333
7.888,11.393,4.350,1523464363419
7.871,11.443,4.372,1523464363505
7.867,11.497,4.392,1523464363591
7.867,11.536,4.452,1523464363677
7.883,11.592,4.505,1523464363763
7.850,11.563,4.623,1523464363849
7.842,11.712,4.598,1523464363935
7.834,11.761,4.610,1523464364021
7.820,11.850,4.621,1523464364107
7.821,11.940,4.641,1523464364193
7.817,11.977,4.690,1523464364279
7.820,11.989,4.745,1523464364365
7.821,11.967,4.829,1523464364451
7.817,12.045,4.825,1523464364537
7.847,12.140,4.793,1523464364623
7.862,12.214,4.808,1523464364709
7.863,12.282,4.860,1523464364795
7.848,12.335,4.922,1523464364881
7.857,12.368,4.989,1523464364967
7.858,12.451,4.995,1523464365053
7.842,12.545,4.973,1523464365139
7.841,12.610,4.952,1523464365225
7.756,12.739,4.915,1523464365311
7.694,12.825,4.943,1523464365397
7.717,12.830,5.038,1523464365483
7.715,12.841,5.130,1523464365569
7.678,12.898,5.163,1523464365655
7.663,12.925,5.179,1523464365741
7.635,13.017,5.170,1523464365827
7.541,13.173,5.111,1523464365913
7.529,13.219,5.145,1523464365999
7.576,13.205,5.290,1523464366085
7.553,13.218,5.312,1523464366171
7.536,13.165,5.317,1523464366257
7.535,13.163,5.320,1523464366343
7.448,13.113,5.207,1523464366429
7.375,13.321,5.311,1523464366515
7.303,13.437,5.306,1523464366601
7.179,13.544,5.370,1523464366687
7.096,13.626,5.524,1523464366773
7.012,13.099,5.198,1523464366859
6.952,13.771,5.591,1523464366945
6.857,13.861,5.634,1523464367031
6.764,13.890,5.608,1523464367117
6.538,13.867,6.059,1523464367203
6.601,13.937,5.818,1523464367289
6.599,13.940,5.816,1523464367375
6.598,13.942,5.815,1523464367461
6.598,13.942,5.815,1523464367547
6.598,13.942,5.814,1523464367633
6.598,13.943,5.814,1523464367719
6.598,13.943,5.814,1523464367805
6.598,13.943,5.814,1523464367891
6.598,13.943,5.814,1523464367977
5.933,3.785,6.073,1523464368063
5.843,2.834,5.998,1523464368149
5.797,2.915,6.012,1523464368235
5.723,3.207,5.766,1523464368321
5.717,3.187,5.751,1523464368407
5.715,3.178,5.743,1523464368493
5.627,3.079,6.165,1523464368579
5.623,3.074,6.190,1523464368665
5.622,3.071,6.204,1523464368751
5.621,3.070,6.210,1523464368837
5.357,3.318,5.988,1523464368923
5.348,3.327,5.975,1523464369009
5.343,3.331,5.968,1523464369095
5.155,3.633,5.716,1523464369181
5.147,3.645,5.698,1523464369267
5.084,3.537,5.755,1523464369353
5.081,3.536,5.755,1523464369439
4.940,14.606,10.876,1523464369525
4.934,14.995,11.208,1523464369611
4.932,15.170,11.379,1523464369697
4.788,15.350,11.612,1523464369783
5.022,14.592,11.531,1523464369869
4.666,15.180,11.672,1523464369955
4.656,15.197,11.690,1523464370041
4.652,15.204,11.699,1523464370127
4.650,15.208,11.704,1523464370213
4.649,15.209,11.706,1523464370299
5.089,14.331,12.440,1523464370385
5.019,14.338,12.579,1523464370471
4.858,14.291,12.369,1523464370557
4.893,14.079,12.440,1523464370643
4.898,13.967,12.407,1523464370729
4.653,13.567,12.794,1523464370815
4.644,13.549,12.819,1523464370901
4.640,13.541,12.832,1523464370987
3.913,13.942,13.653,1523464371073
3.886,13.954,13.709,1523464371159
3.874,13.960,13.738,1523464371245
4.430,13.609,12.705,1523464371331
4.563,13.516,12.428,1523464371417
4.598,13.277,12.128,1523464371503
4.471,13.231,12.169,1523464371589
4.373,13.394,12.481,1523464371675
4.307,13.388,12.512,1523464371761
4.050,13.265,12.356,1523464371847
3.971,13.262,12.389,1523464371933
3.927,13.339,12.490,1523464372019
3.846,13.293,12.568,1523464372105
3.834,13.192,12.589,1523464372191
3.692,13.180,12.691,1523464372277
3.702,13.072,12.649,1523464372363
3.785,12.818,12.272,1523464372449
3.425,12.942,12.449,1523464372535
3.623,12.750,12.179,1523464372621
3.469,12.855,12.312,1523464372707
3.242,12.885,12.455,1523464372793
3.412,12.732,12.238,1523464372879
3.435,12.691,12.146,1523464372965
3.331,12.701,12.156,1523464373051
3.147,12.650,12.138,1523464373137
2.968,12.759,12.414,1523464373223
2.956,12.651,12.226,1523464373309
2.580,12.947,12.654,1523464373395
2.647,12.513,12.483,1523464373481
2.577,12.497,12.493,1523464373567
2.665,12.448,12.350,1523464373653
2.648,12.402,12.272,1523464373739
2.728,12.326,12.159,1523464373825
2.676,12.314,12.182,1523464373911
2.593,12.322,12.228,1523464373997
2.417,12.419,12.440,1523464374083
2.402,12.372,12.423,1523464374169
2.281,12.387,12.457,1523464374255
2.156,12.405,12.461,1523464374341
2.096,12.348,12.497,1523464374427
1.858,12.367,12.657,1523464374513
1.822,12.336,12.612,1523464374599
1.820,12.253,12.639,1523464374685
1.973,12.082,12.536,1523464374771
1.997,11.974,12.515,1523464374857
2.000,11.967,12.511,1523464374943
1.979,11.872,12.463,1523464375029
1.972,11.798,12.408,1523464375115
2.011,11.631,12.437,1523464375201
1.909,11.683,12.330,1523464375287
1.911,11.571,12.340,1523464375373
1.891,11.499,12.270,1523464375459
1.894,11.453,12.130,1523464375545
1.717,11.433,12.306,1523464375631
1.944,11.312,12.118,1523464375717
1.987,11.215,12.071,1523464375803
1.960,11.182,12.015,1523464375889
1.917,11.146,11.978,1523464375975
1.921,11.107,11.937,1523464376061
1.896,11.058,11.955,1523464376147
1.850,11.012,11.988,1523464376233
1.829,10.950,11.950,1523464376319
1.818,10.892,11.848,1523464376405
1.825,10.844,11.845,1523464376491
1.887,10.758,11.791,1523464376577
1.846,10.725,11.841,1523464376663
1.908,10.640,11.746,1523464376749
1.904,10.618,11.716,1523464376835
2.033,10.499,11.463,1523464376921
2.076,10.380,11.335,1523464377007
1.814,10.367,11.791,1523464377093
1.876,10.355,11.603,1523464377179
1.867,10.347,11.522,1523464377265
1.843,10.313,11.529,1523464377351
1.854,10.261,11.526,1523464377437
1.825,10.201,11.519,1523464377523
1.809,10.159,11.442,1523464377609
1.810,10.089,11.336,1523464377695
1.787,9.985,11.302,1523464377781
1.807,9.892,11.365,1523464377867
1.749,9.813,11.599,1523464377953
1.863,9.758,11.380,1523464378039
1.810,9.665,11.536,1523464378125
1.818,9.782,11.398,1523464378211
1.856,9.619,11.406,1523464378297
1.932,9.529,11.188,1523464378383
1.941,9.500,11.222,1523464378469
1.990,9.412,11.103,1523464378555
2.074,9.333,10.898,1523464378641
2.093,9.257,10.848,1523464378727
2.076,9.197,10.911,1523464378813
2.067,9.110,10.902,1523464378899
2.039,9.031,10.915,1523464378985
2.094,8.996,10.584,1523464379071
2.107,8.938,10.637,1523464379157
2.134,8.890,10.723,1523464379243
2.191,8.817,10.702,1523464379329
2.240,8.694,10.706,1523464379415
2.252,8.608,10.842,1523464379501
2.326,8.531,10.603,1523464379587
2.386,8.482,10.789,1523464379673
2.381,8.472,10.919,1523464379759
2.395,8.412,10.846,1523464379845
2.441,8.347,10.632,1523464379931
2.454,8.357,10.838,1523464380017
2.477,8.230,10.689,1523464380103
2.498,8.145,10.653,1523464380189
2.499,8.140,10.648,1523464380275
2.488,8.080,10.749,1523464380361
2.488,8.077,10.755,1523464380447
2.652,7.959,10.886,1523464380533
2.631,7.882,10.420,1523464380619
2.699,7.852,10.270,1523464380705
2.715,7.815,10.685,1523464380791
2.737,7.765,10.657,1523464380877
2.784,7.727,10.546,1523464380963
2.776,7.652,10.656,1523464381049
2.814,7.628,10.064,1523464381135
2.851,7.579,9.623,1523464381221
2.923,7.518,10.080,1523464381307
2.915,7.454,9.684,1523464381393
2.902,7.378,9.497,1523464381479
2.929,7.355,9.885,1523464381565
2.982,7.359,10.176,1523464381651
2.966,7.339,9.745,1523464381737
3.081,7.266,9.677,1523464381823
3.130,7.210,9.606,1523464381909
3.193,7.169,9.776,1523464381995
3.279,7.117,10.022,1523464382081
3.342,7.049,9.765,1523464382167
3.388,6.985,9.686,1523464382253
3.433,6.948,9.534,1523464382339
3.459,6.871,9.962,1523464382425
3.566,6.839,10.011,1523464382511
3.624,6.781,9.797,1523464382597
3.722,6.735,9.885,1523464382683
3.768,6.606,10.385,1523464382769
3.912,6.623,10.149,1523464382855
4.006,6.648,10.001,1523464382941
4.095,6.642,10.167,1523464383027
4.223,6.629,10.274,1523464383113
4.344,6.620,10.262,1523464383199
4.477,6.631,10.176,1523464383285
4.548,6.619,9.690,1523464383371
4.618,6.573,9.492,1523464383457
4.700,6.558,9.530,1523464383543
4.816,6.585,9.542,1523464383629
4.920,6.592,9.537,1523464383715
5.033,6.595,9.697,1523464383801
5.152,6.584,9.851,1523464383887
5.207,6.563,9.719,1523464383973
5.305,6.570,9.751,1523464384059
5.410,6.592,9.800,1523464384145
5.498,6.606,9.720,1523464384231
5.604,6.613,9.635,1523464384317
5.610,6.613,9.628,1523464384403
5.613,6.613,9.624,1523464384489
5.871,6.656,9.541,1523464384575
5.972,6.663,9.634,1523464384661
6.074,6.636,9.630,1523464384747
6.081,6.635,9.632,1523464384833
6.189,6.946,8.117,1523464384919
6.194,6.957,8.019,1523464385005
6.196,6.962,7.969,1523464385091
6.535,6.656,9.455,1523464385177
6.615,6.642,9.511,1523464385263
6.717,6.692,9.567,1523464385349
6.831,6.748,9.868,1523464385435
6.871,6.781,9.690,1523464385521
6.875,6.783,9.692,1523464385607
6.877,6.784,9.693,1523464385693
6.878,6.784,9.693,1523464385779
7.204,6.991,9.444,1523464385865
7.332,6.981,9.891,1523464385951
7.434,7.022,9.435,1523464386037
7.487,6.938,9.666,1523464386123
7.550,6.897,9.762,1523464386209
7.666,6.864,9.904,1523464386295
7.734,6.821,9.632,1523464386381
7.851,6.860,10.020,1523464386467
7.954,6.868,9.747,1523464386553
8.049,6.875,9.744,1523464386639
8.140,6.890,9.704,1523464386725
8.241,6.904,10.124,1523464386811
8.350,6.922,9.792,1523464386897
8.450,6.914,10.061,1523464386983
8.543,6.918,10.215,1523464387069
8.635,6.932,10.073,1523464387155
8.733,6.948,9.725,1523464387241
8.851,6.910,9.588,1523464387327
8.950,6.907,9.724,1523464387413
9.054,6.859,9.643,1523464387499
9.174,6.837,9.575,1523464387585
9.291,6.821,9.297,1523464387671
9.420,6.873,9.194,1523464387757
9.496,6.888,9.559,1523464387843
9.626,6.871,9.435,1523464387929
9.770,6.861,9.301,1523464388015
9.928,6.856,9.213,1523464388101
10.014,6.828,9.319,1523464388187
10.123,6.783,9.377,1523464388273
10.229,6.773,9.282,1523464388359
10.338,6.784,9.365,1523464388445
10.386,6.695,9.357,1523464388531
10.462,6.685,9.492,1523464388617
10.467,6.683,9.501,1523464388703
10.682,6.688,9.243,1523464388789
10.858,6.750,9.288,1523464388875
10.886,6.675,9.830,1523464388961
11.005,6.689,9.497,1523464389047
11.130,6.689,9.461,1523464389133
11.212,6.654,9.305,1523464389219
11.299,6.580,9.272,1523464389305
11.372,6.539,9.029,1523464389391
11.463,6.510,9.011,1523464389477
11.549,6.465,9.096,1523464389563
11.619,6.405,9.341,1523464389649
11.716,6.340,9.344,1523464389735
11.855,6.328,9.334,1523464389821
11.912,6.227,9.165,1523464389907
11.922,6.200,9.655,1523464389993
12.085,6.056,9.276,1523464390079
12.192,6.052,9.199,1523464390165
12.228,6.060,9.861,1523464390251
12.313,5.927,9.290,1523464390337
12.370,5.835,9.335,1523464390423
12.411,5.737,9.245,1523464390509
12.475,5.672,9.254,1523464390595
12.483,5.613,9.309,1523464390681
12.522,5.525,9.389,1523464390767
12.603,5.425,9.169,1523464390853
12.680,5.347,9.082,1523464390939
12.696,5.268,9.084,1523464391025
12.696,5.207,9.214,1523464391111
12.792,5.123,9.051,1523464391197
12.844,5.034,8.928,1523464391283
12.707,4.994,9.432,1523464391369
12.910,4.884,9.023,1523464391455
13.027,4.750,8.882,1523464391541
12.942,4.646,8.828,1523464391627
12.969,4.579,8.944,1523464391713
12.938,4.474,8.935,1523464391799
12.855,4.337,8.896,1523464391885
12.891,3.942,8.234,1523464391971
12.821,4.182,8.967,1523464392057
12.793,4.141,9.258,1523464392143
12.801,4.049,9.315,1523464392229
12.733,3.895,9.082,1523464392315
12.654,3.840,9.211,1523464392401
12.700,3.725,9.079,1523464392487
12.686,3.652,9.101,1523464392573
12.604,3.576,9.269,1523464392659
12.601,3.571,9.279,1523464392745
12.465,3.420,9.176,1523464392831
12.728,3.092,8.442,1523464392917
12.737,3.010,8.231,1523464393003
12.740,3.001,8.195,1523464393089
11.775,3.178,9.567,1523464393175
12.067,3.076,9.356,1523464393261
12.177,2.816,8.955,1523464393347
12.060,2.942,9.106,1523464393433
11.980,2.890,9.131,1523464393519
11.912,2.777,9.333,1523464393605
11.768,2.727,9.388,1523464393691
11.702,2.715,9.374,1523464393777
11.383,2.579,9.539,1523464393863
11.273,2.542,9.750,1523464393949
11.263,2.538,9.769,1523464394035
11.292,2.484,9.139,1523464394121
11.219,2.480,9.178,1523464394207
11.202,2.230,8.811,1523464394293
11.118,2.141,8.807,1523464394379
11.030,2.088,8.786,1523464394465
10.876,1.938,8.506,1523464394551
10.758,2.106,8.702,1523464394637
10.667,2.136,8.732,1523464394723
10.660,2.139,8.735,1523464394809
10.459,2.336,9.442,1523464394895
10.451,2.344,9.489,1523464394981
10.387,0.747,8.325,1523464395067
10.383,0.692,8.261,1523464395153
10.381,0.667,8.228,1523464395239
10.014,2.636,11.112,1523464395325
9.328,2.780,11.623,1523464395411
9.299,2.812,11.737,1523464395497
9.185,2.674,11.290,1523464395583
9.176,2.675,11.287,1523464395669
9.189,2.564,10.222,1523464395755
9.229,2.599,11.010,1523464395841
9.230,2.599,11.029,1523464395927
9.231,2.598,11.040,1523464396013
9.231,2.598,11.045,1523464396099
9.231,2.598,11.047,1523464396185
9.231,2.598,11.049,1523464396271
8.637,2.549,9.834,1523464396357
8.486,2.563,9.871,1523464396443
8.407,2.531,9.881,1523464396529
8.302,2.500,9.803,1523464396615
8.178,2.498,10.003,1523464396701
8.082,2.543,10.485,1523464396787
7.782,2.356,10.976,1523464396873
7.812,2.459,10.266,1523464396959
7.716,2.467,9.868,1523464397045
7.609,2.447,9.941,1523464397131
7.488,2.444,9.502,1523464397217
7.362,2.477,9.760,1523464397303
7.281,2.625,10.148,1523464397389
7.162,2.606,9.923,1523464397475
7.155,2.607,9.920,1523464397561
7.152,2.608,9.919,1523464397647
7.151,2.608,9.918,1523464397733
7.150,2.609,9.918,1523464397819
6.654,2.591,9.727,1523464397905
6.511,2.659,9.826,1523464397991
6.323,2.785,9.427,1523464398077
6.311,2.790,9.401,1523464398163
6.306,2.793,9.388,1523464398249
6.304,2.794,9.382,1523464398335
5.996,2.740,9.443,1523464398421
5.985,2.738,9.445,1523464398507
5.980,2.737,9.447,1523464398593
5.707,2.939,10.083,1523464398679
5.696,2.946,10.125,1523464398765
5.601,3.112,10.672,1523464398851
5.596,3.119,10.717,1523464398937
5.593,3.122,10.740,1523464399023
5.387,3.295,9.831,1523464399109
5.030,3.295,9.154,1523464399195
4.969,3.391,9.825,1523464399281
5.147,3.520,9.869,1523464399367
5.150,3.526,9.877,1523464399453
5.151,3.529,9.882,1523464399539
4.139,3.260,8.309,1523464399625
4.104,3.251,8.208,1523464399711
4.088,3.247,8.156,1523464399797
4.774,3.954,9.585,1523464399883
4.844,4.117,10.202,1523464399969
4.813,4.227,10.426,1523464400055
4.682,4.288,10.341,1523464400141
4.545,4.398,10.061,1523464400227
4.517,4.515,10.222,1523464400313
4.560,4.617,10.040,1523464400399
4.495,4.718,9.405,1523464400485
4.512,4.785,9.710,1523464400571
4.569,4.908,10.336,1523464400657
4.534,4.918,9.963,1523464400743
4.534,4.921,9.956,1523464400829
4.526,5.090,9.746,1523464400915
4.507,5.211,9.662,1523464401001
4.448,5.309,9.581,1523464401087
4.417,5.388,9.492,1523464401173
4.409,5.491,9.620,1523464401259
4.408,5.497,9.624,1523464401345
4.337,5.732,9.967,1523464401431
4.490,5.768,9.800,1523464401517
4.473,5.912,9.810,1523464401603
4.548,5.957,9.447,1523464401689
4.668,5.989,9.801,1523464401775
4.685,6.053,9.741,1523464401861
4.821,6.053,9.514,1523464401947
4.921,6.151,9.917,1523464402033
4.999,6.204,9.966,1523464402119
5.014,6.234,9.774,1523464402205
5.040,6.272,9.569,1523464402291
5.122,6.414,9.903,1523464402377
5.159,6.413,9.657,1523464402463
5.274,6.454,9.555,1523464402549
5.279,6.457,9.544,1523464402635
5.439,6.514,9.581,1523464402721
5.446,6.517,9.581,1523464402807
5.661,6.556,9.593,1523464402893
5.724,6.533,9.642,1523464402979
5.841,6.540,9.509,1523464403065
5.911,6.531,9.243,1523464403151
6.017,6.591,9.350,1523464403237
6.126,6.602,9.396,1523464403323
6.216,6.635,9.473,1523464403409
6.295,6.688,9.458,1523464403495
6.399,6.715,9.366,1523464403581
6.519,6.739,9.729,1523464403667
6.545,6.719,9.417,1523464403753
6.548,6.719,9.406,1523464403839
6.776,6.793,9.792,1523464403925
6.839,6.760,9.437,1523464404011
6.933,6.740,9.479,1523464404097
6.939,6.739,9.476,1523464404183
6.999,7.219,7.142,1523464404269
7.002,7.236,6.990,1523464404355
7.003,7.244,6.911,1523464404441
7.442,6.848,9.300,1523464404527
7.563,6.831,9.958,1523464404613
7.654,6.826,10.048,1523464404699
7.723,6.796,9.890,1523464404785
7.823,6.796,9.724,1523464404871
7.939,6.801,10.048,1523464404957
8.060,6.827,9.802,1523464405043
8.165,6.787,9.681,1523464405129
8.248,6.731,9.591,1523464405215
8.373,6.716,9.590,1523464405301
8.495,6.728,9.550,1523464405387
8.596,6.753,9.528,1523464405473
8.694,6.787,9.488,1523464405559
8.792,6.787,9.519,1523464405645
8.907,6.824,9.447,1523464405731
8.992,6.859,9.358,1523464405817
9.070,6.830,9.534,1523464405903
9.163,6.815,9.529,1523464405989
9.308,6.769,9.136,1523464406075
9.388,6.769,9.334,1523464406161
9.494,6.714,9.323,1523464406247
9.595,6.742,9.405,1523464406333
9.721,6.758,9.304,1523464406419
9.834,6.701,9.498,1523464406505
9.959,6.679,9.270,1523464406591
10.093,6.720,9.191,1523464406677
10.168,6.752,9.402,1523464406763
10.289,6.778,9.848,1523464406849
10.356,6.782,9.745,1523464406935
10.426,6.826,9.695,1523464407021
10.542,6.818,9.407,1523464407107
10.571,6.764,10.108,1523464407193
10.743,6.876,9.491,1523464407279
10.826,6.833,9.556,1523464407365
10.939,6.826,9.480,1523464407451
11.055,6.859,9.527,1523464407537
11.144,6.895,9.490,1523464407623
11.235,6.930,9.357,1523464407709
11.332,6.911,9.466,1523464407795
11.392,6.981,9.369,1523464407881
11.512,7.062,9.353,1523464407967
11.602,7.083,9.292,1523464408053
11.679,7.138,9.455,1523464408139
11.785,7.181,9.482,1523464408225
11.920,7.193,9.261,1523464408311
11.965,7.216,9.186,1523464408397
12.073,7.247,9.331,1523464408483
12.192,7.269,9.281,1523464408569
12.273,7.262,9.384,1523464408655
12.369,7.293,9.459,1523464408741
12.442,7.361,9.521,1523464408827
12.587,7.377,9.306,1523464408913
12.647,7.416,9.487,1523464408999
12.799,7.432,9.162,1523464409085
12.911,7.502,9.186,1523464409171
12.965,7.614,9.412,1523464409257
13.065,7.623,9.469,1523464409343
13.148,7.728,9.345,1523464409429
13.232,7.679,9.381,1523464409515
13.383,7.824,8.901,1523464409601
13.412,7.922,9.059,1523464409687
13.494,7.946,9.067,1523464409773
13.498,7.949,9.066,1523464409859
13.500,7.951,9.065,1523464409945
14.100,8.895,8.043,1523464410031
14.203,8.953,7.885,1523464410117
14.146,9.294,8.175,1523464410203
14.112,9.249,8.308,1523464410289
14.222,9.018,8.189,1523464410375
14.198,9.201,8.370,1523464410461
14.392,9.204,8.124,1523464410547
14.423,9.514,8.257,1523464410633
14.301,8.897,8.481,1523464410719
14.488,9.283,8.316,1523464410805
14.439,9.208,8.411,1523464410891
14.728,9.358,8.018,1523464410977
14.952,9.564,7.850,1523464411063
14.906,9.384,7.978,1523464411149
14.934,9.409,8.017,1523464411235
15.066,9.646,7.969,1523464411321
15.084,9.966,8.156,1523464411407
15.099,9.907,8.122,1523464411493
15.019,9.089,8.064,1523464411579
15.017,9.061,8.061,1523464411665
14.637,8.929,8.857,1523464411751
14.661,8.956,8.958,1523464411837
14.708,9.028,9.008,1523464411923
14.708,9.029,9.025,1523464412009
16.062,10.336,7.840,1523464412095
16.252,10.514,7.664,1523464412181
16.279,10.539,7.620,1523464412267
16.291,10.551,7.597,1523464412353
15.246,9.851,8.416,1523464412439
15.211,9.828,8.464,1523464412525
15.196,9.818,8.488,1523464412611
16.264,10.637,7.937,1523464412697
15.635,10.447,8.332,1523464412783
15.420,10.345,8.572,1523464412869
15.428,10.367,8.543,1523464412955
15.886,10.885,8.425,1523464413041
16.220,11.118,8.335,1523464413127
16.682,11.396,8.351,1523464413213
16.189,10.973,8.278,1523464413299
16.215,11.111,8.328,1523464413385
16.213,11.113,8.328,1523464413471
16.431,11.334,8.261,1523464413557
16.438,11.342,8.257,1523464413643
15.172,10.393,8.835,1523464413729
15.080,10.411,8.802,1523464413815
15.615,11.021,8.515,1523464413901
15.863,11.337,8.470,1523464413987
15.691,11.192,8.420,1523464414073
15.682,11.121,8.330,1523464414159
15.200,10.720,8.563,1523464414245
15.748,11.393,8.422,1523464414331
15.719,11.446,8.339,1523464414417
15.184,10.972,8.522,1523464414503
15.178,11.006,8.511,1523464414589
15.176,11.065,8.471,1523464414675
15.126,11.078,8.405,1523464414761
15.088,11.150,8.337,1523464414847
15.113,11.224,8.239,1523464414933
15.138,11.272,8.127,1523464415019
15.155,11.366,8.106,1523464415105
15.179,11.463,8.116,1523464415191
15.148,11.493,8.075,1523464415277
15.102,11.589,8.116,1523464415363
15.096,11.675,8.082,1523464415449
15.093,11.748,8.002,1523464415535
15.049,11.805,7.978,1523464415621
15.006,11.935,7.953,1523464415707
15.000,12.016,7.894,1523464415793
14.969,12.101,7.860,1523464415879
14.975,12.152,7.826,1523464415965
14.941,12.193,7.948,1523464416051
14.818,12.387,7.617,1523464416137
14.764,12.361,7.887,1523464416223
14.718,12.484,7.845,1523464416309
14.673,12.535,7.862,1523464416395
14.652,12.610,7.823,1523464416481
14.610,12.656,7.834,1523464416567
14.522,12.756,7.851,1523464416653
14.452,12.797,7.876,1523464416739
14.415,12.829,7.820,1523464416825
14.478,12.945,7.729,1523464416911
14.460,12.981,7.739,1523464416997
14.431,13.001,7.633,1523464417083
14.359,13.036,7.618,1523464417169
14.292,13.081,7.547,1523464417255
14.243,13.151,7.540,1523464417341
14.147,13.167,7.508,1523464417427
14.116,13.160,7.489,1523464417513
14.127,13.264,7.432,1523464417599
13.985,13.232,7.453,1523464417685
13.979,13.233,7.452,1523464417771
13.977,13.233,7.452,1523464417857
14.302,14.161,6.627,1523464417943
14.160,14.122,6.542,1523464418029
14.055,14.164,6.524,1523464418115
14.051,14.171,6.510,1523464418201
14.049,14.174,6.503,1523464418287
13.567,13.609,7.015,1523464418373
13.449,13.565,7.112,1523464418459
13.359,13.600,7.088,1523464418545
13.278,13.663,7.019,1523464418631
13.232,13.739,7.130,1523464418717
13.087,13.885,6.876,1523464418803
13.029,13.755,6.984,1523464418889
12.998,13.823,6.967,1523464418975
12.936,13.845,6.961,1523464419061
12.867,13.873,6.952,1523464419147
12.789,13.862,6.957,1523464419233
12.733,13.844,6.937,1523464419319
12.709,13.873,6.882,1523464419405
12.646,13.887,6.819,1523464419491
12.556,13.866,6.820,1523464419577
12.494,13.874,6.820,1523464419663
12.391,13.822,6.832,1523464419749
12.299,13.813,6.779,1523464419835
12.916,13.754,6.402,1523464419921
12.325,13.909,6.609,1523464420007
12.197,13.895,6.652,1523464420093
12.097,13.910,6.603,1523464420179
12.033,13.914,6.599,1523464420265
11.967,13.910,6.506,1523464420351
11.942,13.957,6.602,1523464420437
11.843,13.881,6.534,1523464420523
11.760,13.893,6.461,1523464420609
12.112,13.614,5.973,1523464420695
11.669,13.879,6.279,1523464420781
11.588,13.951,6.313,1523464420867
11.528,13.967,6.275,1523464420953
11.536,14.517,6.056,1523464421039
11.427,14.009,6.273,1523464421125
11.238,14.545,5.908,1523464421211
11.157,14.485,5.835,1523464421297
11.151,14.489,5.821,1523464421383
11.581,13.819,5.792,1523464421469
11.437,14.368,5.498,1523464421555
10.966,13.997,5.917,1523464421641
11.571,13.741,5.551,1523464421727
11.451,14.253,5.270,1523464421813
11.424,13.820,5.459,1523464421899
11.551,13.461,5.407,1523464421985
11.160,13.623,5.567,1523464422071
11.554,13.341,5.381,1523464422157
11.533,13.256,5.389,1523464422243
11.586,13.498,5.171,1523464422329
11.231,13.613,5.251,1523464422415
11.219,13.620,5.249,1523464422501
11.185,13.557,5.280,1523464422587
11.226,13.452,5.200,1523464422673
10.852,13.584,5.312,1523464422759
10.045,13.865,5.524,1523464422845
10.482,13.744,5.363,1523464422931
10.650,13.658,5.257,1523464423017
9.936,13.788,5.475,1523464423103
9.914,13.791,5.486,1523464423189
9.904,13.793,5.491,1523464423275
11.395,12.398,5.551,1523464423361
11.446,12.350,5.556,1523464423447
11.469,12.328,5.558,1523464423533
10.786,13.187,4.573,1523464423619
10.389,13.216,4.346,1523464423705
10.306,13.100,3.988,1523464423791
10.294,13.101,3.946,1523464423877
10.288,13.102,3.924,1523464423963
9.008,13.315,5.125,1523464424049
8.807,13.326,5.377,1523464424135
8.720,13.308,5.366,1523464424221
8.745,13.151,5.376,1523464424307
8.646,13.183,5.276,1523464424393
8.609,13.147,5.238,1523464424479
8.678,12.954,5.376,1523464424565
8.658,12.894,5.402,1523464424651
8.640,12.843,5.396,1523464424737
8.630,12.776,5.414,1523464424823
8.606,12.709,5.394,1523464424909
8.586,12.669,5.350,1523464424995
8.592,12.593,5.273,1523464425081
8.572,12.547,5.252,1523464425167
8.590,12.537,5.229,1523464425253
8.557,12.504,5.231,1523464425339
8.479,12.404,5.203,1523464425425
8.451,12.331,5.167,1523464425511
8.438,12.276,5.143,1523464425597
8.443,12.216,5.115,1523464425683
8.436,12.149,5.086,1523464425769
8.436,12.139,5.046,1523464425855
8.440,12.104,5.014,1523464425941
8.430,12.009,4.985,1523464426027
8.412,11.932,4.969,1523464426113
8.410,11.892,4.919,1523464426199
8.412,11.842,4.872,1523464426285
8.400,11.761,4.834,1523464426371
8.398,11.707,4.775,1523464426457
8.375,11.635,4.729,1523464426543
8.348,11.597,4.800,1523464426629
8.345,11.539,4.797,1523464426715
8.353,11.472,4.753,1523464426801
8.336,11.406,4.675,1523464426887
8.295,11.313,4.645,1523464426973
8.339,11.253,4.560,1523464427059
8.344,11.204,4.528,1523464427145
8.322,11.182,4.489,1523464427231
8.311,11.144,4.442,1523464427317
8.349,11.115,4.309,1523464427403
8.324,11.060,4.258,1523464427489
8.258,10.987,4.337,1523464427575
8.245,10.935,4.302,1523464427661
8.238,10.883,4.232,1523464427747
8.249,10.822,4.204,1523464427833
8.260,10.748,4.114,1523464427919
8.243,10.685,4.042,1523464428005
8.245,10.609,3.916,1523464428091
8.206,10.524,3.906,1523464428177
8.234,10.440,3.963,1523464428263
8.531,10.177,3.961,1523464428349
8.304,10.332,3.878,1523464428435
8.218,10.265,3.920,1523464428521
8.194,10.201,3.884,1523464428607
8.205,10.148,3.811,1523464428693
8.214,10.114,3.673,1523464428779
8.203,10.057,3.597,1523464428865
8.169,9.988,3.588,1523464428951
8.141,9.882,3.533,1523464429037
8.146,9.794,3.506,1523464429123
8.174,9.694,3.562,1523464429209
8.174,9.629,3.687,1523464429295
8.096,9.565,3.512,1523464429381
8.082,9.459,3.470,1523464429467
8.143,9.375,3.399,1523464429553
8.166,9.328,3.355,1523464429639
8.157,9.284,3.349,1523464429725
8.131,9.240,3.318,1523464429811
8.140,9.193,3.209,1523464429897
8.142,9.099,3.188,1523464429983
8.132,9.001,3.144,1523464430069
8.150,8.945,3.114,1523464430155
8.161,8.906,3.134,1523464430241
8.150,8.860,3.052,1523464430327
8.138,8.815,2.963,1523464430413
8.102,8.738,2.923,1523464430499
8.105,8.682,2.874,1523464430585
8.126,8.604,2.877,1523464430671
8.146,8.552,2.842,1523464430757
8.153,8.455,2.782,1523464430843
8.129,8.362,2.771,1523464430929
8.123,8.263,2.720,1523464431015
8.143,8.209,2.690,1523464431101
8.153,8.171,2.641,1523464431187
8.145,8.096,2.548,1523464431273
8.102,8.002,2.545,1523464431359
8.094,7.910,2.493,1523464431445
8.071,7.872,2.459,1523464431531
8.095,7.824,2.460,1523464431617
8.102,7.722,2.506,1523464431703
7.898,7.781,2.017,1523464431789
8.024,7.600,2.350,1523464431875
8.024,7.523,2.371,1523464431961
8.003,7.457,2.264,1523464432047
7.963,7.392,2.185,1523464432133
7.953,7.335,2.147,1523464432219
7.952,7.230,2.098,1523464432305
7.956,7.149,2.141,1523464432391
7.957,7.084,1.997,1523464432477
7.982,7.017,2.009,1523464432563
7.948,6.944,1.984,1523464432649
7.961,6.862,1.919,1523464432735
7.933,6.787,1.875,1523464432821
7.911,6.710,1.851,1523464432907
7.879,6.635,1.800,1523464432993
7.844,6.590,1.816,1523464433079
7.811,6.501,1.739,1523464433165
7.793,6.391,1.708,1523464433251
7.772,6.314,1.754,1523464433337
7.772,6.200,1.750,1523464433423
7.723,6.125,1.657,1523464433509
7.688,6.054,1.575,1523464433595
7.660,5.996,1.550,1523464433681
7.648,5.886,1.563,1523464433767
7.645,5.762,1.579,1523464433853
7.556,5.655,1.523,1523464433939
7.513,5.530,1.481,1523464434025
7.446,5.400,1.441,1523464434111
7.380,5.281,1.417,1523464434197
7.340,5.166,1.419,1523464434283
7.303,5.070,1.427,1523464434369
7.286,4.996,1.402,1523464434455
7.258,4.914,1.378,1523464434541
7.231,4.788,1.369,1523464434627
7.180,4.711,1.336,1523464434713
7.117,4.641,1.292,1523464434799
7.079,4.613,1.273,1523464434885
6.954,4.564,1.226,1523464434971
6.904,4.405,1.297,1523464435057
6.785,4.383,1.257,1523464435143
6.680,4.361,1.199,1523464435229
6.579,4.297,1.224,1523464435315
6.464,4.217,1.266,1523464435401
6.438,4.190,1.213,1523464435487
6.425,4.120,1.163,1523464435573
6.311,4.054,1.126,1523464435659
6.229,4.000,1.110,1523464435745
6.195,3.970,1.087,1523464435831
6.136,3.900,1.116,1523464435917
6.088,3.806,1.163,1523464436003
5.999,3.802,1.139,1523464436089
5.908,3.757,1.123,1523464436175
5.810,3.785,1.038,1523464436261
5.740,3.748,1.043,1523464436347
5.626,3.713,1.074,1523464436433
5.614,3.663,1.103,1523464436519
5.530,3.641,1.086,1523464436605
5.458,3.582,1.110,1523464436691
5.430,3.562,1.071,1523464436777
5.327,3.532,1.071,1523464436863
5.263,3.580,0.966,1523464436949
5.213,3.531,1.004,1523464437035
5.281,3.490,1.043,1523464437121
5.132,3.519,1.012,1523464437207
5.068,3.503,1.009,1523464437293
5.037,3.476,1.006,1523464437379
5.031,3.478,1.032,1523464437465
5.018,3.504,1.033,1523464437551
5.030,3.512,1.048,1523464437637
5.012,3.527,1.048,1523464437723
4.522,3.142,1.089,1523464437809
4.931,3.475,1.063,1523464437895
4.975,3.507,1.058,1523464437981
4.502,3.168,1.076,1523464438067
4.442,3.110,1.085,1523464438153
4.958,3.505,1.045,1523464438239
4.548,3.141,1.080,1523464438325
4.466,3.077,1.097,1523464438411
4.449,3.046,1.113,1523464438497
4.444,3.076,1.091,1523464438583
4.970,3.486,1.052,1523464438669
