294398322.0000
5.533002, 14.081942, 5.899739, 294398322.0000
5.472256, 14.106882, 5.898351, 294398405.2643
5.406561, 14.13168, 5.931895, 294398488.0676
5.361023, 14.136186, 5.975031, 294398570.1798
5.333065, 14.171901, 6.036856, 294398652.6148
5.288372, 14.188318, 6.070169, 294398735.0495
5.246418, 14.198517, 6.079826, 294398817.7606
5.183041, 14.208338, 6.061568, 294398900.7483
5.108719, 14.218021, 6.067847, 294398983.8743
5.04955, 14.212259, 6.104539, 294399067.2767
5.003515, 14.223656, 6.142501, 294399151.7386
4.939355, 14.234483, 6.195384, 294399236.1086
4.901986, 14.227482, 6.240125, 294399320.3403
4.86636, 14.246387, 6.256503, 294399404.5263
4.81149, 14.263672, 6.246816, 294399488.0669
4.765125, 14.280468, 6.254076, 294399571.1926
4.702755, 14.304869, 6.273042, 294399653.9960
4.63459, 14.306366, 6.318684, 294399736.0619
4.609606, 14.319776, 6.357114, 294399818.1280
4.57486, 14.341945, 6.400452, 294399900.3786
4.534087, 14.3477, 6.414157, 294399982.7213
4.488375, 14.348317, 6.402282, 294400065.4786
4.426273, 14.348383, 6.401413, 294400148.5583
4.357734, 14.347793, 6.412566, 294400231.8685
4.306837, 14.341457, 6.446529, 294400315.6859
4.234687, 14.35037, 6.479562, 294400400.2402
4.17642, 14.346001, 6.535429, 294400484.6564
4.136445, 14.343251, 6.582524, 294400568.7962
4.103672, 14.342648, 6.607376, 294400652.6135
4.058481, 14.349573, 6.606422, 294400735.8777
4.00348, 14.358878, 6.607366, 294400818.7274
3.938547, 14.383332, 6.625207, 294400901.3465
3.88773, 14.384506, 6.676587, 294400983.3667
3.836091, 14.379101, 6.718356, 294401065.5714
3.805286, 14.406498, 6.767931, 294401148.0523
3.780927, 14.4016, 6.78091, 294401230.6714
3.73478, 14.396213, 6.778965, 294401313.7515
3.674393, 14.384794, 6.776, 294401397.0158
3.616137, 14.372439, 6.759742, 294401480.5105
3.5432, 14.352313, 6.759739, 294401564.2817
3.469829, 14.319227, 6.771577, 294401648.0529
3.401017, 14.294063, 6.795185, 294401732.0542
3.343932, 14.276636, 6.833299, 294401816.1017
3.314188, 14.248134, 6.888706, 294401899.8268
3.304762, 14.22842, 6.933217, 294401983.2290
3.304239, 14.216925, 6.958999, 294402066.4934
3.301482, 14.209069, 6.97449, 294402149.4808
3.304126, 14.204654, 6.982346, 294402232.1458
3.291792, 14.20605, 6.977897, 294402314.7190
3.275023, 14.204295, 6.979406, 294402396.9233
3.261536, 14.202507, 6.995737, 294402478.7594
3.265665, 14.213666, 7.006493, 294402560.6411
3.233858, 14.234082, 6.995508, 294402643.1221
3.196434, 14.235081, 6.989412, 294402725.8336
3.166737, 14.222047, 6.999087, 294402808.7752
3.160485, 14.212511, 6.988873, 294402891.6711
3.144651, 14.194789, 6.970506, 294402974.6587
3.12605, 14.178463, 6.970608, 294403057.8771
3.139253, 14.170283, 6.963599, 294403141.3716
3.155348, 14.169431, 6.967059, 294403225.0507
3.180354, 14.177053, 6.985381, 294403309.0522
3.218654, 14.185282, 6.991326, 294403393.0998
3.268548, 14.191118, 6.98546, 294403477.0553
3.304154, 14.195037, 6.98826, 294403560.9185
3.324281, 14.202482, 6.993894, 294403644.7357
3.356123, 14.217662, 6.984155, 294403728.2302
3.380575, 14.226214, 6.975741, 294403811.4021
3.390466, 14.229554, 6.986225, 294403894.2979
3.403744, 14.251227, 6.984036, 294403977.0550
3.398988, 14.27561, 6.99158, 294404059.8125
3.378237, 14.285477, 6.996886, 294404142.8000
3.367922, 14.279823, 6.989319, 294404226.1562
3.372541, 14.26895, 6.972346, 294404309.6968
3.377425, 14.262604, 6.965418, 294404393.4680
3.375006, 14.259421, 6.960561, 294404477.5155
3.368038, 14.258821, 6.964753, 294404561.8855
3.370993, 14.265681, 6.97086, 294404646.3480
3.362803, 14.26557, 6.983636, 294404730.9485
3.342659, 14.272778, 6.992789, 294404815.5491
3.352316, 14.287724, 6.990266, 294404900.0114
3.362581, 14.297746, 6.985975, 294404984.0587
3.363292, 14.301836, 6.98554, 294405068.1063
3.361598, 14.300559, 6.985227, 294405152.0612
3.365362, 14.296013, 6.983248, 294405235.9245
3.366049, 14.289755, 6.985981, 294405319.6955
3.346606, 14.279086, 6.984549, 294405403.5128
3.335267, 14.273048, 6.981802, 294405487.0994
3.33456, 14.279257, 6.975439, 294405570.5479
3.318821, 14.274035, 6.978845, 294405653.7199
3.297155, 14.265721, 6.977428, 294405736.6616
3.292305, 14.268871, 6.973635, 294405819.2347
3.283369, 14.267962, 6.978112, 294405901.5772
3.251951, 14.263356, 6.981466, 294405983.8279
3.222252, 14.263079, 6.984963, 294406066.0320
3.18693, 14.262573, 6.991067, 294406148.2366
3.149148, 14.263963, 6.992143, 294406230.3027
3.104861, 14.256203, 6.994668, 294406312.3687
3.062277, 14.254283, 6.990038, 294406394.7108
3.017431, 14.234477, 6.978746, 294406477.4221
2.973218, 14.220192, 6.976478, 294406560.5019
2.936572, 14.200089, 6.969321, 294406643.7659
2.894649, 14.170313, 6.95497, 294406726.9840
2.851897, 14.12931, 6.946403, 294406810.0178
2.822605, 14.082317, 6.944952, 294406892.8208
2.807805, 14.041357, 6.960365, 294406975.7163
2.764154, 13.9964, 6.968948, 294407059.1649
2.721236, 13.940625, 6.970992, 294407142.6132
2.679217, 13.912793, 6.963519, 294407225.9236
2.634424, 13.887753, 6.952943, 294407308.9575
2.567119, 13.853948, 6.952265, 294407391.5761
2.503134, 13.815568, 6.953656, 294407473.8727
2.432082, 13.799013, 6.969539, 294407555.9851
2.377945, 13.761991, 7.004734, 294407637.3600
2.333179, 13.752459, 7.036184, 294407719.0113
2.272015, 13.740447, 7.072153, 294407800.9390
2.255064, 13.73115, 7.101552, 294407883.2816
2.228253, 13.723136, 7.103611, 294407966.4077
2.189509, 13.699488, 7.094147, 294408049.9486
2.143222, 13.666361, 7.089689, 294408133.6734
2.107686, 13.607413, 7.098754, 294408217.5827
2.056741, 13.528576, 7.127121, 294408301.6761
2.011069, 13.481467, 7.180014, 294408386.5070
1.991053, 13.45873, 7.238248, 294408471.3377
1.982851, 13.439077, 7.276442, 294408555.8002
1.959495, 13.42465, 7.30805, 294408640.0319
1.923958, 13.399326, 7.309627, 294408723.8029
1.87851, 13.358947, 7.309469, 294408807.0672
1.82709, 13.325118, 7.32543, 294408890.0547
1.776798, 13.29976, 7.363101, 294408972.6277
1.750014, 13.300447, 7.412715, 294409055.1086
1.710035, 13.290448, 7.458872, 294409138.0040
1.690792, 13.274319, 7.483025, 294409220.9453
1.683941, 13.252263, 7.483882, 294409304.2094
1.649581, 13.190243, 7.484413, 294409387.5659
1.624676, 13.142056, 7.485116, 294409471.1065
1.589126, 13.09068, 7.48724, 294409554.8776
1.580438, 13.061998, 7.512227, 294409639.0634
1.546505, 13.021736, 7.543743, 294409723.7098
1.542624, 13.01448, 7.586146, 294409808.1722
1.535391, 13.001821, 7.641891, 294409892.3577
1.539305, 13.007307, 7.669856, 294409976.1747
1.527593, 13.004326, 7.675107, 294410059.7613
1.514991, 13.004588, 7.671256, 294410143.1636
1.486039, 12.981009, 7.667393, 294410226.3817
1.45392, 12.970913, 7.651072, 294410309.4155
1.409388, 12.94368, 7.650539, 294410392.3570
1.34473, 12.897411, 7.645264, 294410475.1604
1.27724, 12.86135, 7.646046, 294410557.9637
1.215421, 12.830942, 7.644319, 294410640.7665
1.153617, 12.798697, 7.642733, 294410723.5699
1.098215, 12.767339, 7.646674, 294410806.1890
1.046495, 12.715758, 7.642748, 294410888.7617
1.01218, 12.676906, 7.648969, 294410971.2427
0.983463, 12.624361, 7.643637, 294411053.7697
0.961439, 12.569973, 7.640801, 294411136.3427
0.951314, 12.498609, 7.632842, 294411218.8232
0.94183, 12.412839, 7.635901, 294411301.4423
0.938653, 12.32432, 7.637315, 294411384.3377
0.929307, 12.263009, 7.643462, 294411467.7405
0.926544, 12.188788, 7.648819, 294411551.3732
0.925826, 12.115162, 7.647844, 294411634.8217
0.914331, 12.034718, 7.639303, 294411718.1777
0.89408, 11.947754, 7.634652, 294411801.4419
0.881806, 11.855125, 7.630338, 294411884.6139
0.860056, 11.765545, 7.64578, 294411967.9241
0.852654, 11.700753, 7.672583, 294412050.8196
0.845261, 11.640326, 7.727541, 294412133.6689
0.836188, 11.588602, 7.767808, 294412216.7486
0.852711, 11.550855, 7.801315, 294412299.8282
0.874526, 11.494932, 7.806316, 294412383.2306
0.897558, 11.441826, 7.796078, 294412466.8629
0.926025, 11.379663, 7.795394, 294412550.7721
0.956662, 11.312073, 7.827072, 294412635.0036
0.977513, 11.237613, 7.87713, 294412720.0649
0.997505, 11.199643, 7.92331, 294412805.1258
1.012231, 11.154678, 7.977056, 294412890.0028
1.020498, 11.122703, 7.993121, 294412974.6033
1.019176, 11.084116, 7.986125, 294413058.6963
1.019244, 11.015681, 7.981627, 294413142.1908
1.019449, 10.95055, 7.971179, 294413225.2243
1.010161, 10.877196, 7.991278, 294413307.7510
1.007515, 10.804139, 8.044951, 294413389.6789
1.003531, 10.745336, 8.092535, 294413471.6528
1.004812, 10.701743, 8.136639, 294413553.6729
1.022114, 10.656567, 8.159621, 294413635.7385
1.039521, 10.599534, 8.153431, 294413718.1731
1.058791, 10.541197, 8.150377, 294413800.9763
1.088142, 10.494422, 8.172748, 294413884.0100
1.117548, 10.444515, 8.208664, 294413967.7348
1.129804, 10.387169, 8.253649, 294414052.1505
1.155107, 10.354956, 8.308887, 294414136.2898
1.175429, 10.33215, 8.345822, 294414220.2912
1.180787, 10.296302, 8.35437, 294414304.0620
1.185797, 10.253946, 8.344015, 294414387.5103
1.202414, 10.193017, 8.348533, 294414470.6822
1.21012, 10.132692, 8.365913, 294414553.6235
1.214279, 10.080589, 8.407571, 294414635.9659
1.223284, 10.022779, 8.465129, 294414718.1241
1.216679, 9.966088, 8.516877, 294414800.5127
1.229919, 9.928264, 8.547855, 294414883.0391
1.254114, 9.880909, 8.544211, 294414965.9345
1.274309, 9.820332, 8.535853, 294415049.1065
1.301746, 9.753656, 8.55032, 294415132.3703
1.346739, 9.703211, 8.561768, 294415215.8645
1.375745, 9.64978, 8.604348, 294415300.1885
1.400419, 9.60822, 8.655392, 294415384.6964
1.428377, 9.594291, 8.706577, 294415468.8820
1.44171, 9.568092, 8.733448, 294415552.8370
1.445971, 9.538518, 8.731153, 294415636.4696
1.460738, 9.483045, 8.733925, 294415719.5032
1.481849, 9.420673, 8.735182, 294415802.3522
1.501243, 9.353065, 8.75316, 294415884.9249
1.528483, 9.314138, 8.802264, 294415966.8526
1.546603, 9.260506, 8.859916, 294416048.9182
1.560606, 9.218635, 8.899427, 294416131.2145
1.599576, 9.194299, 8.912879, 294416213.6948
1.641576, 9.154072, 8.905399, 294416296.5899
1.695336, 9.107579, 8.90113, 294416379.7617
1.752053, 9.063985, 8.900796, 294416463.3018
1.813826, 9.02385, 8.908305, 294416547.3030
1.883553, 8.974717, 8.916337, 294416631.7644
1.950469, 8.924053, 8.927646, 294416716.1802
2.021358, 8.877774, 8.924903, 294416800.3197
2.086648, 8.814188, 8.922522, 294416884.3207
2.15498, 8.747512, 8.91526, 294416967.8609
2.220281, 8.67528, 8.912287, 294417051.0788
2.262189, 8.603494, 8.945476, 294417133.9739
2.302062, 8.555833, 8.993056, 294417216.2238
2.323861, 8.510909, 9.048229, 294417298.7503
2.344074, 8.474752, 9.087893, 294417381.5996
2.391061, 8.44997, 9.113494, 294417464.5406
2.446222, 8.412642, 9.108431, 294417547.8047
2.502892, 8.362835, 9.101775, 294417631.1609
2.580789, 8.321387, 9.096992, 294417714.5630
2.639059, 8.293983, 9.145462, 294417798.2416
2.677591, 8.258686, 9.183361, 294417882.7959
2.707299, 8.224789, 9.233583, 294417967.6261
2.731263, 8.211234, 9.290018, 294418052.1804
2.751526, 8.180552, 9.315289, 294418136.3658
2.77749, 8.132557, 9.323545, 294418220.1365
2.800599, 8.089683, 9.32004, 294418303.4000
2.817104, 8.04602, 9.334929, 294418386.4334
2.832848, 8.007957, 9.361594, 294418469.0062
2.855161, 7.971076, 9.403295, 294418551.1181
2.867103, 7.946891, 9.451454, 294418633.2757
2.895485, 7.929124, 9.478392, 294418715.3877
2.926489, 7.911276, 9.477307, 294418797.6839
2.979585, 7.880085, 9.469619, 294418880.1184
3.032522, 7.835601, 9.459556, 294418962.8291
3.084577, 7.779735, 9.455445, 294419046.0008
3.14966, 7.740251, 9.481047, 294419129.4950
3.19208, 7.700737, 9.531161, 294419213.7261
3.234895, 7.676015, 9.58165, 294419298.0497
3.249206, 7.678923, 9.632896, 294419382.1429
3.266231, 7.667692, 9.677228, 294419466.0977
3.275533, 7.634809, 9.686215, 294419549.9608
3.286252, 7.599102, 9.678787, 294419633.7311
3.311217, 7.551144, 9.662614, 294419717.2255
3.340884, 7.490821, 9.661859, 294419800.2589
3.381988, 7.426222, 9.660444, 294419882.9235
3.416137, 7.374683, 9.662844, 294419965.3117
3.450427, 7.314777, 9.69041, 294420047.5157
3.480221, 7.268285, 9.70252, 294420129.5814
3.519237, 7.22748, 9.704588, 294420211.8315
3.565653, 7.186036, 9.703738, 294420294.3116
3.618284, 7.138921, 9.698563, 294420377.1609
3.669673, 7.096308, 9.684286, 294420460.2864
3.726192, 7.057233, 9.678882, 294420543.5959
3.7894, 7.019298, 9.673549, 294420627.0440
3.858681, 6.969861, 9.680999, 294420710.9068
3.896652, 6.913806, 9.694584, 294420795.0918
3.949874, 6.863591, 9.708591, 294420879.0006
4.000484, 6.83171, 9.704972, 294420962.4022
4.051509, 6.785255, 9.696801, 294421045.4815
4.120452, 6.739518, 9.685038, 294421128.1463
4.183146, 6.700752, 9.673378, 294421210.4883
4.248466, 6.654075, 9.675326, 294421292.7845
4.309181, 6.610884, 9.690074, 294421375.0345
4.38528, 6.58415, 9.684838, 294421457.2843
4.452498, 6.550835, 9.683579, 294421539.9953
4.518567, 6.52836, 9.687241, 294421622.9363
4.586288, 6.510752, 9.684641, 294421706.3383
4.668278, 6.490807, 9.673771, 294421790.0626
4.758026, 6.487509, 9.664412, 294421873.9713
4.849946, 6.485768, 9.681301, 294421958.0643
4.934744, 6.472534, 9.690946, 294422042.5723
5.014154, 6.446343, 9.685757, 294422126.9415
5.078683, 6.449443, 9.697504, 294422210.7580
5.152465, 6.436864, 9.693415, 294422294.2980
5.239947, 6.422973, 9.671281, 294422377.4232
5.321018, 6.415841, 9.670195, 294422460.2723
5.404479, 6.407687, 9.672627, 294422542.9367
5.486737, 6.40463, 9.677237, 294422625.2784
5.567117, 6.405545, 9.694921, 294422707.7127
5.655521, 6.403135, 9.69418, 294422790.4232
5.743978, 6.422853, 9.691592, 294422873.2719
5.841448, 6.435814, 9.673663, 294422956.5353
5.939183, 6.448468, 9.668327, 294423040.1673
6.029865, 6.477973, 9.666842, 294423124.0297
6.120349, 6.504574, 9.685892, 294423208.2608
6.213357, 6.504741, 9.689787, 294423292.8605
6.302386, 6.49884, 9.702581, 294423377.4603
6.380335, 6.499232, 9.705241, 294423461.6452
6.460309, 6.494387, 9.694003, 294423545.4612
6.55079, 6.496111, 9.691384, 294423628.5402
6.627234, 6.504106, 9.697625, 294423711.0666
6.691857, 6.51589, 9.6955, 294423793.1321
6.769898, 6.519603, 9.701654, 294423875.1513
6.861464, 6.511152, 9.71379, 294423957.6313
6.94457, 6.518386, 9.708943, 294424040.2035
7.028597, 6.524789, 9.707, 294424123.2825
7.11521, 6.530906, 9.690207, 294424206.6382
7.221177, 6.547537, 9.670403, 294424290.2700
7.311826, 6.576422, 9.667879, 294424374.2245
7.396276, 6.60402, 9.694331, 294424458.5017
7.486821, 6.618249, 9.699897, 294424542.8248
7.578195, 6.641305, 9.697827, 294424626.7793
7.677436, 6.652843, 9.696573, 294424710.3194
7.77231, 6.660102, 9.691148, 294424793.3984
7.865576, 6.666672, 9.677942, 294424876.2009
7.952291, 6.656614, 9.65763, 294424958.6348
8.046116, 6.657207, 9.674015, 294425040.6081
8.121498, 6.654534, 9.685258, 294425122.7195
8.208735, 6.635945, 9.695103, 294425205.3837
8.290218, 6.630802, 9.690726, 294425288.3706
8.382202, 6.627745, 9.681933, 294425371.7720
8.478483, 6.637624, 9.678212, 294425455.3578
8.573849, 6.644791, 9.661077, 294425538.8518
8.696336, 6.689406, 9.667356, 294425622.7141
8.791513, 6.66886, 9.682692, 294425706.8991
8.898579, 6.6639, 9.695099, 294425790.9000
8.979922, 6.662835, 9.685631, 294425874.3938
9.059024, 6.644681, 9.666842, 294425957.5189
9.159755, 6.627959, 9.674396, 294426040.1833
9.259944, 6.607139, 9.668649, 294426122.6173
9.358868, 6.601955, 9.673461, 294426204.7292
9.460455, 6.592551, 9.697465, 294426286.8407
9.543063, 6.583842, 9.698489, 294426369.4587
9.631999, 6.575302, 9.703755, 294426452.3073
9.724298, 6.574299, 9.693844, 294426535.5708
9.826863, 6.568312, 9.673506, 294426619.0645
9.915696, 6.567767, 9.664804, 294426702.8349
10.009818, 6.549788, 9.672919, 294426787.3423
10.107763, 6.524965, 9.693389, 294426871.9418
10.206531, 6.518302, 9.685919, 294426955.9887
10.29853, 6.498472, 9.705076, 294427039.7128
10.386971, 6.478503, 9.698874, 294427122.8380
10.481762, 6.447661, 9.692629, 294427205.7326
10.564461, 6.405822, 9.69032, 294427288.3510
10.652173, 6.378577, 9.694831, 294427370.5545
10.722394, 6.340284, 9.695599, 294427452.8963
10.799324, 6.294974, 9.71447, 294427535.9751
10.865846, 6.245272, 9.718195, 294427619.4689
10.952803, 6.208869, 9.698196, 294427703.2852
11.048587, 6.169271, 9.671714, 294427787.1013
11.142906, 6.127983, 9.67586, 294427870.7796
11.223361, 6.085895, 9.689152, 294427954.6878
11.289412, 6.02566, 9.695835, 294428039.0111
11.374912, 5.966372, 9.695508, 294428123.0113
11.443132, 5.901947, 9.71174, 294428206.6895
11.509316, 5.844699, 9.693268, 294428289.7687
11.581537, 5.786563, 9.671849, 294428372.3408
11.643178, 5.713358, 9.661294, 294428454.7748
11.698629, 5.639699, 9.668736, 294428536.8401
11.748264, 5.577926, 9.680551, 294428618.9055
11.79087, 5.51538, 9.697966, 294428701.3392
11.825064, 5.449438, 9.716162, 294428784.0498
11.881405, 5.385979, 9.692256, 294428866.8980
11.927339, 5.308617, 9.673412, 294428950.0693
11.975026, 5.238025, 9.668818, 294429033.3327
12.013787, 5.168068, 9.676683, 294429117.0105
12.04774, 5.088944, 9.673898, 294429201.3335
12.080172, 5.003633, 9.677355, 294429285.5186
12.12234, 4.921699, 9.677761, 294429369.4267
12.151979, 4.833382, 9.679113, 294429453.0126
12.177896, 4.738903, 9.671473, 294429536.0915
12.18298, 4.648133, 9.650617, 294429618.8942
12.186869, 4.576906, 9.665239, 294429701.3280
12.19339, 4.510625, 9.676265, 294429783.4855
12.188954, 4.431567, 9.680002, 294429866.0116
12.17513, 4.357776, 9.688165, 294429948.9522
12.171288, 4.272912, 9.692827, 294430032.3077
12.168776, 4.189431, 9.670718, 294430115.8472
12.163815, 4.085591, 9.655666, 294430199.2951
12.13861, 3.985246, 9.650897, 294430282.9270
12.109623, 3.910864, 9.661647, 294430367.1578
12.066653, 3.830138, 9.665018, 294430451.5729
12.027565, 3.749024, 9.657583, 294430535.7119
11.97473, 3.679437, 9.651191, 294430619.5280
11.936971, 3.609538, 9.646205, 294430702.6992
11.885361, 3.537582, 9.626467, 294430785.4555
11.817551, 3.459269, 9.62332, 294430867.8897
11.764483, 3.382072, 9.627984, 294430949.9090
11.703913, 3.319946, 9.630663, 294431032.2042
11.640701, 3.260273, 9.64285, 294431114.8687
11.591838, 3.208075, 9.64476, 294431197.7170
11.531106, 3.140987, 9.625812, 294431280.7960
11.48096, 3.07158, 9.606528, 294431364.0133
11.41313, 3.008332, 9.611007, 294431447.3224
11.346621, 2.965987, 9.641132, 294431531.2309
11.266867, 2.903679, 9.638438, 294431615.3232
11.189049, 2.837788, 9.633239, 294431699.0936
11.110989, 2.789204, 9.634498, 294431782.6331
11.022286, 2.742481, 9.632332, 294431865.7583
10.93907, 2.691681, 9.603972, 294431948.6064
10.857738, 2.651291, 9.591466, 294432031.1783
10.765344, 2.613455, 9.623713, 294432113.2894
10.676438, 2.57786, 9.634895, 294432195.5386
10.608306, 2.550084, 9.658757, 294432278.2945
10.552555, 2.498226, 9.646934, 294432361.3733
10.458638, 2.451235, 9.636154, 294432444.5902
10.354514, 2.406677, 9.631786, 294432528.0833
10.276162, 2.358672, 9.622534, 294432611.6690
10.210842, 2.322281, 9.623671, 294432695.7155
10.118597, 2.294366, 9.625704, 294432779.9001
10.01547, 2.251931, 9.60122, 294432863.8087
9.920342, 2.231227, 9.616997, 294432947.4863
9.830514, 2.210401, 9.61387, 294433030.7035
9.724566, 2.180491, 9.612407, 294433113.5983
9.620726, 2.179525, 9.621603, 294433196.3082
9.534548, 2.168106, 9.622673, 294433278.6499
9.452572, 2.145258, 9.626355, 294433361.1758
9.354475, 2.154801, 9.649084, 294433444.3006
9.267194, 2.133902, 9.648253, 294433527.5179
9.167935, 2.108016, 9.641171, 294433611.1035
9.068777, 2.092272, 9.627559, 294433694.7356
8.953187, 2.053397, 9.607731, 294433778.4136
8.864601, 2.055957, 9.627, 294433862.6441
8.772762, 2.060427, 9.639911, 294433947.1054
8.680612, 2.053144, 9.649994, 294434031.1057
8.581347, 2.041443, 9.638813, 294434114.7375
8.480072, 2.035159, 9.63626, 294434197.9086
8.391406, 2.025059, 9.632994, 294434280.7106
8.309576, 2.021961, 9.637967, 294434363.2827
8.22145, 2.018575, 9.637267, 294434445.4400
8.129809, 2.004331, 9.643151, 294434527.6892
8.019778, 2.013289, 9.643424, 294434610.3532
7.923894, 2.004403, 9.631761, 294434693.3398
7.826602, 1.995981, 9.622053, 294434776.7408
7.730448, 1.991953, 9.613462, 294434860.3266
7.621782, 1.964792, 9.59833, 294434943.9123
7.515892, 1.938505, 9.604589, 294435027.8667
7.415856, 1.927925, 9.614372, 294435112.0055
7.326268, 1.908736, 9.634488, 294435195.7751
7.231037, 1.893451, 9.639972, 294435279.2688
7.137883, 1.885193, 9.635957, 294435362.5780
7.046105, 1.882268, 9.624491, 294435445.6564
6.932964, 1.894704, 9.625761, 294435528.7353
6.849121, 1.905393, 9.64011, 294435611.6296
6.760055, 1.908373, 9.637911, 294435694.6158
6.661053, 1.929262, 9.643596, 294435778.1094
6.591307, 1.94044, 9.651408, 294435861.8795
6.497596, 1.947903, 9.632963, 294435945.8796
6.394277, 1.957224, 9.60755, 294436029.7876
6.300397, 1.94337, 9.607199, 294436113.4188
6.202599, 1.937431, 9.606635, 294436197.0965
6.126253, 1.960342, 9.625743, 294436281.0045
6.031644, 1.98074, 9.642819, 294436364.5896
5.956695, 2.002169, 9.649473, 294436448.0829
5.85719, 2.03533, 9.63291, 294436531.1617
5.785506, 2.068412, 9.611131, 294436613.7793
5.699867, 2.113083, 9.610091, 294436696.2588
5.635503, 2.154833, 9.618945, 294436778.4619
5.561546, 2.199472, 9.635747, 294436860.6188
5.504186, 2.254006, 9.646785, 294436943.3285
5.446843, 2.291321, 9.649138, 294437026.4534
5.371857, 2.337276, 9.646428, 294437109.7166
5.302846, 2.393463, 9.645197, 294437193.0719
5.215511, 2.436025, 9.635783, 294437276.3806
5.132415, 2.48303, 9.635221, 294437359.6438
5.0588, 2.535907, 9.64722, 294437443.2755
5.003647, 2.601137, 9.648104, 294437527.1373
4.955386, 2.640592, 9.644413, 294437610.6768
4.900056, 2.707323, 9.65855, 294437694.0322
4.851312, 2.781905, 9.638806, 294437777.1567
4.818152, 2.84823, 9.638004, 294437859.9129
4.769463, 2.922847, 9.629101, 294437942.4388
4.72031, 2.996563, 9.645607, 294438024.5956
4.678356, 3.066971, 9.650806, 294438106.8447
4.630355, 3.143281, 9.658377, 294438189.3703
4.580027, 3.204724, 9.662191, 294438272.1265
4.530139, 3.274178, 9.644331, 294438355.0667
4.481325, 3.353593, 9.615549, 294438438.2836
4.426695, 3.424468, 9.639618, 294438521.7310
4.384729, 3.499501, 9.661376, 294438605.6851
4.353666, 3.576545, 9.656804, 294438690.0540
4.306267, 3.649693, 9.662436, 294438774.1922
4.273368, 3.722042, 9.666108, 294438858.0542
4.234437, 3.796154, 9.656201, 294438941.3633
4.198957, 3.879222, 9.630229, 294439024.3493
4.177351, 3.951358, 9.623425, 294439107.1514
4.16232, 4.026797, 9.650797, 294439189.7231
4.134726, 4.09771, 9.660286, 294439272.2948
4.102279, 4.172202, 9.688815, 294439355.0043
4.088807, 4.258363, 9.684509, 294439437.9908
4.066523, 4.323821, 9.681789, 294439521.2077
4.03175, 4.404776, 9.667818, 294439604.6084
4.002828, 4.476573, 9.666141, 294439688.2398
3.967574, 4.551263, 9.646179, 294439772.0096
3.950475, 4.617928, 9.665283, 294439856.1938
3.93834, 4.67443, 9.674908, 294439940.5165
3.914391, 4.765723, 9.674791, 294440024.4243
3.907843, 4.840513, 9.691774, 294440108.0559
3.903036, 4.937044, 9.655847, 294440191.2726
3.91938, 5.010663, 9.65049, 294440274.2586
3.93922, 5.077457, 9.654354, 294440357.1528
3.965523, 5.142789, 9.659729, 294440439.7705
3.976856, 5.218148, 9.683208, 294440522.2495
3.99631, 5.289095, 9.686033, 294440605.0516
4.016695, 5.357324, 9.684014, 294440688.4528
4.039414, 5.418713, 9.691745, 294440772.1760
4.060444, 5.49277, 9.685241, 294440856.1299
4.081182, 5.550784, 9.668373, 294440940.0377
4.103428, 5.621834, 9.681654, 294441023.8993
4.118897, 5.666895, 9.697071, 294441107.8071
4.150982, 5.721635, 9.704456, 294441191.6687
4.179929, 5.786679, 9.691116, 294441275.1613
4.209625, 5.845821, 9.688885, 294441358.3781
4.260902, 5.889102, 9.687916, 294441441.2723
4.319274, 5.947842, 9.670841, 294441523.8900
4.378217, 5.98493, 9.654274, 294441606.2308
4.440734, 6.02296, 9.64651, 294441688.2497
4.491534, 6.045011, 9.661405, 294441769.8997
4.540148, 6.072409, 9.669195, 294441851.7340
4.599174, 6.08731, 9.670671, 294441934.2596
4.657474, 6.109987, 9.671577, 294442017.3379
4.727104, 6.145202, 9.693111, 294442100.6930
4.78241, 6.186802, 9.682924, 294442184.1401
4.839267, 6.223493, 9.666966, 294442267.4949
4.892595, 6.272636, 9.66723, 294442350.8496
4.946454, 6.320251, 9.670655, 294442434.4810
5.008252, 6.339664, 9.667613, 294442518.4343
5.075649, 6.370899, 9.68106, 294442602.2498
5.132934, 6.409788, 9.684345, 294442685.8351
5.207817, 6.424353, 9.681623, 294442769.2356
5.290021, 6.437838, 9.662786, 294442852.3600
5.363775, 6.457769, 9.645975, 294442935.2539
5.436635, 6.460401, 9.659322, 294443017.8710
5.505381, 6.461605, 9.676443, 294443100.3502
5.566365, 6.467364, 9.679244, 294443182.7833
5.652616, 6.477295, 9.686097, 294443265.5392
5.731465, 6.489021, 9.69772, 294443348.6172
5.816361, 6.513103, 9.68502, 294443431.9258
5.907789, 6.539296, 9.676153, 294443515.4188
5.985578, 6.572158, 9.67205, 294443599.0036
6.069811, 6.611446, 9.679826, 294443682.7269
6.153234, 6.645501, 9.684212, 294443766.6347
6.253547, 6.655651, 9.68543, 294443850.7725
6.343075, 6.669987, 9.690743, 294443934.6340
6.427263, 6.674705, 9.700154, 294444018.4030
6.513919, 6.675326, 9.692151, 294444101.8041
6.600014, 6.685471, 9.670575, 294444184.9285
6.675376, 6.67544, 9.675644, 294444267.7297
6.751742, 6.674694, 9.694967, 294444349.9785
6.826799, 6.67542, 9.703153, 294444432.2273
6.90098, 6.664816, 9.712093, 294444514.7985
6.971572, 6.677749, 9.721087, 294444597.5999
7.046566, 6.67484, 9.709512, 294444680.8164
7.138726, 6.682039, 9.701966, 294444764.3553
7.235343, 6.700655, 9.688177, 294444848.0320
7.316782, 6.71465, 9.689604, 294444931.9858
7.395123, 6.72121, 9.704656, 294445016.2159
7.488647, 6.72347, 9.710112, 294445100.3074
7.581045, 6.733044, 9.713264, 294445183.9848
7.663809, 6.734008, 9.718291, 294445267.3853
7.746224, 6.725159, 9.699841, 294445350.5555
7.837758, 6.710627, 9.685259, 294445433.4953
7.922557, 6.694318, 9.688424, 294445516.2049
8.005989, 6.681012, 9.697498, 294445598.6837
8.0883, 6.664613, 9.701299, 294445681.3931
8.174158, 6.634741, 9.694768, 294445764.6097
8.262013, 6.621658, 9.685801, 294445848.1485
8.351915, 6.615483, 9.681952, 294445931.8256
8.452468, 6.605433, 9.662475, 294446015.5950
8.555718, 6.60379, 9.660432, 294446099.4102
8.652324, 6.599121, 9.679907, 294446183.5482
8.728575, 6.573129, 9.677342, 294446267.8702
8.819047, 6.550915, 9.688953, 294446351.8701
8.906551, 6.5303, 9.686048, 294446435.5014
8.999134, 6.513395, 9.683869, 294446518.5793
9.080194, 6.484294, 9.678596, 294446601.2428
9.163615, 6.446951, 9.66806, 294446683.6759
9.249872, 6.418048, 9.684502, 294446765.8786
9.347914, 6.392189, 9.694753, 294446848.0807
9.426126, 6.375907, 9.698473, 294446930.5141
9.511172, 6.36816, 9.714612, 294447013.1314
9.594268, 6.365576, 9.697335, 294447096.0251
9.68377, 6.367272, 9.679365, 294447179.2411
9.775695, 6.359948, 9.676251, 294447262.8262
9.857257, 6.355577, 9.671933, 294447346.8717
9.936522, 6.342698, 9.676688, 294447431.3326
10.029753, 6.329005, 9.683476, 294447515.5162
10.113791, 6.322472, 9.698598, 294447599.4237
10.201438, 6.312604, 9.692821, 294447682.9622
10.299515, 6.303255, 9.688948, 294447766.1783
10.381069, 6.289834, 9.673219, 294447849.0260
10.475826, 6.28425, 9.680376, 294447931.6430
10.558382, 6.280639, 9.691096, 294448013.9375
10.646908, 6.284489, 9.684216, 294448096.1861
10.732266, 6.291651, 9.689507, 294448178.6186
10.813827, 6.307969, 9.688882, 294448261.3276
10.8936, 6.319903, 9.692673, 294448344.4975
10.986803, 6.330618, 9.69038, 294448427.9903
11.069358, 6.337799, 9.692066, 294448511.7590
11.15, 6.34621, 9.694912, 294448595.9427
11.237317, 6.355336, 9.691508, 294448680.4489
11.32972, 6.369521, 9.706723, 294448764.5406
11.411951, 6.390292, 9.719904, 294448848.0793
11.500355, 6.40224, 9.710817, 294448931.2491
11.595431, 6.42619, 9.680468, 294449014.0045
11.689885, 6.445767, 9.675837, 294449096.5753
11.789805, 6.45802, 9.663391, 294449179.0997
11.87218, 6.480371, 9.693418, 294449261.3945
11.962688, 6.513585, 9.69034, 294449343.8736
12.036057, 6.542084, 9.698267, 294449426.4450
12.109868, 6.581577, 9.689211, 294449509.2923
12.192268, 6.621917, 9.68047, 294449592.5999
12.280873, 6.661506, 9.682308, 294449676.2307
12.361545, 6.699615, 9.699731, 294449760.2759
12.444012, 6.716071, 9.704846, 294449845.0586
12.534644, 6.743358, 9.701498, 294449929.6570
12.610126, 6.770326, 9.706033, 294450013.9789
12.674801, 6.800308, 9.714785, 294450097.7939
12.758267, 6.835657, 9.707883, 294450181.2863
12.848572, 6.868359, 9.690864, 294450264.4101
12.933884, 6.907568, 9.695781, 294450347.1653
13.008418, 6.934797, 9.714327, 294450429.5521
13.088892, 6.976943, 9.72245, 294450511.9384
13.172255, 7.01299, 9.730457, 294450594.6475
13.236746, 7.058352, 9.736492, 294450677.4486
13.307831, 7.101717, 9.729666, 294450760.7567
13.38377, 7.148189, 9.717278, 294450844.4334
13.455115, 7.193084, 9.695095, 294450928.3405
13.535333, 7.232851, 9.710495, 294451012.8468
13.607809, 7.266023, 9.714078, 294451097.9058
13.688292, 7.310865, 9.725698, 294451182.5500
13.756099, 7.359967, 9.73754, 294451266.5492
13.819865, 7.402593, 9.744428, 294451349.9494
13.897829, 7.452285, 9.726982, 294451432.8428
13.964554, 7.497794, 9.714539, 294451515.3215
14.03035, 7.537108, 9.719846, 294451597.4777
14.104011, 7.584265, 9.696998, 294451679.6337
14.190894, 7.628766, 9.696203, 294451762.1123
14.262786, 7.669645, 9.697096, 294451844.9139
14.308757, 7.703841, 9.682668, 294451927.9920
14.362709, 7.731588, 9.644257, 294452011.7147
14.412917, 7.778977, 9.608487, 294452095.6679
14.434283, 7.796458, 9.57158, 294452179.6671
14.452284, 7.852674, 9.530625, 294452263.6667
14.469987, 7.910398, 9.495625, 294452347.1131
14.502885, 7.959184, 9.491484, 294452430.2369
14.537229, 7.976931, 9.493268, 294452512.9921
14.555947, 7.985987, 9.465579, 294452595.8394
14.587593, 7.992833, 9.422099, 294452678.7327
14.628823, 7.997111, 9.381955, 294452761.9950
14.679215, 8.011915, 9.348495, 294452845.4411
14.711451, 8.036819, 9.337689, 294452928.9796
14.74087, 8.069299, 9.338656, 294453012.5643
14.776521, 8.108482, 9.327044, 294453096.1490
14.816207, 8.140098, 9.292977, 294453179.7337
14.858668, 8.181851, 9.244607, 294453263.2719
14.893047, 8.230683, 9.201258, 294453346.7186
14.935829, 8.291994, 9.169092, 294453429.8882
14.962251, 8.348544, 9.154314, 294453512.4131
14.985019, 8.38617, 9.157145, 294453594.7073
15.023233, 8.426092, 9.137929, 294453676.9560
15.065967, 8.464945, 9.103896, 294453759.2039
15.104371, 8.507123, 9.070175, 294453841.6367
15.155032, 8.548404, 9.040016, 294453924.3919
15.204732, 8.601021, 9.019389, 294454007.3778
15.256956, 8.673209, 9.015446, 294454090.5474
15.30547, 8.755884, 9.008883, 294454173.8554
15.344163, 8.829485, 8.996223, 294454257.3014
15.389332, 8.901866, 8.988945, 294454341.0243
15.418396, 8.97429, 8.986091, 294454424.9313
15.445018, 9.040675, 9.00297, 294454509.2991
15.479815, 9.109361, 9.007569, 294454593.6672
15.505291, 9.184537, 9.013246, 294454677.4820
15.539062, 9.257207, 9.023343, 294454760.9744
15.570951, 9.301727, 9.02307, 294454844.0979
15.608975, 9.360554, 9.018951, 294454926.9916
15.642689, 9.422425, 9.014259, 294455009.6083
15.674238, 9.47817, 9.011119, 294455092.0410
15.716403, 9.546601, 8.988721, 294455174.7958
15.742845, 9.60687, 8.995505, 294455257.7354
15.75921, 9.652557, 8.999377, 294455340.9051
15.783213, 9.698459, 8.978644, 294455424.5355
15.786857, 9.737866, 8.944072, 294455508.2123
15.778992, 9.777621, 8.896728, 294455591.9347
15.763435, 9.814198, 8.863233, 294455675.6115
15.736726, 9.874602, 8.841904, 294455759.1042
15.711577, 9.930834, 8.8339, 294455842.1815
15.707234, 9.99093, 8.833324, 294455925.1212
15.715214, 10.042827, 8.81836, 294456008.0602
15.723498, 10.090334, 8.777826, 294456090.9536
15.74405, 10.138934, 8.723073, 294456174.0309
15.765027, 10.18923, 8.677011, 294456257.3391
15.793576, 10.253176, 8.632454, 294456340.9699
15.804439, 10.30127, 8.638933, 294456424.6464
15.809078, 10.346779, 8.653501, 294456508.6918
15.809478, 10.392404, 8.632943, 294456592.8750
15.811258, 10.440676, 8.585118, 294456676.9205
15.814048, 10.498976, 8.523868, 294456760.8739
15.801262, 10.575423, 8.46542, 294456844.4122
15.790222, 10.641623, 8.443687, 294456927.5362
15.778385, 10.705166, 8.450323, 294457010.1068
15.776795, 10.751253, 8.461514, 294457092.5393
15.788596, 10.791117, 8.449183, 294457174.9720
15.796628, 10.840106, 8.402655, 294457257.3586
15.807698, 10.897083, 8.345428, 294457339.8830
15.831274, 10.941958, 8.298386, 294457422.7302
15.854876, 10.998727, 8.257735, 294457506.0844
15.872162, 11.055994, 8.263906, 294457589.8069
15.879364, 11.104345, 8.280869, 294457673.8982
15.883084, 11.146415, 8.270405, 294457758.1738
15.888788, 11.195164, 8.22326, 294457842.2651
15.889245, 11.257062, 8.163232, 294457926.0797
15.869898, 11.319647, 8.112518, 294458009.2956
15.856759, 11.388553, 8.07623, 294458092.1888
15.84828, 11.451957, 8.078413, 294458174.6673
15.843115, 11.503737, 8.093713, 294458256.9153
15.8475, 11.554357, 8.092665, 294458339.3018
15.849881, 11.609498, 8.062804, 294458421.6882
15.849772, 11.677136, 8.013892, 294458504.0747
15.856943, 11.723884, 7.951847, 294458586.7373
15.865266, 11.790792, 7.896716, 294458669.7690
15.87537, 11.862314, 7.865945, 294458753.2148
15.867685, 11.920327, 7.877419, 294458837.0297
15.864074, 11.971434, 7.875559, 294458921.3514
15.836062, 12.026685, 7.853962, 294459005.2584
15.804624, 12.093571, 7.80633, 294459088.7503
15.765439, 12.15723, 7.754894, 294459171.9200
15.72386, 12.212061, 7.728896, 294459254.7672
15.688751, 12.282407, 7.71995, 294459337.3835
15.648392, 12.353766, 7.72613, 294459419.6319
15.613006, 12.414313, 7.741519, 294459501.8339
15.583564, 12.478847, 7.738283, 294459584.4049
15.56358, 12.53494, 7.726975, 294459667.2978
15.551863, 12.568147, 7.731649, 294459750.3753
15.553893, 12.595569, 7.740927, 294459833.4992
15.542651, 12.64857, 7.749674, 294459916.8529
15.525082, 12.708483, 7.736787, 294460000.5755
15.518809, 12.753555, 7.746562, 294460084.7130
15.501466, 12.789578, 7.748199, 294460169.2186
15.500445, 12.822735, 7.742841, 294460254.0470
15.48832, 12.827326, 7.762994, 294460338.5526
15.47609, 12.833342, 7.755783, 294460423.0586
15.468975, 12.826021, 7.757011, 294460507.1495
15.463048, 12.819949, 7.763406, 294460590.9644
15.448858, 12.814568, 7.75922, 294460674.6870
15.43646, 12.794398, 7.763772, 294460757.9944
15.415719, 12.787784, 7.759097, 294460840.9337
15.398234, 12.785856, 7.759529, 294460923.6424
15.364912, 12.774516, 7.761165, 294461006.1667
15.341078, 12.750521, 7.768423, 294461088.5072
15.315716, 12.725788, 7.768496, 294461170.6633
15.296402, 12.696522, 7.765377, 294461252.7731
15.278813, 12.682685, 7.759897, 294461334.9286
15.260447, 12.665151, 7.757076, 294461417.1307
15.244138, 12.646645, 7.752993, 294461499.4247
15.238772, 12.638058, 7.754847, 294461581.9029
15.228743, 12.635945, 7.758128, 294461664.5654
15.216005, 12.6314, 7.755858, 294461747.4586
15.204065, 12.6431, 7.753441, 294461830.4900
15.18902, 12.652846, 7.757048, 294461913.7056
15.15841, 12.666374, 7.747161, 294461997.1515
15.135838, 12.664413, 7.737239, 294462080.5976
15.117046, 12.676194, 7.731889, 294462163.9513
15.11586, 12.664884, 7.73729, 294462247.5813
15.127079, 12.656457, 7.739758, 294462331.4882
15.158269, 12.624439, 7.74351, 294462415.4868
15.183267, 12.627344, 7.741132, 294462499.7163
15.210453, 12.602887, 7.745327, 294462584.0839
15.240928, 12.577576, 7.75169, 294462668.5432
15.263681, 12.56159, 7.746023, 294462752.9109
15.294466, 12.551892, 7.745085, 294462837.0478
15.319865, 12.541509, 7.745024, 294462920.8624
15.352776, 12.528393, 7.743498, 294463004.2624
15.383385, 12.516741, 7.745013, 294463087.2473
15.41278, 12.509585, 7.744903, 294463169.9100
15.429981, 12.499817, 7.744259, 294463252.4342
15.43232, 12.50292, 7.735843, 294463334.8666
15.435544, 12.480745, 7.749454, 294463417.4367
15.412621, 12.497439, 7.746182, 294463500.0992
15.394224, 12.491484, 7.740382, 294463582.9921
15.37381, 12.482685, 7.746292, 294463665.9770
15.363496, 12.46934, 7.732614, 294463748.9162
15.358817, 12.451456, 7.723093, 294463831.9936
15.355927, 12.440289, 7.727793, 294463915.2090
15.354165, 12.451611, 7.735304, 294463998.7470
15.361861, 12.472067, 7.740147, 294464082.3772
15.37337, 12.495649, 7.735446, 294464166.0994
15.393081, 12.518081, 7.738212, 294464249.9140
15.412451, 12.545255, 7.744051, 294464333.6825
15.436934, 12.566566, 7.746552, 294464417.3586
15.44826, 12.602667, 7.751425, 294464500.8968
15.461388, 12.630477, 7.750967, 294464584.3887
15.472207, 12.657686, 7.748097, 294464667.9264
15.483577, 12.675067, 7.746291, 294464751.3725
15.486839, 12.700983, 7.738326, 294464834.5419
15.495195, 12.722121, 7.738926, 294464917.4344
15.50503, 12.734402, 7.740047, 294465000.0048
15.514184, 12.750107, 7.739102, 294465082.3448
15.513217, 12.763885, 7.738548, 294465164.5465
15.515951, 12.774241, 7.741684, 294465246.7019
15.513387, 12.773705, 7.751731, 294465328.9038
15.511188, 12.775973, 7.752764, 294465411.1977
15.516352, 12.77017, 7.75208, 294465493.8601
15.514316, 12.773682, 7.74938, 294465576.6144
15.519912, 12.774341, 7.747442, 294465659.5538
15.516279, 12.78238, 7.746641, 294465742.6770
15.511674, 12.776528, 7.739753, 294465825.9846
15.499897, 12.763543, 7.740334, 294465909.5227
15.479312, 12.750314, 7.747869, 294465993.2449
15.4546, 12.740466, 7.749856, 294466077.1972
15.423077, 12.729643, 7.753446, 294466161.2884
15.396556, 12.72331, 7.751323, 294466245.5632
15.355853, 12.724807, 7.749495, 294466329.8383
15.319411, 12.720356, 7.748445, 294466414.0676
15.286142, 12.719951, 7.74167, 294466498.2044
15.260138, 12.711754, 7.741365, 294466582.1570
15.237492, 12.69893, 7.740926, 294466665.8788
15.21721, 12.690325, 7.744397, 294466749.3247
15.203111, 12.679095, 7.747932, 294466832.4940
15.195551, 12.676094, 7.741499, 294466915.4787
15.198668, 12.678263, 7.739267, 294466998.4176
15.215814, 12.682071, 7.74699, 294467081.4488
15.23219, 12.694416, 7.741616, 294467164.6181
15.24063, 12.716994, 7.730303, 294467248.0176
15.248222, 12.737659, 7.729705, 294467331.3716
15.250121, 12.759827, 7.71631, 294467414.8632
15.248641, 12.794863, 7.718847, 294467498.5856
15.248115, 12.810919, 7.718501, 294467582.5844
15.238332, 12.83222, 7.714343, 294467666.8133
15.219722, 12.851383, 7.710563, 294467750.9504
15.196093, 12.869557, 7.704551, 294467834.9949
15.165712, 12.897085, 7.701307, 294467918.9016
15.120328, 12.922109, 7.68756, 294468002.6699
15.065373, 12.94106, 7.683337, 294468086.1614
15.00835, 12.955674, 7.69164, 294468169.3308
14.943214, 12.970379, 7.698768, 294468252.1777
14.887177, 13.011912, 7.708813, 294468335.0704
14.845831, 13.053691, 7.713123, 294468418.1016
14.817807, 13.065393, 7.72564, 294468500.9023
14.780382, 13.087965, 7.723191, 294468583.3805
14.745395, 13.113487, 7.720076, 294468665.5820
14.711702, 13.134432, 7.704477, 294468747.3693
14.690562, 13.1466, 7.689653, 294468828.9260
14.671466, 13.167416, 7.669272, 294468910.3905
14.669708, 13.196058, 7.633554, 294468992.0856
14.682252, 13.228642, 7.595212, 294469074.3333
14.685813, 13.282701, 7.563991, 294469157.2720
14.677336, 13.338347, 7.555894, 294469240.7179
14.66017, 13.385457, 7.562789, 294469324.5781
14.639234, 13.417259, 7.560876, 294469408.4386
14.607313, 13.446053, 7.555696, 294469492.0228
14.584659, 13.471548, 7.538643, 294469575.5144
14.550498, 13.490057, 7.524276, 294469659.0985
14.51237, 13.499015, 7.479545, 294469742.6366
14.460122, 13.506801, 7.419842, 294469825.8518
14.407078, 13.507126, 7.388401, 294469908.6986
14.361809, 13.509119, 7.381438, 294469991.4532
14.336633, 13.514769, 7.388319, 294470074.2082
14.311967, 13.524848, 7.388566, 294470157.1008
14.2813, 13.553833, 7.373452, 294470240.1320
14.25122, 13.590637, 7.339526, 294470323.3476
14.224446, 13.624606, 7.294858, 294470406.7010
14.194922, 13.678885, 7.24023, 294470490.4694
14.166744, 13.74457, 7.201469, 294470574.7441
14.129663, 13.81636, 7.188171, 294470659.4803
14.104383, 13.865475, 7.191203, 294470744.3543
14.073145, 13.894516, 7.191353, 294470828.8135
14.042976, 13.917846, 7.171537, 294470912.8125
14.00394, 13.938347, 7.149691, 294470996.3500
13.954933, 13.94269, 7.109862, 294471079.5652
13.922361, 13.935493, 7.075955, 294471162.4583
13.881684, 13.93878, 7.051462, 294471245.3511
13.827642, 13.936317, 7.042161, 294471327.8752
13.767799, 13.952625, 7.052232, 294471410.3993
13.707877, 13.982693, 7.059476, 294471493.0619
13.646917, 14.020532, 7.03809, 294471575.7241
13.58389, 14.054066, 7.037274, 294471658.2481
13.556159, 14.084827, 7.043498, 294471740.6801
13.509309, 14.12361, 7.043866, 294471823.0662
13.456114, 14.159448, 7.03865, 294471905.3140
13.391801, 14.187552, 7.032805, 294471987.4236
13.340373, 14.20375, 7.03015, 294472069.6712
13.274311, 14.214235, 7.016544, 294472152.1952
13.202329, 14.217793, 7.002858, 294472235.2722
13.139439, 14.204629, 7.000904, 294472318.7641
13.088492, 14.204571, 7.020365, 294472403.3616
13.033401, 14.212566, 7.00744, 294472488.6506
12.98442, 14.193031, 7.01405, 294472573.6627
12.944233, 14.17587, 7.041245, 294472658.2607
12.909835, 14.164169, 7.036312, 294472742.2132
12.879132, 14.158097, 7.034865, 294472825.7052
12.837461, 14.156243, 7.029553, 294472908.6898
12.79912, 14.155566, 7.008103, 294472991.2601
12.755391, 14.172026, 6.968287, 294473073.7845
12.720208, 14.197914, 6.924118, 294473156.3544
12.69591, 14.231986, 6.885567, 294473239.0170
12.658792, 14.267569, 6.855522, 294473322.0018
12.618384, 14.298137, 6.850964, 294473405.3089
12.579508, 14.315969, 6.867938, 294473489.0312
12.551456, 14.321491, 6.870806, 294473572.7991
12.511433, 14.305946, 6.860599, 294473655.9683
12.477576, 14.287238, 6.843165, 294473738.8608
12.443806, 14.265245, 6.82312, 294473821.6612
12.406024, 14.234933, 6.791558, 294473904.4154
12.359758, 14.201684, 6.743166, 294473987.1698
12.313961, 14.167468, 6.700806, 294474069.9700
12.270126, 14.141786, 6.687715, 294474153.0928
12.216679, 14.117167, 6.684774, 294474236.4922
12.183696, 14.110737, 6.677665, 294474320.0759
12.139343, 14.103154, 6.669516, 294474403.7517
12.096254, 14.10283, 6.655264, 294474487.4737
12.049679, 14.116261, 6.627763, 294474571.1955
12.003247, 14.131637, 6.579759, 294474655.1477
11.951149, 14.159266, 6.531931, 294474739.3765
11.888094, 14.202416, 6.496942, 294474823.9740
11.836333, 14.243732, 6.479101, 294474908.6173
11.794305, 14.258945, 6.483978, 294474992.8922
11.746618, 14.262169, 6.480682, 294475076.6140
11.705511, 14.260279, 6.463321, 294475160.0591
11.659822, 14.264851, 6.428869, 294475243.3665
11.62407, 14.25063, 6.385782, 294475326.4432
11.603709, 14.210124, 6.342247, 294475409.1051
11.547535, 14.152368, 6.30935, 294475491.2601
11.476452, 14.110241, 6.288555, 294475573.1387
11.432272, 14.083988, 6.295379, 294475655.1098
11.394876, 14.063885, 6.312128, 294475736.9885
11.354927, 14.065125, 6.300604, 294475819.3281
11.309994, 14.07463, 6.256225, 294475901.8519
11.257513, 14.084201, 6.193407, 294475984.6520
11.209169, 14.121647, 6.147243, 294476068.0978
11.156801, 14.168853, 6.110949, 294476151.9115
11.100225, 14.206744, 6.100823, 294476235.9100
11.056702, 14.21777, 6.107367, 294476319.8163
11.024942, 14.205389, 6.11903, 294476403.3077
10.989144, 14.191807, 6.102967, 294476486.7070
10.948099, 14.18257, 6.068906, 294476570.3367
10.896492, 14.159965, 5.997559, 294476653.7361
10.831235, 14.089284, 5.95401, 294476736.4445
10.779303, 14.027575, 5.92252, 294476818.9223
10.728877, 13.992571, 5.920693, 294476901.4919
10.696221, 13.959895, 5.94341, 294476983.9701
10.664181, 13.937014, 5.951035, 294477066.8622
10.621661, 13.9398, 5.933414, 294477150.2615
10.578466, 13.942921, 5.90301, 294477233.8914
10.539253, 13.957157, 5.867819, 294477317.7513
10.491783, 13.976122, 5.816396, 294477401.7497
10.441614, 14.007494, 5.77107, 294477485.9782
10.394217, 14.035358, 5.743333, 294477570.3453
10.356516, 14.043427, 5.744888, 294477654.4357
10.315493, 14.044507, 5.753362, 294477738.3876
10.27007, 14.042808, 5.747156, 294477821.9716
10.224748, 14.02733, 5.718589, 294477905.2785
10.183694, 14.019913, 5.680455, 294477988.4933
10.139082, 13.994737, 5.626191, 294478071.3857
10.086108, 13.953963, 5.583755, 294478153.8635
10.026316, 13.91167, 5.565106, 294478235.9263
9.971282, 13.890115, 5.562441, 294478318.1278
9.928973, 13.876458, 5.580492, 294478400.4671
9.892846, 13.875302, 5.577586, 294478483.0832
9.840995, 13.885139, 5.562191, 294478566.0218
9.783136, 13.884239, 5.534661, 294478649.1906
9.722192, 13.887209, 5.498848, 294478732.5900
9.659814, 13.894081, 5.44698, 294478815.9896
9.59671, 13.897008, 5.406174, 294478899.5270
9.534195, 13.890001, 5.403242, 294478983.1568
9.464771, 13.871242, 5.406518, 294479066.6943
9.401774, 13.846375, 5.414213, 294479150.2320
9.333134, 13.823237, 5.397719, 294479233.7696
9.264225, 13.802294, 5.390853, 294479317.3992
9.209659, 13.755907, 5.396258, 294479401.1214
9.142304, 13.730473, 5.406213, 294479485.1195
9.073758, 13.695319, 5.405803, 294479569.0718
9.015535, 13.659732, 5.399828, 294479652.5637
8.946022, 13.623887, 5.410482, 294479735.5022
8.867052, 13.600926, 5.404158, 294479818.3486
8.793978, 13.571012, 5.388591, 294479900.8724
8.738187, 13.546988, 5.399895, 294479983.0736
8.693102, 13.512417, 5.410354, 294480065.0908
8.64077, 13.476967, 5.399425, 294480147.1077
8.588477, 13.44581, 5.40207, 294480229.3547
8.566718, 13.411121, 5.411577, 294480311.8325
8.531318, 13.367137, 5.39536, 294480394.7251
8.484872, 13.309107, 5.38594, 294480477.9397
8.454474, 13.253861, 5.375998, 294480561.3852
8.434136, 13.198647, 5.370733, 294480645.4299
8.393807, 13.141668, 5.381258, 294480730.3036
8.369165, 13.070236, 5.38696, 294480814.9928
8.355989, 13.009315, 5.392667, 294480899.2678
8.336348, 12.95729, 5.390506, 294480983.0354
8.309548, 12.901093, 5.386303, 294481066.5270
8.271346, 12.849161, 5.376763, 294481149.8806
8.234095, 12.80289, 5.38961, 294481233.0032
8.209282, 12.745767, 5.384614, 294481315.7116
8.170807, 12.676579, 5.358371, 294481398.4659
8.13602, 12.618894, 5.353582, 294481481.4041
8.117113, 12.579869, 5.358135, 294481564.4351
8.107936, 12.556359, 5.361849, 294481647.8808
8.097961, 12.541563, 5.360285, 294481731.5568
8.088645, 12.517715, 5.352372, 294481815.3709
8.097388, 12.500784, 5.33788, 294481899.2771
8.104899, 12.478086, 5.313479, 294481983.1375
8.123625, 12.451412, 5.269166, 294482066.7214
8.160339, 12.416837, 5.231698, 294482149.8902
8.203955, 12.385982, 5.21244, 294482232.6909
8.255769, 12.343703, 5.204895, 294482315.0764
8.289932, 12.300715, 5.20053, 294482397.4621
8.311306, 12.260314, 5.19791, 294482480.0785
8.321936, 12.220696, 5.193835, 294482563.1094
8.315495, 12.193421, 5.196908, 294482646.6008
8.296896, 12.182087, 5.207602, 294482730.2767
8.272976, 12.161481, 5.206073, 294482813.9986
8.228647, 12.136141, 5.207066, 294482897.8126
8.200461, 12.120714, 5.199774, 294482981.4883
8.184852, 12.103411, 5.18599, 294483065.0258
8.171496, 12.088401, 5.175, 294483148.3326
8.158277, 12.084392, 5.188407, 294483231.5477
8.161017, 12.080112, 5.189072, 294483314.5320
8.169694, 12.067176, 5.16944, 294483397.6551
8.188611, 12.053983, 5.135897, 294483480.8241
8.222151, 12.031952, 5.092164, 294483563.9469
8.26829, 12.00421, 5.045212, 294483646.8395
8.334115, 11.977365, 5.022, 294483729.3172
8.394876, 11.953192, 5.024408, 294483811.5644
8.438148, 11.939271, 5.032191, 294483893.8118
8.475872, 11.927023, 5.028575, 294483976.1976
8.492049, 11.90888, 5.0186, 294484059.2285
8.498831, 11.88555, 5.013293, 294484142.9040
8.508488, 11.869091, 5.013418, 294484226.9028
8.506678, 11.862727, 5.018152, 294484311.0394
8.500257, 11.854536, 5.020058, 294484395.1298
8.486919, 11.851181, 5.021783, 294484479.2205
8.464501, 11.836138, 5.017953, 294484563.4029
8.430538, 11.812949, 5.004149, 294484647.4473
8.39707, 11.780182, 4.973912, 294484731.2151
8.358893, 11.732494, 4.931634, 294484814.8450
8.315812, 11.689868, 4.884332, 294484898.3826
8.276134, 11.646465, 4.837713, 294484981.9198
8.232421, 11.608433, 4.830561, 294485065.5496
8.208036, 11.579947, 4.843866, 294485149.1330
8.191424, 11.56174, 4.849014, 294485232.7627
8.170172, 11.54036, 4.844649, 294485316.0241
8.159283, 11.523575, 4.838048, 294485399.0085
8.15724, 11.49982, 4.831381, 294485481.8090
8.160892, 11.465481, 4.806982, 294485564.4252
8.169796, 11.428873, 4.779894, 294485646.9492
8.186067, 11.409149, 4.750386, 294485729.3808
8.226891, 11.373099, 4.70229, 294485811.6742
8.274012, 11.327479, 4.661589, 294485893.6452
8.330219, 11.282747, 4.647718, 294485975.6165
8.36445, 11.251208, 4.6569, 294486057.8638
8.380659, 11.236152, 4.674578, 294486140.5260
8.393609, 11.213675, 4.667623, 294486223.6492
8.402896, 11.183673, 4.662814, 294486307.1866
8.401074, 11.153183, 4.658846, 294486391.1850
8.392872, 11.122657, 4.655287, 294486475.5058
8.377612, 11.093499, 4.649674, 294486559.8726
8.367325, 11.068855, 4.644583, 294486644.1475
8.350081, 11.062509, 4.637876, 294486728.0534
8.332059, 11.052866, 4.617398, 294486811.5451
8.29517, 11.03671, 4.587186, 294486894.9447
8.243513, 11.007513, 4.548616, 294486978.4359
8.19136, 10.972352, 4.498145, 294487062.0195
8.145507, 10.940464, 4.464057, 294487145.9258
8.101542, 10.921789, 4.475743, 294487229.8778
8.077789, 10.907677, 4.485312, 294487313.8301
8.047566, 10.87774, 4.475902, 294487397.4136
8.027781, 10.839344, 4.462888, 294487480.4447
8.005066, 10.812713, 4.456203, 294487563.0608
7.999698, 10.783411, 4.445469, 294487645.3083
7.98522, 10.753284, 4.426086, 294487727.5093
7.997621, 10.72202, 4.416055, 294487809.5724
8.017253, 10.704344, 4.404884, 294487891.8198
8.045583, 10.684772, 4.39214, 294487974.2975
8.081347, 10.645264, 4.362627, 294488056.8212
8.138577, 10.601412, 4.325408, 294488139.1607
8.193613, 10.564338, 4.286908, 294488221.5925
8.251546, 10.514542, 4.267012, 294488304.0701
8.316241, 10.481913, 4.276845, 294488386.5475
8.362432, 10.464768, 4.294016, 294488469.3940
8.402069, 10.460614, 4.29898, 294488552.6550
8.425747, 10.446734, 4.290983, 294488636.5608
8.427548, 10.413741, 4.281056, 294488721.2503
8.434127, 10.38146, 4.272428, 294488806.1237
8.439225, 10.355838, 4.274357, 294488891.0433
8.43689, 10.339615, 4.269036, 294488975.6403
8.427383, 10.317187, 4.254563, 294489059.7769
8.395684, 10.29697, 4.237308, 294489143.8212
8.353113, 10.267298, 4.219303, 294489227.9120
8.304255, 10.240385, 4.189448, 294489311.8181
8.255177, 10.201326, 4.148655, 294489395.6784
8.216123, 10.168132, 4.115992, 294489479.2623
8.184916, 10.136346, 4.100109, 294489562.6154
8.151046, 10.109325, 4.105676, 294489645.9687
8.122799, 10.091102, 4.116492, 294489729.2760
8.097399, 10.075354, 4.113865, 294489812.3067
8.072647, 10.052141, 4.10118, 294489894.9687
8.073069, 10.031164, 4.096947, 294489977.2163
8.079357, 10.005023, 4.090236, 294490059.0951
8.083789, 9.970871, 4.074779, 294490140.8355
8.092299, 9.945353, 4.06578, 294490222.5759
8.11274, 9.931039, 4.060441, 294490304.5006
8.141265, 9.915653, 4.043941, 294490386.7020
8.180527, 9.893328, 4.008238, 294490469.1339
8.22949, 9.855572, 3.96763, 294490551.4734
8.275819, 9.82919, 3.928327, 294490633.9508
8.320815, 9.816167, 3.920932, 294490716.7050
8.363968, 9.796267, 3.92077, 294490799.7819
8.399433, 9.79035, 3.932298, 294490883.0887
8.442251, 9.777792, 3.92786, 294490966.7185
8.457704, 9.759954, 3.925344, 294491050.9011
8.476424, 9.737052, 3.918806, 294491135.4981
8.486029, 9.707044, 3.916138, 294491220.3719
8.490217, 9.675028, 3.909918, 294491305.3379
8.485262, 9.64657, 3.904571, 294491390.2580
8.474558, 9.622286, 3.893739, 294491474.9010
8.461473, 9.603809, 3.876011, 294491559.1761
8.427273, 9.561243, 3.849308, 294491643.2203
8.399608, 9.532447, 3.812801, 294491727.0342
8.366823, 9.494819, 3.773945, 294491810.7100
8.337067, 9.466724, 3.746958, 294491894.2011
8.310961, 9.434088, 3.732935, 294491977.4624
8.289134, 9.403569, 3.737662, 294492060.7237
8.278685, 9.364889, 3.738631, 294492143.8002
8.277544, 9.32831, 3.731266, 294492226.7390
8.263924, 9.304959, 3.727957, 294492309.4469
8.262516, 9.286631, 3.724282, 294492392.0628
8.273921, 9.258755, 3.716427, 294492474.4023
8.296505, 9.226084, 3.700299, 294492556.6037
8.317069, 9.196107, 3.677785, 294492638.8051
8.349359, 9.171396, 3.653391, 294492721.0528
8.382941, 9.154222, 3.620877, 294492803.6224
8.419993, 9.141724, 3.576691, 294492886.2845
8.472674, 9.12606, 3.554715, 294492969.0389
8.523028, 9.115623, 3.555922, 294493051.9771
8.565801, 9.109379, 3.55363, 294493134.8698
8.589031, 9.099686, 3.553846, 294493217.9928
8.59522, 9.083858, 3.549934, 294493301.4843
8.59278, 9.063084, 3.545628, 294493385.2983
8.583511, 9.033784, 3.541603, 294493469.3427
8.581862, 9.001766, 3.537229, 294493553.4329
8.578527, 8.975539, 3.537209, 294493637.4774
8.573628, 8.949988, 3.526674, 294493721.1993
8.553194, 8.915526, 3.501448, 294493804.8287
8.522678, 8.866158, 3.46785, 294493888.6891
8.486732, 8.802429, 3.429358, 294493972.6874
8.446507, 8.745909, 3.381413, 294494056.9164
8.390145, 8.691091, 3.360728, 294494141.4672
8.335824, 8.641006, 3.351422, 294494225.8802
8.296851, 8.615509, 3.357427, 294494309.9708
8.253362, 8.588558, 3.357182, 294494393.7384
8.234297, 8.564859, 3.35369, 294494476.8611
8.217429, 8.545276, 3.35335, 294494559.7534
8.19835, 8.525206, 3.346202, 294494642.4611
8.19094, 8.500812, 3.341437, 294494724.9386
8.198036, 8.47674, 3.334641, 294494807.2778
8.205764, 8.442689, 3.323135, 294494889.6635
8.216184, 8.403976, 3.304565, 294494972.2329
8.240644, 8.373163, 3.28746, 294495054.9409
8.270273, 8.343683, 3.251188, 294495137.7872
8.310675, 8.304644, 3.200434, 294495220.4491
8.367617, 8.266034, 3.164779, 294495302.8806
8.409001, 8.22852, 3.150162, 294495385.3582
8.432106, 8.200014, 3.159018, 294495467.8821
8.456577, 8.178185, 3.174713, 294495550.6820
8.470965, 8.150229, 3.172631, 294495633.8048
8.478954, 8.117838, 3.162256, 294495717.1120
8.480219, 8.087264, 3.1523, 294495800.6492
8.475404, 8.055175, 3.143637, 294495884.5091
8.459166, 8.022809, 3.131773, 294495968.5078
8.449529, 7.994814, 3.116999, 294496052.3677
8.435657, 7.97007, 3.099601, 294496135.9510
8.41234, 7.941217, 3.062944, 294496219.3044
8.368597, 7.900947, 3.006635, 294496302.9338
8.30794, 7.871303, 2.973321, 294496386.9321
8.256128, 7.835219, 2.967566, 294496471.2066
8.218036, 7.813029, 2.982065, 294496555.5276
8.191134, 7.795559, 2.986975, 294496639.6641
8.18421, 7.771995, 2.981513, 294496723.2933
8.169557, 7.74848, 2.969987, 294496806.5542
8.169938, 7.72116, 2.965027, 294496889.3084
8.176876, 7.698857, 2.958951, 294496971.7857
8.18531, 7.665539, 2.944489, 294497054.1250
8.201491, 7.633004, 2.926448, 294497136.3724
8.224662, 7.609824, 2.908702, 294497218.7116
8.262698, 7.588497, 2.873804, 294497301.0506
8.312534, 7.561024, 2.837304, 294497383.3440
8.358798, 7.528319, 2.805393, 294497465.7298
8.408093, 7.497239, 2.794356, 294497547.9768
8.438406, 7.466049, 2.80006, 294497630.6388
8.444077, 7.442329, 2.803047, 294497713.6234
8.459556, 7.403522, 2.788109, 294497796.7922
8.455682, 7.359586, 2.78199, 294497880.4674
8.43832, 7.315947, 2.769639, 294497964.4198
8.432486, 7.2661, 2.747098, 294498048.4179
8.426554, 7.219632, 2.716507, 294498132.3696
8.407558, 7.179614, 2.680786, 294498216.2758
8.370659, 7.137701, 2.630377, 294498300.3661
8.311893, 7.09003, 2.602521, 294498384.9174
8.246629, 7.047236, 2.59444, 294498469.8831
8.212341, 7.019805, 2.603204, 294498554.5726
8.182625, 7.006831, 2.615193, 294498639.1696
8.163529, 6.98562, 2.606965, 294498723.1679
8.157018, 6.957272, 2.594149, 294498806.5673
8.155087, 6.939868, 2.597218, 294498889.4133
8.167082, 6.923664, 2.594168, 294498971.9375
8.176958, 6.883934, 2.570951, 294499054.3694
8.198367, 6.848099, 2.552723, 294499136.6625
8.238391, 6.823632, 2.52375, 294499218.9555
8.281606, 6.793133, 2.476773, 294499301.3410
8.339338, 6.747621, 2.430283, 294499383.4960
8.404584, 6.717965, 2.419525, 294499465.3747
8.44568, 6.696685, 2.413695, 294499547.3915
8.457488, 6.670496, 2.425804, 294499629.9151
8.46915, 6.653931, 2.424764, 294499712.7612
8.468946, 6.626103, 2.418288, 294499796.1607
8.466798, 6.591656, 2.405431, 294499879.9745
8.451172, 6.54098, 2.394179, 294499964.2031
8.43319, 6.483479, 2.390034, 294500048.3393
8.420561, 6.435823, 2.369953, 294500132.3836
8.396173, 6.384981, 2.332464, 294500216.1052
8.366942, 6.334461, 2.286051, 294500299.7807
8.320024, 6.290637, 2.24703, 294500383.5023
8.289393, 6.229252, 2.232715, 294500467.4085
8.261151, 6.195826, 2.244541, 294500551.3607
8.252879, 6.166474, 2.264482, 294500635.0824
8.256319, 6.116789, 2.252761, 294500718.3894
8.255541, 6.063909, 2.234272, 294500801.4659
8.276974, 6.034827, 2.237914, 294500884.2659
8.323618, 6.01225, 2.255678, 294500966.8357
8.369881, 5.981719, 2.255852, 294501049.3591
8.404662, 5.940417, 2.242101, 294501131.8367
8.448359, 5.908424, 2.239949, 294501214.0837
8.493151, 5.885417, 2.23853, 294501296.3769
8.53382, 5.861146, 2.232049, 294501378.7162
8.562731, 5.837283, 2.228835, 294501461.2860
8.577147, 5.821943, 2.219974, 294501544.1320
8.580352, 5.801575, 2.224701, 294501627.3467
8.572607, 5.784695, 2.21356, 294501711.0684
8.560398, 5.766551, 2.22236, 294501794.9282
8.543114, 5.746095, 2.22014, 294501878.8802
8.515347, 5.732988, 2.219539, 294501962.8323
8.482206, 5.711157, 2.218355, 294502046.6921
8.449163, 5.678449, 2.204791, 294502130.4139
8.419122, 5.634563, 2.178657, 294502213.9972
8.370128, 5.582039, 2.146444, 294502297.3504
8.345103, 5.524025, 2.106227, 294502380.6572
8.323936, 5.476921, 2.081164, 294502463.8261
8.312278, 5.409966, 2.064899, 294502546.9943
8.297316, 5.348044, 2.076207, 294502630.2094
8.295133, 5.278566, 2.080036, 294502713.2859
8.30226, 5.207603, 2.067961, 294502796.2704
8.318189, 5.122048, 2.053385, 294502879.1165
8.354064, 5.03721, 2.047973, 294502961.9171
8.380702, 4.97106, 2.057132, 294503044.8093
8.38693, 4.915009, 2.058948, 294503128.1627
8.398718, 4.848481, 2.051541, 294503211.5159
8.413189, 4.791239, 2.047419, 294503294.8229
8.405924, 4.73321, 2.042176, 294503378.1762
8.401433, 4.672697, 2.041202, 294503461.4829
8.385065, 4.609722, 2.030533, 294503544.6975
8.367736, 4.563526, 2.071423, 294503627.5902
8.366679, 4.518691, 2.067832, 294503709.9757
8.347469, 4.47164, 2.057234, 294503792.6840
8.331243, 4.426528, 2.061104, 294503875.8068
8.330354, 4.391368, 2.058875, 294503959.2984
8.328574, 4.348138, 2.054015, 294504043.0662
8.350103, 4.31031, 2.053816, 294504126.8336
8.365623, 4.273046, 2.040308, 294504210.6937
8.398102, 4.234382, 2.039798, 294504294.5997
8.438933, 4.197624, 2.040055, 294504378.7362
8.484877, 4.15697, 2.045537, 294504462.6425
8.529015, 4.105393, 2.041903, 294504546.5028
8.551255, 4.065533, 2.03948, 294504630.3166
8.568249, 4.031167, 2.037555, 294504713.7159
8.589699, 3.990246, 2.03346, 294504796.6545
8.587506, 3.943156, 2.023901, 294504879.2243
8.568232, 3.88922, 1.998505, 294504961.6560
8.550591, 3.831237, 1.984516, 294505044.2261
8.517521, 3.774669, 1.983217, 294505126.8879
8.47411, 3.722091, 1.974352, 294505209.7343
8.411246, 3.670308, 1.982284, 294505292.7187
8.354282, 3.637693, 2.006413, 294505375.5652
8.314101, 3.611032, 2.029029, 294505458.6880
8.252233, 3.594194, 2.028939, 294505542.6402
8.193526, 3.557446, 2.025894, 294505626.8686
8.150491, 3.501134, 2.01456, 294505711.0513
8.104365, 3.451281, 2.014355, 294505794.9577
8.052284, 3.383799, 1.992079, 294505878.4029
8.000513, 3.28804, 1.991056, 294505961.5719
7.936584, 3.231093, 2.003513, 294506045.2937
7.861019, 3.195126, 2.01192, 294506129.4302
7.793069, 3.1598, 2.025894, 294506213.2904
7.713131, 3.137898, 2.014114, 294506296.9660
7.633818, 3.122673, 1.994958, 294506380.0891
7.54718, 3.094821, 1.999966, 294506462.7052
7.463648, 3.091784, 2.008061, 294506545.0447
7.37118, 3.078863, 2.010011, 294506626.9235
7.300975, 3.060763, 2.018481, 294506708.5720
7.228585, 3.040271, 2.043864, 294506790.4043
7.165702, 2.999573, 2.03804, 294506872.5136
7.089751, 2.954996, 2.02652, 294506954.9913
7.016134, 2.918976, 2.014853, 294507037.7918
6.93559, 2.873093, 2.01149, 294507120.9145
6.860694, 2.845184, 2.022401, 294507204.7287
6.774703, 2.802392, 2.030594, 294507289.0496
6.696095, 2.770462, 2.015687, 294507373.2783
6.624905, 2.75464, 2.034842, 294507457.4611
6.550943, 2.734992, 2.035401, 294507541.2750
6.463541, 2.722314, 2.02487, 294507624.7206
6.375566, 2.719851, 2.006691, 294507707.8431
6.29013, 2.709327, 2.008961, 294507790.5053
6.209242, 2.695701, 2.009398, 294507872.8447
6.125448, 2.68829, 2.025609, 294507955.0920
6.057373, 2.678213, 2.034732, 294508037.7080
5.996455, 2.675421, 2.043927, 294508120.8767
5.920965, 2.652334, 2.053453, 294508204.4603
5.869796, 2.642938, 2.03818, 294508288.2744
5.81003, 2.623203, 2.031312, 294508372.1806
5.745213, 2.598601, 2.026338, 294508456.3171
5.68037, 2.571119, 2.034487, 294508540.5916
5.618012, 2.562024, 2.037553, 294508625.2350
5.549493, 2.556071, 2.035435, 294508709.9243
5.486201, 2.535644, 2.044746, 294508794.0151
5.428513, 2.52703, 2.051202, 294508877.5985
5.372087, 2.520643, 2.041591, 294508960.6753
5.316795, 2.519244, 2.039333, 294509043.2912
5.266961, 2.529122, 2.028547, 294509125.6769
5.219737, 2.537227, 2.029104, 294509207.6940
5.177861, 2.555027, 2.040286, 294509289.7110
5.119929, 2.586793, 2.023798, 294509371.9124
5.073462, 2.612693, 2.014897, 294509454.6665
5.030931, 2.639352, 2.016214, 294509537.7896
5.000999, 2.658441, 2.029478, 294509621.1887
4.979146, 2.669096, 2.029002, 294509704.9569
4.976428, 2.663074, 2.035937, 294509788.5863
4.970165, 2.645485, 2.050919, 294509872.4006
4.950129, 2.636273, 2.02634, 294509956.0761
4.940587, 2.630852, 2.028233, 294510039.5215
4.934825, 2.62306, 2.045354, 294510122.9207
4.929533, 2.623574, 2.039917, 294510206.2738
4.926304, 2.623054, 2.044164, 294510289.5349
4.927131, 2.615838, 2.041847, 294510372.7041
4.93568, 2.617453, 2.03438, 294510455.8730
4.931591, 2.626356, 2.038775, 294510539.0882
4.928013, 2.63059, 2.039478, 294510622.3034
4.931921, 2.627842, 2.042099, 294510705.4723
4.934247, 2.633351, 2.030469, 294510788.6415
4.939974, 2.638661, 2.029896, 294510871.9024
4.938742, 2.637099, 2.037364, 294510955.2555
4.935304, 2.63657, 2.030016, 294511038.5626
4.93246, 2.63329, 2.027398, 294511121.8234
4.935798, 2.632247, 2.039316, 294511204.9922
4.938932, 2.63058, 2.038601, 294511288.1610
4.939216, 2.623738, 2.041451, 294511371.2379
4.938041, 2.624325, 2.036379, 294511454.3147
4.940921, 2.622851, 2.0322, 294511537.3915
4.951236, 2.63453, 2.03578, 294511620.4220
4.954478, 2.635687, 2.036937, 294511703.4989
4.950566, 2.633801, 2.034981, 294511786.7141
4.949303, 2.629372, 2.03291, 294511870.0211
4.953113, 2.628416, 2.036481, 294511953.4205
4.952503, 2.632581, 2.039473, 294512036.9119
4.945223, 2.633508, 2.036465, 294512120.3569
4.948473, 2.629547, 2.038719, 294512203.7102
4.952429, 2.62667, 2.044025, 294512287.0634
4.950057, 2.62077, 2.035654, 294512370.2783
4.945073, 2.623796, 2.036834, 294512453.4935
4.939978, 2.620362, 2.030037, 294512536.6164
4.938447, 2.614292, 2.025695, 294512619.7393
4.943582, 2.607107, 2.03913, 294512702.8621
4.938197, 2.616456, 2.04179, 294512786.0771
4.937286, 2.61652, 2.032147, 294512869.3842
4.929969, 2.613497, 2.024976, 294512952.6451
4.928028, 2.61866, 2.032422, 294513035.8142
4.931188, 2.606696, 2.035219, 294513118.8910
4.931422, 2.606295, 2.035545, 294513202.0139
4.933975, 2.602407, 2.036382, 294513285.1825
4.936094, 2.607135, 2.036051, 294513368.4895
4.932439, 2.596434, 2.023992, 294513451.8427
4.925089, 2.606119, 2.03168, 294513535.2421
4.926883, 2.59618, 2.035099, 294513618.5958
4.933612, 2.599344, 2.040015, 294513701.9029
4.933803, 2.598827, 2.050881, 294513785.3025
4.931646, 2.60487, 2.04433, 294513868.5635
4.934903, 2.602914, 2.041577, 294513951.8243
4.929402, 2.602819, 2.035885, 294514035.0394
4.931104, 2.603024, 2.039649, 294514118.2085
4.926105, 2.603846, 2.037976, 294514201.2856
4.939384, 2.598135, 2.038179, 294514284.2704
4.941166, 2.604047, 2.041564, 294514367.3474
4.943373, 2.604712, 2.039534, 294514450.4705
4.945936, 2.598006, 2.041226, 294514533.7314
4.941451, 2.603678, 2.043033, 294514617.0846
4.940929, 2.604599, 2.042327, 294514700.4841
4.945761, 2.600607, 2.040886, 294514783.9756
4.944485, 2.601455, 2.03835, 294514867.4211
4.952685, 2.599696, 2.040928, 294514950.8207
4.946356, 2.60278, 2.03736, 294515034.1277
4.946608, 2.594186, 2.041413, 294515117.2968
4.949134, 2.587032, 2.036133, 294515200.4196
4.958402, 2.588591, 2.038705, 294515283.4500
4.95855, 2.591072, 2.041594, 294515366.5265
4.961569, 2.589197, 2.047105, 294515449.6495
4.964612, 2.586768, 2.039684, 294515532.7718
4.966456, 2.582957, 2.042259, 294515615.8946
4.970767, 2.581952, 2.040236, 294515699.1557
4.976495, 2.592343, 2.048321, 294515782.4168
4.976469, 2.581998, 2.047729, 294515865.7702
4.979239, 2.57647, 2.045434, 294515949.1698
4.985681, 2.578221, 2.045285, 294516032.5690
4.994102, 2.577589, 2.028364, 294516115.7842
4.995766, 2.573488, 2.035647, 294516198.9072
4.993608, 2.568987, 2.044921, 294516281.9380
4.999751, 2.566408, 2.043106, 294516364.9686
5.007803, 2.552616, 2.035615, 294516447.9992
5.000445, 2.561048, 2.039065, 294516531.0758
5.003767, 2.563565, 2.048792, 294516614.2911
5.004735, 2.570736, 2.048005, 294516697.6442
5.002256, 2.565565, 2.050431, 294516781.0896
5.001503, 2.567005, 2.046207, 294516864.5350
5.003209, 2.570559, 2.048439, 294516948.0726
5.0071, 2.568667, 2.050052, 294517031.5177
5.002278, 2.572567, 2.051044, 294517114.9169
5.000319, 2.57437, 2.047669, 294517198.2242
4.995189, 2.581152, 2.045486, 294517281.4850
5.006392, 2.580695, 2.040275, 294517364.7920
4.997936, 2.578933, 2.051902, 294517448.0993
4.989536, 2.584417, 2.039952, 294517531.3143
4.986526, 2.58721, 2.039637, 294517614.4833
4.983338, 2.589933, 2.039843, 294517697.6060
4.980747, 2.584365, 2.023561, 294517780.6828
4.978912, 2.582695, 2.033209, 294517863.7135
4.977412, 2.587865, 2.031405, 294517946.7441
4.981355, 2.586862, 2.042731, 294518029.7285
4.979097, 2.590602, 2.01343, 294518112.6671
4.975527, 2.589884, 2.017137, 294518195.6514
4.977543, 2.587074, 2.034085, 294518278.7282
4.977595, 2.584624, 2.03604, 294518361.9434
4.975913, 2.586442, 2.037852, 294518445.2966
4.97957, 2.585286, 2.041708, 294518528.6498
4.979154, 2.584261, 2.044051, 294518612.0954
4.974866, 2.580264, 2.041609, 294518695.5871
4.973144, 2.577443, 2.036138, 294518779.1245
4.977545, 2.580551, 2.030427, 294518862.7081
4.975559, 2.583229, 2.031806, 294518946.1998
4.979208, 2.578601, 2.032674, 294519029.5527
4.982907, 2.579379, 2.024268, 294519112.8599
4.981732, 2.580781, 2.028617, 294519196.0750
4.976815, 2.580587, 2.039448, 294519279.2439
4.977887, 2.574347, 2.034153, 294519362.4127
4.973397, 2.575193, 2.039261, 294519445.4895
4.973165, 2.576313, 2.039785, 294519528.5663
4.977755, 2.578666, 2.049977, 294519611.5049
4.976798, 2.572139, 2.04031, 294519694.4436
4.977675, 2.569188, 2.03658, 294519777.5204
4.976599, 2.564811, 2.031525, 294519860.6891
4.977745, 2.568802, 2.037108, 294519944.0424
4.980295, 2.569743, 2.031566, 294520027.4420
4.987042, 2.562271, 2.033747, 294520110.8873
4.987073, 2.564925, 2.041843, 294520194.1945
4.985426, 2.565203, 2.041526, 294520277.4559
4.980867, 2.562855, 2.030703, 294520360.5787
4.982865, 2.567759, 2.034561, 294520443.7015
4.978059, 2.572466, 2.043419, 294520526.6862
4.977097, 2.570963, 2.03545, 294520609.5787
4.986628, 2.569485, 2.02841, 294520692.5173
4.979556, 2.574974, 2.031326, 294520775.5944
4.975824, 2.574841, 2.025164, 294520858.8555
4.972403, 2.573806, 2.028622, 294520942.0707
4.966709, 2.576078, 2.036713, 294521025.2397
4.95891, 2.569215, 2.04216, 294521108.4550
4.955707, 2.564797, 2.044965, 294521191.8084
4.957985, 2.555256, 2.047625, 294521275.1159
4.958232, 2.540919, 2.042354, 294521358.4236
4.953286, 2.535118, 2.038051, 294521441.7307
4.954443, 2.535912, 2.038307, 294521525.1300
4.951651, 2.527574, 2.031619, 294521608.5295
