1523436615408.0000
9.248998, 2.567391, 2.046844, 1523436615408.0000
9.244008, 2.564528, 2.055634, 1523436615491.1736
9.242795, 2.565154, 2.056106, 1523436615574.2078
9.237233, 2.560683, 2.069602, 1523436615657.2876
9.241865, 2.55041, 2.054849, 1523436615740.3223
9.234981, 2.544857, 2.05443, 1523436615823.3562
9.226851, 2.527534, 2.057787, 1523436615906.4370
9.215104, 2.517473, 2.05675, 1523436615989.6555
9.210413, 2.502482, 2.061193, 1523436616073.0125
9.196028, 2.486158, 2.050161, 1523436616156.5547
9.191744, 2.474949, 2.046433, 1523436616240.1421
9.169625, 2.46905, 2.014042, 1523436616323.8215
9.161593, 2.448464, 2.021059, 1523436616407.4089
9.152004, 2.431952, 2.034348, 1523436616490.9502
9.142673, 2.417012, 2.024035, 1523436616574.3999
9.112912, 2.415757, 2.010223, 1523436616657.6182
9.066948, 2.407699, 2.018097, 1523436616740.6519
9.028201, 2.415378, 2.010171, 1523436616823.6860
8.974463, 2.431419, 2.015759, 1523436616906.7209
8.934398, 2.444609, 2.003092, 1523436616989.7546
8.892608, 2.46721, 2.018409, 1523436617072.7886
8.851683, 2.470781, 2.018388, 1523436617155.9607
8.812809, 2.523905, 2.030578, 1523436617239.2720
8.772776, 2.55163, 2.048633, 1523436617322.6294
8.745558, 2.57697, 2.046426, 1523436617406.3555
8.711202, 2.609313, 2.0582, 1523436617490.6807
8.678703, 2.640102, 2.058674, 1523436617575.2815
8.63509, 2.652319, 2.044024, 1523436617659.9285
8.601324, 2.666216, 2.047229, 1523436617744.3462
8.53512, 2.683771, 2.030947, 1523436617828.6707
8.496871, 2.70448, 2.039538, 1523436617912.8108
8.455268, 2.719572, 2.050099, 1523436617996.5823
8.426874, 2.732841, 2.058787, 1523436618080.0315
8.388978, 2.76044, 2.039301, 1523436618163.0190
8.358783, 2.793817, 2.054554, 1523436618245.6851
8.348346, 2.844919, 2.043399, 1523436618328.2126
8.339972, 2.885792, 2.015306, 1523436618410.5107
8.332627, 2.950236, 2.015042, 1523436618492.5312
8.325928, 3.019442, 2.008362, 1523436618574.3208
8.327467, 3.069877, 2.02499, 1523436618656.0193
8.333607, 3.127931, 2.036516, 1523436618737.8096
8.333751, 3.183185, 2.042166, 1523436618819.6460
8.327356, 3.242859, 2.043499, 1523436618901.5745
8.3255, 3.297147, 2.033665, 1523436618983.9631
8.321692, 3.367186, 2.046378, 1523436619066.8594
8.309175, 3.434646, 2.036889, 1523436619150.0784
8.297451, 3.509612, 2.025049, 1523436619233.5740
8.285159, 3.592472, 2.016945, 1523436619317.2073
8.274501, 3.667469, 2.026617, 1523436619401.1174
8.263, 3.735266, 2.041777, 1523436619485.3491
8.272194, 3.798479, 2.048958, 1523436619569.7205
8.259933, 3.87223, 2.051643, 1523436619653.7688
8.246362, 3.951967, 2.054182, 1523436619737.3105
8.250334, 4.022452, 2.050659, 1523436619820.3911
8.257415, 4.109711, 2.042471, 1523436619903.2410
8.26227, 4.194876, 2.032082, 1523436619986.0449
8.281035, 4.279267, 2.037762, 1523436620068.8486
8.295875, 4.364465, 2.042947, 1523436620151.8828
8.295903, 4.453466, 2.051926, 1523436620234.9170
8.301291, 4.531884, 2.061099, 1523436620318.2744
8.306001, 4.615682, 2.053644, 1523436620402.0002
8.292585, 4.695038, 2.052533, 1523436620485.7720
8.312278, 4.791366, 2.029231, 1523436620569.4519
8.307487, 4.88281, 2.021357, 1523436620653.0847
8.299012, 4.966954, 2.03614, 1523436620736.6719
8.29562, 5.047628, 2.045111, 1523436620820.2136
8.300542, 5.125834, 2.058188, 1523436620903.5701
8.299492, 5.209752, 2.066796, 1523436620986.4661
8.308293, 5.297085, 2.059989, 1523436621069.1321
8.315598, 5.403846, 2.061193, 1523436621151.7061
8.319632, 5.488452, 2.051552, 1523436621234.1877
8.330317, 5.584644, 2.056752, 1523436621316.6692
8.339351, 5.681448, 2.071301, 1523436621399.2883
8.361487, 5.767149, 2.096472, 1523436621482.4607
8.376841, 5.846536, 2.117667, 1523436621565.5869
8.371758, 5.90856, 2.165231, 1523436621648.7593
8.368071, 5.963319, 2.201426, 1523436621732.2544
8.36823, 6.014282, 2.23094, 1523436621815.8418
8.356471, 6.072805, 2.22902, 1523436621899.4294
8.354066, 6.126755, 2.218852, 1523436621983.0171
8.356313, 6.179069, 2.210206, 1523436622066.8811
8.352851, 6.234083, 2.215278, 1523436622150.8379
8.342011, 6.28295, 2.231508, 1523436622234.7478
8.331036, 6.327105, 2.253257, 1523436622318.6118
8.335139, 6.374304, 2.240971, 1523436622402.1997
8.337317, 6.423702, 2.240425, 1523436622485.5107
8.349816, 6.46857, 2.242923, 1523436622568.7295
8.366405, 6.515744, 2.234807, 1523436622651.8562
8.380296, 6.574921, 2.227226, 1523436622734.7063
8.392366, 6.652968, 2.225682, 1523436622817.2339
8.400759, 6.719859, 2.234251, 1523436622899.7153
8.428256, 6.777884, 2.268678, 1523436622982.3816
8.452933, 6.828335, 2.324802, 1523436623065.1858
8.454517, 6.855567, 2.365705, 1523436623147.8518
8.448388, 6.898981, 2.397457, 1523436623230.4255
8.423813, 6.954186, 2.403312, 1523436623312.8606
8.407951, 7.018912, 2.398477, 1523436623395.4343
8.408481, 7.079737, 2.396872, 1523436623478.6069
8.409979, 7.139198, 2.401438, 1523436623562.2871
8.393763, 7.192283, 2.434406, 1523436623646.1506
8.382202, 7.236224, 2.486791, 1523436623730.3828
8.386634, 7.274322, 2.536246, 1523436623814.9839
8.387976, 7.302672, 2.580667, 1523436623899.3552
8.387835, 7.338941, 2.599748, 1523436623983.2190
8.390076, 7.387399, 2.601478, 1523436624066.8984
8.400297, 7.444385, 2.582758, 1523436624150.3938
8.403195, 7.500665, 2.586428, 1523436624233.4744
8.413692, 7.562473, 2.605597, 1523436624316.3704
8.420199, 7.612758, 2.647326, 1523436624399.1748
8.427884, 7.655015, 2.699793, 1523436624481.8872
8.430322, 7.689755, 2.740234, 1523436624564.5068
8.433244, 7.723779, 2.768788, 1523436624647.3572
8.432627, 7.762519, 2.775173, 1523436624730.1614
8.426187, 7.810385, 2.7729, 1523436624812.9656
8.429584, 7.861862, 2.768868, 1523436624895.9998
8.427468, 7.91538, 2.786458, 1523436624979.3572
8.409601, 7.960877, 2.822225, 1523436625062.9448
8.396008, 7.999677, 2.875095, 1523436625146.8545
8.393692, 8.037449, 2.920613, 1523436625230.9492
8.384039, 8.072972, 2.950289, 1523436625314.8130
8.373736, 8.110318, 2.967186, 1523436625398.2620
8.372212, 8.159355, 2.95453, 1523436625481.6194
8.384358, 8.210277, 2.95661, 1523436625564.9766
8.393683, 8.264335, 2.951958, 1523436625648.1489
8.396895, 8.323406, 2.969414, 1523436625731.0916
8.405338, 8.365584, 3.024044, 1523436625813.8496
8.41118, 8.407056, 3.078202, 1523436625896.4697
8.411685, 8.441885, 3.116951, 1523436625979.1357
8.414135, 8.477082, 3.143305, 1523436626061.9856
8.411283, 8.520949, 3.151522, 1523436626144.7896
8.402735, 8.568733, 3.144221, 1523436626227.5479
8.401522, 8.624578, 3.142482, 1523436626310.5364
8.4042, 8.682643, 3.155214, 1523436626393.8479
8.387083, 8.736184, 3.176024, 1523436626477.2512
8.375266, 8.781736, 3.219933, 1523436626560.9312
8.380034, 8.828181, 3.268528, 1523436626644.9795
8.381351, 8.863349, 3.308885, 1523436626729.0278
8.378624, 8.90113, 3.332917, 1523436626812.6611
8.379647, 8.949803, 3.336509, 1523436626896.1562
8.395247, 8.990307, 3.335812, 1523436626979.6055
8.407167, 9.040134, 3.337252, 1523436627062.5938
8.402256, 9.092766, 3.353215, 1523436627145.2134
8.409504, 9.134682, 3.397299, 1523436627227.8333
8.414968, 9.162659, 3.44917, 1523436627310.4072
8.416434, 9.194053, 3.494961, 1523436627392.8425
8.412601, 9.223997, 3.526575, 1523436627475.5544
8.403729, 9.259508, 3.532708, 1523436627558.5425
8.396217, 9.307677, 3.525135, 1523436627641.7612
8.395586, 9.363838, 3.523754, 1523436627725.2568
8.385992, 9.419559, 3.526241, 1523436627809.0283
8.369006, 9.480418, 3.541328, 1523436627892.9841
8.34492, 9.537914, 3.576613, 1523436627977.2168
8.341065, 9.578558, 3.633693, 1523436628061.9099
8.346462, 9.601741, 3.679124, 1523436628146.6030
8.339698, 9.633644, 3.707413, 1523436628230.6511
8.344048, 9.668307, 3.714661, 1523436628314.2385
8.356243, 9.716782, 3.703674, 1523436628397.4573
8.365481, 9.779385, 3.694424, 1523436628480.3074
8.377954, 9.85152, 3.706494, 1523436628562.8813
8.406003, 9.905695, 3.750224, 1523436628645.3167
8.42283, 9.95471, 3.7966, 1523436628727.5217
8.432439, 9.997481, 3.848958, 1523436628809.7727
8.439885, 10.035156, 3.877309, 1523436628892.4390
8.444782, 10.076199, 3.888543, 1523436628975.3354
8.437057, 10.129436, 3.87862, 1523436629058.3240
8.435287, 10.194814, 3.875745, 1523436629141.5427
8.431244, 10.254638, 3.894025, 1523436629224.9458
8.408307, 10.316963, 3.930532, 1523436629308.7175
8.409644, 10.363495, 3.979817, 1523436629393.0879
8.423015, 10.390219, 4.040556, 1523436629477.7817
8.418376, 10.425196, 4.083325, 1523436629561.8765
8.414317, 10.468064, 4.093003, 1523436629645.5562
8.426969, 10.514035, 4.087146, 1523436629729.1436
8.434884, 10.567171, 4.089563, 1523436629812.4084
8.436448, 10.626413, 4.101839, 1523436629895.3047
8.456192, 10.67462, 4.145727, 1523436629978.0625
8.468204, 10.716659, 4.189309, 1523436630060.6367
8.468939, 10.751536, 4.231088, 1523436630143.1643
8.463946, 10.78855, 4.263539, 1523436630225.8303
8.452729, 10.829251, 4.263089, 1523436630308.6807
8.444415, 10.881798, 4.252613, 1523436630391.7156
8.442439, 10.935197, 4.25676, 1523436630475.2107
8.430656, 10.994627, 4.278624, 1523436630558.8904
8.41499, 11.05097, 4.311055, 1523436630642.6624
8.411276, 11.095096, 4.354579, 1523436630726.8025
8.418845, 11.132226, 4.400771, 1523436630811.1733
8.423052, 11.167404, 4.438954, 1523436630895.2678
8.42491, 11.206373, 4.453876, 1523436630978.9475
8.434616, 11.247852, 4.454202, 1523436631062.3962
8.441678, 11.294975, 4.458223, 1523436631145.4771
8.438227, 11.348339, 4.464686, 1523436631228.0967
8.44406, 11.396515, 4.50526, 1523436631310.4402
8.459715, 11.431675, 4.549413, 1523436631392.7832
8.474118, 11.47106, 4.589587, 1523436631475.3569
8.479924, 11.50163, 4.62249, 1523436631558.1152
8.474645, 11.535697, 4.639438, 1523436631640.9656
8.469584, 11.58235, 4.634754, 1523436631723.9539
8.471015, 11.633915, 4.636685, 1523436631807.1265
8.460126, 11.679688, 4.648798, 1523436631890.3916
8.437624, 11.720662, 4.690287, 1523436631973.7480
8.421951, 11.762293, 4.738504, 1523436632057.4734
8.426005, 11.803676, 4.785196, 1523436632141.6138
8.438942, 11.838957, 4.828981, 1523436632225.7075
8.441717, 11.871244, 4.852782, 1523436632309.5713
8.452337, 11.910022, 4.853103, 1523436632393.3433
8.457358, 11.95687, 4.853668, 1523436632476.8845
8.465838, 12.009748, 4.863802, 1523436632560.1035
8.479906, 12.062727, 4.884974, 1523436632642.9077
8.482735, 12.11607, 4.919973, 1523436632725.3430
8.478606, 12.158743, 4.969326, 1523436632807.5022
8.470787, 12.19006, 5.016504, 1523436632889.5693
8.470385, 12.228057, 5.024699, 1523436632971.9585
8.471871, 12.273582, 5.011758, 1523436633054.7163
8.479148, 12.328131, 5.012526, 1523436633137.8892
8.479072, 12.391509, 5.017842, 1523436633221.2002
8.453778, 12.454985, 5.016282, 1523436633304.3728
8.432966, 12.517908, 5.039774, 1523436633387.5918
8.416333, 12.584145, 5.081287, 1523436633471.2717
8.424308, 12.634182, 5.130024, 1523436633555.4578
8.433734, 12.669796, 5.169957, 1523436633639.6443
8.427666, 12.709539, 5.191416, 1523436633723.4163
8.426379, 12.75387, 5.183743, 1523436633806.9109
8.43213, 12.804253, 5.181939, 1523436633890.4062
8.423841, 12.870167, 5.169353, 1523436633973.6248
8.406368, 12.935476, 5.181164, 1523436634056.4746
8.390388, 12.990414, 5.232751, 1523436634139.1404
8.371548, 13.032652, 5.285933, 1523436634221.6218
8.34427, 13.071863, 5.330374, 1523436634303.9651
8.310714, 13.097745, 5.370653, 1523436634386.4927
8.276124, 13.126873, 5.37706, 1523436634469.0664
8.224026, 13.171848, 5.376794, 1523436634551.5938
8.175945, 13.211948, 5.363661, 1523436634634.4436
8.124862, 13.256933, 5.358804, 1523436634717.7083
8.064698, 13.296008, 5.371511, 1523436634801.2952
8.000433, 13.336784, 5.391586, 1523436634885.2048
7.956215, 13.38812, 5.41044, 1523436634969.5754
7.913015, 13.42832, 5.417369, 1523436635054.0840
7.849642, 13.456808, 5.419988, 1523436635137.8096
7.779659, 13.475488, 5.410144, 1523436635220.7979
7.724632, 13.504581, 5.400705, 1523436635303.6016
7.668849, 13.540484, 5.401575, 1523436635386.4055
7.620612, 13.566856, 5.404038, 1523436635469.2554
7.575689, 13.605314, 5.41367, 1523436635552.2898
7.524603, 13.630361, 5.409883, 1523436635635.5549
7.463261, 13.649752, 5.410926, 1523436635719.1880
7.413884, 13.684412, 5.410502, 1523436635803.2822
7.348582, 13.72161, 5.41075, 1523436635887.7449
7.279851, 13.747385, 5.395959, 1523436635972.2539
7.211608, 13.761886, 5.396098, 1523436636056.5784
7.142225, 13.780662, 5.405036, 1523436636140.8110
7.083624, 13.799563, 5.41516, 1523436636224.9971
7.002349, 13.829059, 5.407083, 1523436636309.1836
6.932611, 13.86173, 5.408815, 1523436636393.0010
6.861592, 13.881741, 5.406915, 1523436636476.3118
6.79012, 13.904204, 5.399362, 1523436636559.1619
6.707361, 13.935195, 5.404379, 1523436636641.6895
6.628329, 13.963083, 5.408622, 1523436636723.9861
6.562928, 13.990924, 5.431836, 1523436636806.1912
6.517058, 14.011292, 5.481429, 1523436636888.3037
6.474669, 14.02056, 5.525984, 1523436636970.5549
6.434125, 14.035804, 5.558408, 1523436637053.2205
6.392064, 14.046195, 5.571585, 1523436637136.1165
6.331478, 14.053642, 5.575645, 1523436637219.0588
6.271344, 14.07017, 5.572105, 1523436637302.1392
6.212387, 14.085551, 5.576121, 1523436637385.4961
6.149396, 14.092977, 5.597272, 1523436637468.8992
6.09038, 14.106503, 5.628783, 1523436637552.7629
6.047137, 14.139343, 5.68488, 1523436637637.0413
6.00411, 14.159723, 5.735374, 1523436637720.9507
5.960173, 14.174004, 5.751695, 1523436637804.3074
5.918272, 14.197736, 5.742318, 1523436637887.4338
5.863564, 14.222612, 5.73441, 1523436637970.4221
5.799412, 14.243701, 5.750176, 1523436638052.8574
5.743219, 14.254745, 5.790059, 1523436638135.0164
5.697809, 14.266361, 5.842359, 1523436638217.0371
5.66746, 14.277945, 5.881334, 1523436638299.0579
5.635321, 14.276995, 5.904519, 1523436638381.2168
5.588199, 14.273362, 5.899091, 1523436638463.7441
5.538493, 14.274153, 5.894469, 1523436638546.6404
5.478971, 14.272479, 5.89418, 1523436638629.8591
5.418451, 14.263023, 5.910979, 1523436638713.3540
5.366714, 14.25215, 5.95063, 1523436638797.4023
5.315794, 14.273442, 5.997115, 1523436638882.3257
5.270098, 14.295238, 6.052829, 1523436638967.5259
5.227709, 14.294852, 6.088631, 1523436639051.9883
5.186997, 14.301909, 6.091027, 1523436639135.8523
5.138986, 14.315553, 6.092869, 1523436639219.3933
5.087402, 14.331741, 6.110898, 1523436639302.4275
5.039401, 14.340386, 6.146214, 1523436639385.0007
5.004137, 14.355257, 6.190676, 1523436639467.3440
4.973192, 14.365726, 6.232568, 1523436639549.6411
4.932297, 14.361481, 6.255282, 1523436639631.9841
4.897173, 14.349965, 6.264332, 1523436639714.3279
4.846577, 14.338392, 6.256465, 1523436639797.0393
4.805903, 14.33994, 6.264716, 1523436639880.1199
4.748763, 14.326552, 6.273104, 1523436639963.4307
4.681538, 14.305798, 6.308179, 1523436640047.1104
4.625854, 14.30673, 6.336757, 1523436640131.5271
4.568696, 14.332517, 6.384504, 1523436640216.4509
4.522514, 14.34572, 6.425462, 1523436640301.1902
4.47621, 14.346877, 6.436224, 1523436640385.1921
4.430062, 14.353627, 6.442283, 1523436640468.7795
4.364082, 14.359252, 6.44432, 1523436640551.8135
4.309784, 14.368485, 6.469595, 1523436640634.4331
4.275034, 14.374353, 6.526419, 1523436640716.6841
4.246041, 14.379317, 6.571083, 1523436640798.8892
4.219348, 14.391046, 6.601831, 1523436640881.4170
4.181985, 14.394551, 6.619035, 1523436640964.2207
4.130135, 14.386326, 6.607612, 1523436641047.0706
4.071959, 14.382786, 6.601399, 1523436641130.0588
4.006924, 14.372444, 6.614902, 1523436641213.2317
3.94975, 14.348497, 6.640945, 1523436641296.5886
3.896383, 14.343508, 6.663291, 1523436641380.4983
3.833435, 14.351308, 6.707543, 1523436641465.0530
3.778573, 14.350128, 6.768476, 1523436641549.3774
3.752107, 14.346008, 6.785523, 1523436641633.1489
3.717684, 14.358777, 6.78504, 1523436641716.8286
3.667977, 14.375086, 6.785531, 1523436641800.3699
3.608922, 14.370862, 6.795689, 1523436641883.3120
3.550627, 14.370218, 6.814602, 1523436641965.7476
3.512925, 14.379104, 6.856587, 1523436642047.9524
3.476197, 14.385693, 6.919083, 1523436642130.3418
3.451305, 14.391291, 6.954522, 1523436642213.0076
3.41912, 14.38637, 6.976405, 1523436642295.9500
3.392587, 14.381405, 6.973727, 1523436642379.0303
3.364157, 14.373384, 6.982677, 1523436642462.3413
3.327434, 14.366577, 6.979865, 1523436642545.7905
3.283686, 14.350554, 6.979438, 1523436642629.1938
3.252531, 14.331281, 6.989324, 1523436642712.6892
3.224884, 14.314471, 6.995111, 1523436642796.1382
3.195241, 14.295053, 6.9877, 1523436642879.5872
3.153704, 14.27938, 6.98015, 1523436642963.0361
3.124285, 14.262044, 6.993508, 1523436643046.1628
3.103798, 14.244486, 6.998374, 1523436643129.0593
3.087537, 14.236751, 6.996832, 1523436643211.9558
3.087475, 14.244834, 7.009469, 1523436643294.9441
3.080623, 14.246672, 7.019613, 1523436643378.1167
3.067827, 14.252633, 7.015235, 1523436643461.5659
3.057067, 14.254296, 7.018305, 1523436643545.1995
3.047338, 14.238894, 7.015717, 1523436643628.6025
3.046018, 14.216565, 7.011615, 1523436643711.5447
3.042431, 14.184852, 7.010604, 1523436643794.2104
3.043944, 14.172781, 7.008541, 1523436643876.7842
3.053686, 14.142197, 7.005597, 1523436643959.3115
3.065854, 14.116329, 7.004021, 1523436644041.8391
3.078165, 14.096848, 7.002577, 1523436644124.3206
3.102941, 14.089559, 7.009547, 1523436644206.8943
3.116151, 14.082695, 7.015569, 1523436644289.6521
3.125154, 14.089545, 7.0071, 1523436644372.7329
3.1327, 14.091183, 7.01087, 1523436644455.9514
3.128346, 14.090461, 7.010171, 1523436644539.2163
3.126202, 14.086725, 7.011872, 1523436644622.5732
3.129775, 14.064452, 6.992028, 1523436644705.9763
3.148396, 14.053837, 6.96897, 1523436644789.2869
3.167921, 14.033318, 6.976314, 1523436644872.5518
3.173705, 14.034582, 6.973828, 1523436644956.0471
3.188704, 14.045479, 6.975873, 1523436645039.8188
3.214252, 14.070546, 6.972745, 1523436645123.8208
3.234168, 14.097466, 6.984725, 1523436645208.0530
3.245576, 14.126564, 6.991444, 1523436645292.4702
3.25173, 14.152009, 6.995681, 1523436645377.2092
3.260699, 14.17691, 6.992026, 1523436645461.9023
3.274715, 14.191327, 6.999971, 1523436645546.5034
3.287032, 14.207325, 7.007398, 1523436645630.8738
3.294216, 14.216539, 7.007235, 1523436645714.9680
3.302524, 14.230441, 6.994311, 1523436645798.7856
3.305962, 14.236279, 6.992886, 1523436645882.6033
3.310476, 14.243207, 6.987926, 1523436645966.1904
3.319376, 14.253693, 6.992316, 1523436646049.4551
3.325945, 14.265254, 6.989285, 1523436646132.4895
3.326742, 14.266813, 6.988163, 1523436646215.3855
3.331547, 14.272728, 6.985883, 1523436646298.0969
3.332344, 14.275203, 6.98871, 1523436646380.7629
3.323776, 14.270744, 6.991296, 1523436646463.5669
3.326407, 14.271832, 6.991307, 1523436646546.4167
3.329071, 14.271133, 6.989524, 1523436646629.3589
3.328616, 14.266801, 6.999494, 1523436646712.3472
3.321801, 14.264433, 6.998566, 1523436646795.5198
3.326248, 14.261148, 6.991103, 1523436646878.7385
3.31811, 14.252365, 6.983924, 1523436646962.0496
3.301526, 14.243499, 6.972287, 1523436647045.4524
3.301009, 14.234936, 6.971422, 1523436647128.8091
3.288348, 14.224293, 6.980222, 1523436647212.1660
3.268218, 14.215312, 6.980377, 1523436647295.4766
3.240398, 14.205021, 6.982686, 1523436647378.7412
3.20777, 14.201632, 6.986862, 1523436647461.9136
3.179317, 14.199743, 6.993245, 1523436647544.8560
3.137843, 14.187022, 7.001174, 1523436647627.8440
3.098491, 14.178571, 7.000791, 1523436647710.7861
3.070609, 14.17346, 7.002203, 1523436647793.6824
3.037936, 14.164318, 6.993357, 1523436647876.5327
3.007807, 14.146514, 6.996072, 1523436647959.4287
2.987178, 14.140671, 6.987585, 1523436648042.3711
2.966693, 14.125133, 6.976892, 1523436648125.3132
2.946028, 14.100697, 6.975641, 1523436648208.3013
2.928295, 14.08585, 6.96055, 1523436648291.3357
2.899302, 14.052788, 6.959978, 1523436648374.3701
2.873873, 14.01519, 6.963165, 1523436648457.4041
2.85849, 13.998026, 6.95088, 1523436648540.3923
2.837565, 13.963658, 6.949895, 1523436648623.3809
2.822661, 13.934214, 6.959036, 1523436648706.3232
2.809557, 13.905252, 6.958395, 1523436648789.4497
2.788887, 13.884, 6.958732, 1523436648872.9448
2.761785, 13.84919, 6.9553, 1523436648956.4399
2.737181, 13.815589, 6.954857, 1523436649039.6587
2.700319, 13.791389, 6.95665, 1523436649122.7388
2.650919, 13.767187, 6.949397, 1523436649205.7271
2.596333, 13.73796, 6.950775, 1523436649288.5769
2.537693, 13.712035, 6.944425, 1523436649371.0586
2.479048, 13.679876, 6.960648, 1523436649453.3093
2.426562, 13.656673, 6.992909, 1523436649535.3762
2.381413, 13.627645, 7.038302, 1523436649617.3503
2.356035, 13.60668, 7.07564, 1523436649699.6013
2.326144, 13.588213, 7.110416, 1523436649782.4053
2.301523, 13.555543, 7.12468, 1523436649865.4856
2.278608, 13.520096, 7.122656, 1523436649948.6580
2.247804, 13.479602, 7.124719, 1523436650031.9226
2.204494, 13.431565, 7.131968, 1523436650115.4177
2.171171, 13.378785, 7.152658, 1523436650199.0969
2.142903, 13.338767, 7.190039, 1523436650283.2371
2.090613, 13.314178, 7.230394, 1523436650368.0686
2.048905, 13.291063, 7.279966, 1523436650452.8999
2.017428, 13.268555, 7.305023, 1523436650537.2708
1.981849, 13.249306, 7.307857, 1523436650621.3647
1.930518, 13.219609, 7.315681, 1523436650705.0444
1.900698, 13.19302, 7.330611, 1523436650788.0786
1.866583, 13.170619, 7.361997, 1523436650870.6980
1.833688, 13.150273, 7.405561, 1523436650953.1335
1.80729, 13.126449, 7.448658, 1523436651035.4766
1.786946, 13.102824, 7.476391, 1523436651118.0503
1.768556, 13.071857, 7.483943, 1523436651200.8081
1.743347, 13.028978, 7.474786, 1523436651283.7966
1.71263, 12.978567, 7.479405, 1523436651367.0151
1.681674, 12.915398, 7.490385, 1523436651450.5564
1.663945, 12.855448, 7.508019, 1523436651534.2815
1.661818, 12.812485, 7.540974, 1523436651618.3296
1.636175, 12.763653, 7.579102, 1523436651702.7463
1.617901, 12.73104, 7.620617, 1523436651787.2090
1.614237, 12.696836, 7.65202, 1523436651871.2109
1.606887, 12.660843, 7.660057, 1523436651954.7981
1.573505, 12.618616, 7.651983, 1523436652038.5234
1.541116, 12.567575, 7.645716, 1523436652121.9260
1.522649, 12.503519, 7.641082, 1523436652204.7761
1.50338, 12.441212, 7.643231, 1523436652287.4419
1.471312, 12.373829, 7.660583, 1523436652370.0615
1.452257, 12.302698, 7.654725, 1523436652452.4968
1.430326, 12.223185, 7.651786, 1523436652535.0706
1.402569, 12.149345, 7.649646, 1523436652618.0122
1.380273, 12.067438, 7.643614, 1523436652701.1389
1.370179, 11.983633, 7.633873, 1523436652784.4954
1.360681, 11.90591, 7.636968, 1523436652868.0828
1.361876, 11.838723, 7.65703, 1523436652951.8081
1.371605, 11.763168, 7.687549, 1523436653035.5793
1.355834, 11.703418, 7.726379, 1523436653119.8577
1.332189, 11.660828, 7.78125, 1523436653204.4587
1.322386, 11.61482, 7.821117, 1523436653288.5068
1.319926, 11.574214, 7.837395, 1523436653372.0942
1.308017, 11.525338, 7.846499, 1523436653455.5891
1.294161, 11.464542, 7.843645, 1523436653538.6694
1.292012, 11.408727, 7.84514, 1523436653621.4734
1.284976, 11.349696, 7.869641, 1523436653704.1387
1.272804, 11.286649, 7.899087, 1523436653786.7124
1.267398, 11.234051, 7.937772, 1523436653869.3320
1.261481, 11.188045, 7.96324, 1523436653952.0901
1.265182, 11.14534, 7.975112, 1523436654035.0322
1.27602, 11.100246, 7.97578, 1523436654118.1587
1.281729, 11.044584, 7.974867, 1523436654201.5154
1.293493, 10.999084, 7.974724, 1523436654284.9182
1.309266, 10.93292, 7.997315, 1523436654368.5056
1.334267, 10.883512, 8.035174, 1523436654452.3230
1.340712, 10.810031, 8.079671, 1523436654536.6938
1.32275, 10.772055, 8.132858, 1523436654621.4792
1.315991, 10.741875, 8.166169, 1523436654705.9880
1.316581, 10.700687, 8.183351, 1523436654789.8979
1.309204, 10.649479, 8.180356, 1523436654873.3928
1.309539, 10.603247, 8.187271, 1523436654956.3811
1.316231, 10.554835, 8.206092, 1523436655038.9087
1.319798, 10.500443, 8.245532, 1523436655121.1592
1.311164, 10.474088, 8.287978, 1523436655203.3638
1.293405, 10.430699, 8.336376, 1523436655285.7068
1.292225, 10.422365, 8.362642, 1523436655368.2805
1.297564, 10.376339, 8.378011, 1523436655450.9922
1.304687, 10.33867, 8.374106, 1523436655533.7500
1.310953, 10.299736, 8.373597, 1523436655616.6924
1.322977, 10.245043, 8.377527, 1523436655699.7263
1.34021, 10.182971, 8.398506, 1523436655783.0369
1.351033, 10.129601, 8.443136, 1523436655866.6704
1.360057, 10.079254, 8.485794, 1523436655950.7185
1.35849, 10.031599, 8.52669, 1523436656034.9966
1.355166, 9.989175, 8.555714, 1523436656119.0906
1.361506, 9.94108, 8.561951, 1523436656202.8618
1.357011, 9.891525, 8.553519, 1523436656286.4028
1.355221, 9.83094, 8.553661, 1523436656369.6675
1.357354, 9.764308, 8.556362, 1523436656452.4709
1.354672, 9.706015, 8.586414, 1523436656534.9521
1.358766, 9.661139, 8.633456, 1523436656617.2031
1.361387, 9.623348, 8.684422, 1523436656699.3618
1.371415, 9.593685, 8.726078, 1523436656781.6589
1.38785, 9.555232, 8.752419, 1523436656864.1401
1.414457, 9.506791, 8.754949, 1523436656946.7598
1.428838, 9.449567, 8.751735, 1523436657029.7939
1.447178, 9.397553, 8.746347, 1523436657113.1050
1.480241, 9.340381, 8.762843, 1523436657196.5540
1.518272, 9.289245, 8.801372, 1523436657280.4175
1.539763, 9.249342, 8.849981, 1523436657364.6960
1.557534, 9.205943, 8.895254, 1523436657449.0203
1.573293, 9.193694, 8.932105, 1523436657532.8838
1.600286, 9.175129, 8.949826, 1523436657616.1946
1.623353, 9.134516, 8.948001, 1523436657699.5513
1.636605, 9.088043, 8.94291, 1523436657783.0002
1.661797, 9.037418, 8.937212, 1523436657866.4028
1.693955, 8.970259, 8.929328, 1523436657949.6672
1.720429, 8.899169, 8.928441, 1523436658032.8855
1.736609, 8.836235, 8.941206, 1523436658115.9658
1.754225, 8.785422, 8.941906, 1523436658198.7695
1.789756, 8.723688, 8.945483, 1523436658281.3428
1.819026, 8.662637, 8.95085, 1523436658364.1926
1.851183, 8.608225, 8.944666, 1523436658447.2266
1.893625, 8.55356, 8.94311, 1523436658530.3987
1.941594, 8.490417, 8.938725, 1523436658613.7556
1.996802, 8.433858, 8.946951, 1523436658697.2505
2.061388, 8.383041, 8.969355, 1523436658780.8376
2.112506, 8.328509, 9.004912, 1523436658864.6553
2.130064, 8.279103, 9.043088, 1523436658949.0718
2.139961, 8.245339, 9.088784, 1523436659033.3040
2.170124, 8.218675, 9.111, 1523436659116.9373
2.200155, 8.181087, 9.123791, 1523436659200.2014
2.22216, 8.14011, 9.127487, 1523436659283.2820
2.25225, 8.096458, 9.128672, 1523436659366.0857
2.278319, 8.049081, 9.15109, 1523436659448.7510
2.289664, 8.003907, 9.190933, 1523436659531.4629
2.293547, 7.975793, 9.249524, 1523436659614.0364
2.318382, 7.94172, 9.283598, 1523436659696.5635
2.331059, 7.91327, 9.310538, 1523436659779.4136
2.349249, 7.889193, 9.314115, 1523436659862.4939
2.375684, 7.846778, 9.305941, 1523436659945.6663
2.416037, 7.805808, 9.295661, 1523436660028.8848
2.463273, 7.76599, 9.292859, 1523436660112.0115
2.51464, 7.735091, 9.301977, 1523436660195.1379
2.568806, 7.711599, 9.336393, 1523436660278.3103
2.609681, 7.672339, 9.38063, 1523436660362.1738
2.615402, 7.663064, 9.424009, 1523436660446.3601
2.633989, 7.65274, 9.468773, 1523436660530.0393
2.668053, 7.644732, 9.492587, 1523436660613.2119
2.688323, 7.625999, 9.491732, 1523436660696.4304
2.710594, 7.589305, 9.486894, 1523436660779.7407
2.750075, 7.549241, 9.491381, 1523436660862.7754
2.789521, 7.521294, 9.506949, 1523436660945.6255
2.829314, 7.486821, 9.543976, 1523436661028.5212
2.856271, 7.44548, 9.586868, 1523436661111.3711
2.894743, 7.416574, 9.618484, 1523436661194.1748
2.910781, 7.408013, 9.670463, 1523436661277.2087
2.942963, 7.38665, 9.678107, 1523436661360.4275
2.972353, 7.351611, 9.679766, 1523436661443.7383
3.014266, 7.324727, 9.667085, 1523436661527.2329
3.056514, 7.284091, 9.660243, 1523436661610.9583
3.10227, 7.244714, 9.650144, 1523436661694.6377
3.173068, 7.200022, 9.64968, 1523436661778.0405
3.242899, 7.167452, 9.666224, 1523436661861.3049
3.302663, 7.129808, 9.673422, 1523436661944.7998
3.340989, 7.086548, 9.693112, 1523436662028.7097
3.37515, 7.043271, 9.693343, 1523436662112.5269
3.422348, 6.99735, 9.693231, 1523436662195.9297
3.471586, 6.952941, 9.697677, 1523436662278.9641
3.521511, 6.900627, 9.686722, 1523436662361.6758
3.570833, 6.84967, 9.672763, 1523436662444.0647
3.622585, 6.808721, 9.688824, 1523436662526.3154
3.67416, 6.762103, 9.696385, 1523436662608.5664
3.742273, 6.719718, 9.696927, 1523436662690.9092
3.807392, 6.681066, 9.696192, 1523436662773.6665
3.877538, 6.647779, 9.703342, 1523436662856.7468
3.945711, 6.612464, 9.694043, 1523436662939.9656
4.017798, 6.588807, 9.685009, 1523436663023.4602
4.103536, 6.554968, 9.689107, 1523436663107.1855
4.175925, 6.549485, 9.703653, 1523436663191.0488
4.252275, 6.529312, 9.714776, 1523436663275.0967
4.323917, 6.488433, 9.713294, 1523436663359.4209
4.387425, 6.4611, 9.71134, 1523436663443.1921
4.465885, 6.448675, 9.710902, 1523436663526.1802
4.544912, 6.425101, 9.707653, 1523436663608.8918
4.621317, 6.396627, 9.690207, 1523436663691.6494
4.700899, 6.366261, 9.700805, 1523436663774.4534
4.76219, 6.347694, 9.714237, 1523436663857.3953
4.830333, 6.322346, 9.707289, 1523436663940.5215
4.914023, 6.297766, 9.70918, 1523436664024.2004
4.99644, 6.275181, 9.708554, 1523436664108.2480
5.068802, 6.269131, 9.709724, 1523436664192.3420
5.142597, 6.270665, 9.702748, 1523436664276.5740
5.22201, 6.275974, 9.690234, 1523436664360.7141
5.294042, 6.304001, 9.698276, 1523436664444.6233
5.372368, 6.324512, 9.710471, 1523436664528.4868
5.454896, 6.328973, 9.708747, 1523436664612.4424
5.533318, 6.32327, 9.707202, 1523436664696.2136
5.616673, 6.322463, 9.704124, 1523436664779.4321
5.689867, 6.331594, 9.708683, 1523436664862.1438
5.766438, 6.324986, 9.685008, 1523436664944.8550
5.845623, 6.300374, 9.690918, 1523436665027.6125
5.920537, 6.285289, 9.689529, 1523436665110.2778
5.9951, 6.274097, 9.702724, 1523436665192.8972
6.068246, 6.279307, 9.72006, 1523436665275.4702
6.14739, 6.280333, 9.714211, 1523436665358.3196
6.22198, 6.270944, 9.707169, 1523436665441.4919
6.30384, 6.273209, 9.712187, 1523436665524.8022
6.382142, 6.276656, 9.699287, 1523436665608.0664
6.466599, 6.284775, 9.694423, 1523436665691.4229
6.545593, 6.288765, 9.698117, 1523436665775.0098
6.613697, 6.299218, 9.717196, 1523436665858.7808
6.697443, 6.300082, 9.715956, 1523436665942.4595
6.800225, 6.282607, 9.707174, 1523436666026.1389
6.880877, 6.264501, 9.707335, 1523436666109.4492
6.96831, 6.256081, 9.702671, 1523436666192.2991
7.061768, 6.246565, 9.691066, 1523436666274.8718
7.147876, 6.226999, 9.684402, 1523436666357.4451
7.223998, 6.212064, 9.702496, 1523436666439.8337
7.301831, 6.204553, 9.709698, 1523436666522.1304
7.390794, 6.188165, 9.711623, 1523436666604.9341
7.470968, 6.163625, 9.71604, 1523436666688.3828
7.549346, 6.149729, 9.714146, 1523436666772.1082
7.645088, 6.141551, 9.688991, 1523436666855.7410
7.739581, 6.145077, 9.668038, 1523436666939.2817
7.835755, 6.160116, 9.683264, 1523436667022.6843
7.92306, 6.178637, 9.692664, 1523436667106.1328
8.019728, 6.17143, 9.690922, 1523436667189.8120
8.116301, 6.160474, 9.689583, 1523436667273.4915
8.207859, 6.157603, 9.69587, 1523436667356.7095
8.296588, 6.165072, 9.692576, 1523436667439.5591
8.38671, 6.163916, 9.679063, 1523436667522.2705
8.478741, 6.154991, 9.671589, 1523436667604.9817
8.562469, 6.154694, 9.691119, 1523436667687.7390
8.656959, 6.147002, 9.696666, 1523436667770.5430
8.745425, 6.154809, 9.704849, 1523436667853.8533
8.828149, 6.154748, 9.709565, 1523436667937.5784
8.908898, 6.165678, 9.71164, 1523436668021.3958
8.992326, 6.190505, 9.687041, 1523436668105.2131
9.080153, 6.214966, 9.683443, 1523436668188.9841
9.166748, 6.249032, 9.685448, 1523436668272.5710
9.251734, 6.284722, 9.697051, 1523436668356.2959
9.335886, 6.30352, 9.694572, 1523436668440.1594
9.423889, 6.316543, 9.703639, 1523436668523.7463
9.503085, 6.340097, 9.709569, 1523436668606.7800
9.588505, 6.365632, 9.701992, 1523436668689.6299
9.675702, 6.376337, 9.687667, 1523436668772.6636
9.760767, 6.385621, 9.689542, 1523436668855.7896
9.834324, 6.398691, 9.695023, 1523436668938.8694
9.905262, 6.415148, 9.705927, 1523436669021.7644
9.981731, 6.43277, 9.713468, 1523436669104.8906
10.050745, 6.445918, 9.72141, 1523436669188.5693
10.115772, 6.464822, 9.72314, 1523436669272.4785
10.189051, 6.497867, 9.71239, 1523436669356.2959
10.26205, 6.529602, 9.697241, 1523436669440.2048
10.336822, 6.561368, 9.695739, 1523436669523.8840
10.402556, 6.605338, 9.709173, 1523436669607.3328
10.454745, 6.641896, 9.717371, 1523436669690.8274
10.514354, 6.670777, 9.710354, 1523436669774.1377
10.568409, 6.709039, 9.691401, 1523436669856.8950
10.603067, 6.735417, 9.681481, 1523436669939.1917
10.62082, 6.750804, 9.667028, 1523436670021.2117
10.626765, 6.749253, 9.676617, 1523436670103.1860
10.647949, 6.74739, 9.691754, 1523436670185.5747
10.688775, 6.732264, 9.702667, 1523436670268.7009
10.741259, 6.722592, 9.708361, 1523436670352.4717
10.793438, 6.741291, 9.713526, 1523436670436.0122
10.853139, 6.770356, 9.705818, 1523436670519.2764
10.90311, 6.75164, 9.70622, 1523436670602.8633
10.942379, 6.727559, 9.712745, 1523436670686.8184
11.000532, 6.70913, 9.704113, 1523436670771.0498
11.071041, 6.684594, 9.683874, 1523436670855.5581
11.147223, 6.650137, 9.671053, 1523436670940.1121
11.219869, 6.627868, 9.672258, 1523436671024.2976
11.283742, 6.60437, 9.674871, 1523436671108.1147
11.342612, 6.577499, 9.684619, 1523436671191.6555
11.397994, 6.554037, 9.687319, 1523436671274.9194
11.448229, 6.522386, 9.691732, 1523436671357.9070
11.487422, 6.491489, 9.703917, 1523436671440.8943
11.535653, 6.455655, 9.702133, 1523436671523.6973
11.584535, 6.42296, 9.697019, 1523436671606.2700
11.641282, 6.392105, 9.691818, 1523436671688.7966
11.700132, 6.369979, 9.714876, 1523436671771.2773
11.751081, 6.334188, 9.723522, 1523436671853.9885
11.796633, 6.272751, 9.71804, 1523436671937.4373
11.836419, 6.216693, 9.717278, 1523436672021.1160
11.874195, 6.157675, 9.723263, 1523436672104.7485
11.909877, 6.094123, 9.712221, 1523436672188.1968
11.938739, 6.020244, 9.699951, 1523436672271.4148
11.963625, 5.941325, 9.695589, 1523436672354.4485
11.978808, 5.866399, 9.705238, 1523436672437.2979
12.001201, 5.788456, 9.706651, 1523436672519.9629
12.022677, 5.71879, 9.71473, 1523436672602.6741
12.030891, 5.652164, 9.712218, 1523436672685.6616
12.054682, 5.578849, 9.713591, 1523436672768.5564
12.088387, 5.503747, 9.696121, 1523436672851.0374
12.107786, 5.402562, 9.672062, 1523436672933.4258
12.152334, 5.324011, 9.67592, 1523436673015.7222
12.191391, 5.226013, 9.680789, 1523436673098.0647
12.215424, 5.137019, 9.687248, 1523436673180.9600
12.200797, 5.039086, 9.670521, 1523436673264.3621
12.19701, 4.939985, 9.687516, 1523436673347.8101
12.201918, 4.848689, 9.699448, 1523436673431.0742
12.21332, 4.760936, 9.668982, 1523436673514.2000
12.211308, 4.663444, 9.65454, 1523436673597.1414
12.207223, 4.548884, 9.656281, 1523436673680.0825
12.194114, 4.460668, 9.662438, 1523436673763.1162
12.187519, 4.379664, 9.677836, 1523436673846.2878
12.151807, 4.301387, 9.668452, 1523436673930.2429
12.120142, 4.200557, 9.688774, 1523436674014.9351
12.088863, 4.11805, 9.66955, 1523436674099.8579
12.054128, 4.035849, 9.670398, 1523436674184.5044
12.032932, 3.937254, 9.668219, 1523436674268.5056
12.021377, 3.840029, 9.668575, 1523436674352.0920
11.981543, 3.753032, 9.682908, 1523436674435.9551
11.919461, 3.68904, 9.697411, 1523436674520.0483
11.858943, 3.614812, 9.701917, 1523436674603.5889
11.814939, 3.524894, 9.686685, 1523436674686.4380
11.760424, 3.446755, 9.683736, 1523436674768.9646
11.68831, 3.391087, 9.674973, 1523436674851.4451
11.612251, 3.347034, 9.680437, 1523436674933.7415
11.54577, 3.291783, 9.694109, 1523436675015.8074
11.48872, 3.231902, 9.696928, 1523436675098.0579
11.422206, 3.178015, 9.686532, 1523436675180.9531
11.347642, 3.126066, 9.670455, 1523436675264.2168
11.2802, 3.0639, 9.660454, 1523436675347.5271
11.215603, 2.987719, 9.663269, 1523436675430.6990
11.155456, 2.914635, 9.654924, 1523436675513.8708
11.094236, 2.860329, 9.681474, 1523436675597.2734
11.014715, 2.804369, 9.683434, 1523436675681.3665
10.916133, 2.77563, 9.696834, 1523436675765.4600
10.850383, 2.724215, 9.685968, 1523436675848.9082
10.76422, 2.657085, 9.666002, 1523436675931.8494
10.668173, 2.613996, 9.646894, 1523436676014.5605
10.569065, 2.577584, 9.647492, 1523436676097.2715
10.471202, 2.542996, 9.661234, 1523436676179.8904
10.394554, 2.493895, 9.681755, 1523436676262.4170
10.325638, 2.448267, 9.683178, 1523436676345.1741
10.248072, 2.410932, 9.686221, 1523436676428.3918
10.175125, 2.369575, 9.683318, 1523436676511.8403
10.09592, 2.323268, 9.667231, 1523436676595.4731
10.025784, 2.264309, 9.655228, 1523436676679.1516
9.940845, 2.205521, 9.64187, 1523436676763.0603
9.856921, 2.17575, 9.66932, 1523436676847.3845
9.766925, 2.1536, 9.663805, 1523436676931.7542
9.676229, 2.114264, 9.666059, 1523436677015.6169
9.584117, 2.073695, 9.667531, 1523436677098.8809
9.488325, 2.035191, 9.64447, 1523436677181.8682
9.393492, 2.014697, 9.637758, 1523436677264.6252
9.298264, 2.005555, 9.649279, 1523436677347.3362
9.216836, 1.982795, 9.645463, 1523436677429.9551
9.139497, 1.952595, 9.661424, 1523436677512.6665
9.060804, 1.941262, 9.661332, 1523436677595.8845
8.967046, 1.92015, 9.655469, 1523436677679.3787
8.865254, 1.887842, 9.631006, 1523436677762.8730
8.774249, 1.85142, 9.630423, 1523436677846.3672
8.695069, 1.816842, 9.647889, 1523436677929.8154
8.599894, 1.784759, 9.666909, 1523436678013.4941
8.518147, 1.769684, 9.664364, 1523436678097.4031
8.421437, 1.762741, 9.663257, 1523436678181.3123
8.327951, 1.739556, 9.654428, 1523436678264.8064
8.247432, 1.725064, 9.657688, 1523436678347.9321
8.152582, 1.710661, 9.644366, 1523436678430.7810
8.046464, 1.706488, 9.624824, 1523436678513.5845
7.949194, 1.707046, 9.648343, 1523436678596.3413
7.836532, 1.700049, 9.635854, 1523436678679.0063
7.75381, 1.666733, 9.652065, 1523436678761.8091
7.680492, 1.64427, 9.661553, 1523436678844.7505
7.599307, 1.632643, 9.640492, 1523436678927.9221
7.521003, 1.616906, 9.647975, 1523436679011.2783
7.434151, 1.588249, 9.637018, 1523436679094.6807
7.345582, 1.56123, 9.659491, 1523436679178.3132
7.256205, 1.544915, 9.662202, 1523436679262.3604
7.165791, 1.556985, 9.664723, 1523436679346.5920
7.069243, 1.542443, 9.66114, 1523436679430.4092
6.969289, 1.526864, 9.641442, 1523436679513.8574
6.877484, 1.512477, 9.636476, 1523436679596.9829
6.773583, 1.505909, 9.624065, 1523436679679.8323
6.690432, 1.494858, 9.629087, 1523436679762.4512
6.591738, 1.522405, 9.655957, 1523436679844.8855
6.519267, 1.496655, 9.645083, 1523436679927.5505
6.448852, 1.509676, 9.656035, 1523436680010.6763
6.381532, 1.519518, 9.667158, 1523436680094.1243
6.305624, 1.513178, 9.657621, 1523436680177.5728
6.218772, 1.510977, 9.64093, 1523436680260.9746
6.132037, 1.506907, 9.639175, 1523436680344.3767
6.04434, 1.497185, 9.655034, 1523436680427.8711
5.957911, 1.511575, 9.652179, 1523436680511.7339
5.866328, 1.54919, 9.653627, 1523436680595.9194
5.781419, 1.571354, 9.672837, 1523436680679.8281
5.693419, 1.589616, 9.653329, 1523436680763.3228
5.611724, 1.614076, 9.646545, 1523436680846.4941
5.539007, 1.653505, 9.629675, 1523436680929.3435
5.463107, 1.693593, 9.624704, 1523436681011.8701
5.392412, 1.724432, 9.656321, 1523436681094.1204
5.330952, 1.748901, 9.661863, 1523436681176.5544
5.274178, 1.784529, 9.668954, 1523436681259.7261
5.223869, 1.826538, 9.672729, 1523436681343.2661
5.16263, 1.859771, 9.652682, 1523436681426.8064
5.073493, 1.895028, 9.623991, 1523436681510.4846
4.991323, 1.939355, 9.632754, 1523436681594.2554
4.905563, 1.982697, 9.653382, 1523436681678.0718
4.8328, 2.034759, 9.665398, 1523436681762.2114
4.764509, 2.108844, 9.662766, 1523436681846.5808
4.710977, 2.170854, 9.662833, 1523436681930.6741
4.662549, 2.238381, 9.656184, 1523436682014.1682
4.6034, 2.31193, 9.635726, 1523436682097.0635
4.544443, 2.381879, 9.630864, 1523436682179.5442
4.509045, 2.463464, 9.60841, 1523436682261.6558
4.477098, 2.539901, 9.647832, 1523436682343.5830
4.451494, 2.598634, 9.656404, 1523436682425.6948
4.419404, 2.653171, 9.662441, 1523436682508.4055
4.400122, 2.727542, 9.676896, 1523436682591.6235
4.360252, 2.803689, 9.668992, 1523436682674.9792
4.318668, 2.877476, 9.665219, 1523436682758.3350
4.276936, 2.942116, 9.664572, 1523436682841.5989
4.226187, 3.014835, 9.665105, 1523436682924.7244
4.1956, 3.108567, 9.658076, 1523436683008.2188
4.198559, 3.213204, 9.664342, 1523436683092.5422
4.192794, 3.285816, 9.654243, 1523436683176.6816
4.164074, 3.378797, 9.64837, 1523436683260.0840
4.151463, 3.459731, 9.650584, 1523436683343.0249
4.146198, 3.542288, 9.646702, 1523436683425.7358
4.143485, 3.616875, 9.656713, 1523436683508.0781
4.132287, 3.696115, 9.67409, 1523436683590.1899
4.128252, 3.777518, 9.693521, 1523436683672.4861
4.131158, 3.837869, 9.695646, 1523436683755.5193
4.130267, 3.909163, 9.693254, 1523436683838.9216
4.121002, 3.993192, 9.679617, 1523436683922.2773
4.1082, 4.095566, 9.659551, 1523436684005.6335
4.100176, 4.165441, 9.663052, 1523436684089.0354
4.088379, 4.246826, 9.673393, 1523436684172.5757
4.089438, 4.324552, 9.684401, 1523436684256.6228
4.11451, 4.414758, 9.685199, 1523436684340.8997
4.13492, 4.509765, 9.687905, 1523436684424.9927
4.153514, 4.594357, 9.682667, 1523436684508.5327
4.186001, 4.676096, 9.666588, 1523436684591.7505
4.234935, 4.755361, 9.642298, 1523436684674.9680
4.28046, 4.814026, 9.659621, 1523436684758.0474
4.321028, 4.882624, 9.684978, 1523436684840.8040
4.348981, 4.950758, 9.69701, 1523436684923.4226
4.390679, 5.001392, 9.69618, 1523436685006.3176
4.432057, 5.059439, 9.703215, 1523436685089.6736
4.470905, 5.130232, 9.69194, 1523436685173.0293
4.502641, 5.21632, 9.674989, 1523436685256.3850
4.536936, 5.291584, 9.676062, 1523436685339.6489
4.573789, 5.380686, 9.679866, 1523436685422.8203
4.618227, 5.454445, 9.680969, 1523436685506.2681
4.691401, 5.517212, 9.682108, 1523436685590.2231
4.756796, 5.587093, 9.692517, 1523436685674.0396
4.811949, 5.652186, 9.687105, 1523436685757.2573
4.875563, 5.712357, 9.678014, 1523436685840.0603
4.955513, 5.748487, 9.667781, 1523436685922.8633
5.029977, 5.793238, 9.687565, 1523436686005.6199
5.096369, 5.823476, 9.704308, 1523436686088.3765
5.14787, 5.870481, 9.702926, 1523436686171.0415
5.212832, 5.900637, 9.685736, 1523436686254.1665
5.276301, 5.922292, 9.707507, 1523436686337.7529
5.338211, 5.950918, 9.706059, 1523436686421.3394
5.399682, 5.996693, 9.698675, 1523436686504.7871
5.481358, 6.043918, 9.700325, 1523436686588.1428
5.543657, 6.091073, 9.716536, 1523436686671.4526
5.617723, 6.124565, 9.712792, 1523436686754.9465
5.702752, 6.154381, 9.70891, 1523436686838.8093
5.777786, 6.168761, 9.727781, 1523436686922.4417
5.858769, 6.191249, 9.712291, 1523436687005.6592
5.935873, 6.208777, 9.70349, 1523436687088.6921
6.019865, 6.210808, 9.695495, 1523436687171.5872
6.102114, 6.201434, 9.698319, 1523436687254.4817
6.187048, 6.188041, 9.71777, 1523436687337.4229
6.268808, 6.190825, 9.711946, 1523436687420.0874
6.346861, 6.205432, 9.717295, 1523436687502.8899
6.41779, 6.208347, 9.713058, 1523436687585.9692
6.497862, 6.218622, 9.710545, 1523436687669.2332
6.574963, 6.230266, 9.691628, 1523436687752.7729
6.652104, 6.237017, 9.698093, 1523436687836.4976
6.72175, 6.251138, 9.702771, 1523436687920.1760
6.794342, 6.260391, 9.724445, 1523436688003.9463
6.883228, 6.245488, 9.711365, 1523436688088.2236
6.970997, 6.234925, 9.708248, 1523436688172.4089
7.053855, 6.231647, 9.704535, 1523436688255.9487
7.139539, 6.227211, 9.708221, 1523436688338.9819
7.220656, 6.212246, 9.690662, 1523436688421.7844
7.299599, 6.189636, 9.698021, 1523436688504.4492
7.371189, 6.175472, 9.710512, 1523436688586.8835
7.441702, 6.163626, 9.715779, 1523436688669.1333
7.553532, 6.142612, 9.700664, 1523436688751.8896
7.595766, 6.127707, 9.71017, 1523436688834.9692
7.678184, 6.123092, 9.704944, 1523436688918.2791
7.764996, 6.115651, 9.694089, 1523436689001.7268
7.848004, 6.117518, 9.685068, 1523436689085.1746
7.939646, 6.124344, 9.68354, 1523436689168.7605
8.019762, 6.139365, 9.700038, 1523436689252.6228
8.109775, 6.144418, 9.692312, 1523436689336.6697
8.201163, 6.140533, 9.695837, 1523436689420.4399
8.289708, 6.147799, 9.694099, 1523436689503.6116
8.373861, 6.15287, 9.693439, 1523436689586.4604
8.465233, 6.154717, 9.672886, 1523436689669.4014
8.557465, 6.138768, 9.66383, 1523436689752.6648
8.642107, 6.130923, 9.675772, 1523436689835.9744
8.72038, 6.131337, 9.689575, 1523436689918.9153
8.80127, 6.146152, 9.692675, 1523436690001.7642
8.875727, 6.142326, 9.70265, 1523436690085.0737
8.95376, 6.145905, 9.704763, 1523436690168.6138
9.037336, 6.166706, 9.686085, 1523436690252.0159
9.120309, 6.195284, 9.674297, 1523436690335.4177
9.205057, 6.22289, 9.672531, 1523436690418.7729
9.298806, 6.263858, 9.684178, 1523436690502.0828
9.378438, 6.279354, 9.708983, 1523436690585.8992
9.467902, 6.263145, 9.715605, 1523436690670.0840
9.550536, 6.284751, 9.721259, 1523436690753.6699
9.630084, 6.310334, 9.716038, 1523436690836.7952
9.714308, 6.322926, 9.704474, 1523436690919.8284
9.79478, 6.32735, 9.695397, 1523436691002.8611
9.897701, 6.345958, 9.705176, 1523436691085.6638
9.958054, 6.363623, 9.71336, 1523436691168.1443
10.038055, 6.384836, 9.72227, 1523436691250.7166
10.108907, 6.402061, 9.723984, 1523436691333.7493
10.181206, 6.42464, 9.723039, 1523436691417.0132
10.264079, 6.460983, 9.706101, 1523436691500.3225
10.353221, 6.490174, 9.705375, 1523436691583.8625
10.440611, 6.520097, 9.695746, 1523436691667.6328
10.516273, 6.556792, 9.713464, 1523436691751.5874
10.597587, 6.583386, 9.720071, 1523436691835.7266
10.677042, 6.594551, 9.717134, 1523436691920.0032
10.754876, 6.610874, 9.711647, 1523436692004.0503
10.829501, 6.621694, 9.712051, 1523436692087.6365
10.909152, 6.624165, 9.707311, 1523436692170.9919
10.988308, 6.623752, 9.699368, 1523436692254.1631
11.059998, 6.620233, 9.703789, 1523436692337.0579
11.124961, 6.615667, 9.721309, 1523436692419.6760
11.197078, 6.618902, 9.729111, 1523436692502.1101
11.276667, 6.624061, 9.737879, 1523436692584.5903
11.353317, 6.643048, 9.723586, 1523436692667.1167
11.430766, 6.670368, 9.719198, 1523436692749.5962
11.522602, 6.695655, 9.693476, 1523436692832.1226
11.607985, 6.720259, 9.68872, 1523436692914.8792
11.693134, 6.744892, 9.71742, 1523436692997.9121
11.773875, 6.771449, 9.716463, 1523436693081.2673
11.864107, 6.775457, 9.714566, 1523436693164.8994
11.945147, 6.781547, 9.722479, 1523436693248.3931
12.02245, 6.805046, 9.718944, 1523436693331.3340
12.108934, 6.825753, 9.705779, 1523436693414.1824
12.19215, 6.838231, 9.687231, 1523436693497.1694
12.273291, 6.854347, 9.696507, 1523436693580.2485
12.343671, 6.876052, 9.724337, 1523436693663.2354
12.422853, 6.908016, 9.719837, 1523436693746.1304
12.509012, 6.940745, 9.72016, 1523436693829.2090
12.590625, 6.966786, 9.731026, 1523436693912.6567
12.667171, 7.003681, 9.720298, 1523436693996.2427
12.741445, 7.049287, 9.70549, 1523436694080.0127
12.823839, 7.082542, 9.710879, 1523436694164.0593
12.898186, 7.118608, 9.723014, 1523436694248.1980
12.967401, 7.160761, 9.727532, 1523436694332.1987
13.046125, 7.185736, 9.728488, 1523436694416.3376
13.133676, 7.209131, 9.728842, 1523436694500.3384
13.209133, 7.242808, 9.726644, 1523436694583.8779
13.288461, 7.274507, 9.709806, 1523436694666.9109
13.368717, 7.302185, 9.700805, 1523436694749.7593
13.441771, 7.327753, 9.718271, 1523436694832.4233
13.504434, 7.358816, 9.741316, 1523436694914.7192
13.576345, 7.389305, 9.726545, 1523436694997.1990
13.651695, 7.423683, 9.723079, 1523436695080.2781
13.717627, 7.45927, 9.72633, 1523436695163.5874
13.781423, 7.500124, 9.719015, 1523436695247.1270
13.861077, 7.545704, 9.694786, 1523436695330.8513
13.922666, 7.595243, 9.713876, 1523436695414.8516
13.984743, 7.640945, 9.710457, 1523436695498.9441
14.062507, 7.681506, 9.714896, 1523436695582.9905
14.127005, 7.719737, 9.71185, 1523436695666.6687
14.176376, 7.754009, 9.722533, 1523436695749.7937
14.215211, 7.787077, 9.699364, 1523436695832.4578
14.256565, 7.815609, 9.662405, 1523436695914.7996
14.29961, 7.829655, 9.634552, 1523436695997.1411
14.330618, 7.8357, 9.606032, 1523436696079.5752
14.364573, 7.8561, 9.586154, 1523436696162.1011
14.421603, 7.886302, 9.544224, 1523436696245.2722
14.479028, 7.910974, 9.549168, 1523436696328.9963
14.515311, 7.948925, 9.541328, 1523436696412.6741
14.549496, 7.991019, 9.513049, 1523436696496.3521
14.589177, 8.011477, 9.475284, 1523436696580.2144
14.625845, 8.040566, 9.432436, 1523436696664.2144
14.656555, 8.084332, 9.396037, 1523436696747.8000
14.678558, 8.146515, 9.368138, 1523436696830.9250
14.708054, 8.192525, 9.359428, 1523436696913.9578
14.744303, 8.22493, 9.35529, 1523436696996.9446
14.777982, 8.257104, 9.32539, 1523436697079.6550
14.812787, 8.290606, 9.286999, 1523436697162.3647
14.856857, 8.31252, 9.238119, 1523436697245.2593
14.905577, 8.339344, 9.196658, 1523436697328.2920
14.959432, 8.370462, 9.157776, 1523436697411.6472
15.006971, 8.406074, 9.1477, 1523436697495.3252
15.039577, 8.448902, 9.153444, 1523436697579.0493
15.062402, 8.504782, 9.137562, 1523436697662.5427
15.09821, 8.55826, 9.105458, 1523436697745.9441
15.136594, 8.613055, 9.074306, 1523436697829.2534
15.158038, 8.674444, 9.044773, 1523436697912.3779
15.172163, 8.746775, 9.028174, 1523436697995.2725
15.199099, 8.810141, 9.029571, 1523436698078.2593
15.230206, 8.864357, 9.040164, 1523436698161.1077
15.248252, 8.938596, 9.04275, 1523436698243.6794
15.270261, 9.012463, 9.024622, 1523436698326.1592
15.299507, 9.093347, 9.01543, 1523436698408.6392
15.330132, 9.163157, 9.009945, 1523436698491.3494
15.36561, 9.225471, 9.015655, 1523436698574.3821
15.410222, 9.280182, 9.03852, 1523436698657.6453
15.432004, 9.365037, 9.032444, 1523436698740.8621
15.455288, 9.45337, 9.037246, 1523436698824.4939
15.485499, 9.542085, 9.030145, 1523436698908.5864
15.510723, 9.60808, 9.027746, 1523436698993.1396
15.543527, 9.681685, 8.994982, 1523436699078.0620
15.560923, 9.763907, 8.92213, 1523436699162.9836
15.567872, 9.82962, 8.873502, 1523436699247.4910
15.559063, 9.885585, 8.858444, 1523436699331.6294
15.539002, 9.957666, 8.831756, 1523436699415.0308
15.534893, 10.036803, 8.809217, 1523436699497.9712
15.535673, 10.111485, 8.7672, 1523436699580.7273
15.540658, 10.160404, 8.735889, 1523436699663.3455
15.546246, 10.204349, 8.686049, 1523436699745.8711
15.558672, 10.256677, 8.661791, 1523436699828.4890
15.584264, 10.315961, 8.634839, 1523436699911.7056
15.591372, 10.373412, 8.628937, 1523436699995.2454
15.58648, 10.436099, 8.616339, 1523436700078.9692
15.584606, 10.494004, 8.579048, 1523436700162.7388
15.585208, 10.555345, 8.532559, 1523436700246.4626
15.582154, 10.615924, 8.492429, 1523436700329.8176
15.568267, 10.676656, 8.465162, 1523436700412.7578
15.564783, 10.741102, 8.454823, 1523436700495.6064
15.579396, 10.801409, 8.44966, 1523436700578.5010
15.58926, 10.855923, 8.420809, 1523436700661.2109
15.596568, 10.908389, 8.389947, 1523436700743.8750
15.601722, 10.943542, 8.351748, 1523436700826.5393
15.609993, 10.983546, 8.311499, 1523436700909.2952
15.620102, 11.044417, 8.276057, 1523436700992.3740
15.629081, 11.102466, 8.266754, 1523436701075.9597
15.619767, 11.160752, 8.265737, 1523436701159.7297
15.60931, 11.219564, 8.247757, 1523436701243.5918
15.617846, 11.281757, 8.204001, 1523436701327.5461
15.637083, 11.344526, 8.15848, 1523436701411.4082
15.63331, 11.411197, 8.116155, 1523436701494.6711
15.613045, 11.4895, 8.078186, 1523436701577.3352
15.606136, 11.558936, 8.072159, 1523436701659.9531
15.613794, 11.623784, 8.081368, 1523436701742.5247
15.607242, 11.671971, 8.047023, 1523436701824.8201
15.595432, 11.727532, 7.999207, 1523436701907.0696
15.59642, 11.78451, 7.937839, 1523436701989.5491
15.602894, 11.839211, 7.899216, 1523436702072.2590
15.614857, 11.896031, 7.873518, 1523436702155.6606
15.606459, 11.953741, 7.87819, 1523436702239.3845
15.580252, 12.007531, 7.875892, 1523436702323.1084
15.565857, 12.057856, 7.839831, 1523436702406.9705
15.553026, 12.123212, 7.789761, 1523436702490.5559
15.531744, 12.189212, 7.753161, 1523436702573.7268
15.50344, 12.258923, 7.734198, 1523436702656.6211
15.486848, 12.345079, 7.724388, 1523436702739.6536
15.478739, 12.434759, 7.740701, 1523436702822.7778
15.462724, 12.500009, 7.745775, 1523436702905.5342
15.449815, 12.547282, 7.73995, 1523436702988.1060
15.450827, 12.597331, 7.743343, 1523436703070.9080
15.451737, 12.634337, 7.749419, 1523436703153.8481
15.438459, 12.667343, 7.740369, 1523436703236.7886
15.417896, 12.704564, 7.73789, 1523436703320.0513
15.410409, 12.728361, 7.752006, 1523436703403.7288
15.404455, 12.734676, 7.757323, 1523436703487.5906
15.394791, 12.739505, 7.761602, 1523436703571.6367
15.386189, 12.742723, 7.768084, 1523436703655.9136
15.376012, 12.741114, 7.768918, 1523436703740.0981
15.372283, 12.728705, 7.768567, 1523436703824.0981
15.362926, 12.730124, 7.762916, 1523436703907.8679
15.350854, 12.744857, 7.75911, 1523436703991.5911
15.345722, 12.748387, 7.760507, 1523436704075.1765
15.337213, 12.744476, 7.761814, 1523436704158.4397
15.330434, 12.74727, 7.760679, 1523436704241.5181
15.330486, 12.745964, 7.760741, 1523436704324.5969
15.33375, 12.738997, 7.762914, 1523436704407.5374
15.331034, 12.736786, 7.760285, 1523436704490.4775
15.331392, 12.737106, 7.762278, 1523436704573.6018
15.333407, 12.734676, 7.762836, 1523436704656.8647
15.333149, 12.732672, 7.762555, 1523436704740.1274
15.332607, 12.729237, 7.761734, 1523436704823.3442
15.329017, 12.726329, 7.764264, 1523436704906.4690
15.317536, 12.720272, 7.761462, 1523436704989.4094
15.300312, 12.714074, 7.763678, 1523436705072.1191
15.278373, 12.701909, 7.759268, 1523436705154.7368
15.257157, 12.685232, 7.759329, 1523436705237.3547
15.235006, 12.664649, 7.756059, 1523436705319.8801
15.211913, 12.637854, 7.748786, 1523436705402.3137
15.190621, 12.60911, 7.747778, 1523436705484.6548
15.169906, 12.586622, 7.743737, 1523436705566.9958
15.15587, 12.569237, 7.742038, 1523436705649.4290
15.148676, 12.55283, 7.744358, 1523436705731.9543
15.143226, 12.546937, 7.742927, 1523436705814.7100
15.141188, 12.547295, 7.749669, 1523436705897.6965
15.145792, 12.550495, 7.756872, 1523436705980.8208
15.143136, 12.555762, 7.758727, 1523436706064.0833
15.131994, 12.557653, 7.750907, 1523436706147.6223
15.123734, 12.553802, 7.742706, 1523436706231.3459
15.122714, 12.539978, 7.744033, 1523436706315.2539
15.122748, 12.528371, 7.743395, 1523436706399.2075
15.137725, 12.509371, 7.743916, 1523436706483.3455
15.155143, 12.506136, 7.743392, 1523436706567.5752
15.179364, 12.498105, 7.752363, 1523436706651.8057
15.209377, 12.49203, 7.755577, 1523436706735.9902
15.248237, 12.480264, 7.757574, 1523436706819.9441
15.288431, 12.465257, 7.759017, 1523436706903.7134
15.324352, 12.449286, 7.754582, 1523436706987.2986
15.358961, 12.441448, 7.751089, 1523436707070.8376
15.392411, 12.432202, 7.744832, 1523436707154.2383
15.417671, 12.42519, 7.735319, 1523436707237.5930
15.442005, 12.426028, 7.737872, 1523436707320.8101
15.459121, 12.427411, 7.735138, 1523436707403.9800
15.479456, 12.417592, 7.739532, 1523436707487.1045
15.485359, 12.422547, 7.73938, 1523436707570.1370
15.488033, 12.417369, 7.742512, 1523436707653.0767
15.485994, 12.426517, 7.742536, 1523436707735.9243
15.478967, 12.435845, 7.736458, 1523436707818.6802
15.482923, 12.430258, 7.742736, 1523436707901.5745
15.480995, 12.428044, 7.742136, 1523436707984.6523
15.482948, 12.435842, 7.743011, 1523436708067.8691
15.486461, 12.443354, 7.740055, 1523436708151.1318
15.485985, 12.448373, 7.738371, 1523436708234.5789
15.482965, 12.473232, 7.744334, 1523436708318.1638
15.482718, 12.49414, 7.747608, 1523436708401.8872
15.47424, 12.539273, 7.749039, 1523436708485.6567
15.46692, 12.57106, 7.749631, 1523436708569.5181
15.462811, 12.602485, 7.754746, 1523436708653.3337
15.457788, 12.636305, 7.756775, 1523436708737.1035
15.450993, 12.667882, 7.754819, 1523436708820.5510
15.436589, 12.701586, 7.756946, 1523436708903.6292
15.423744, 12.737522, 7.7501, 1523436708986.3848
15.409848, 12.755084, 7.755918, 1523436709069.0942
15.394057, 12.770326, 7.758672, 1523436709151.7119
15.381718, 12.783884, 7.759213, 1523436709234.2832
15.375799, 12.786093, 7.758368, 1523436709316.9009
15.367109, 12.784074, 7.768462, 1523436709399.4722
15.365013, 12.769969, 7.775856, 1523436709482.0896
15.372131, 12.759298, 7.777033, 1523436709565.0757
15.377975, 12.756885, 7.767262, 1523436709648.4766
15.382992, 12.759876, 7.762515, 1523436709731.9695
15.384114, 12.760105, 7.755732, 1523436709815.6011
15.39207, 12.764413, 7.749129, 1523436709899.5547
15.398364, 12.769445, 7.746338, 1523436709983.7852
15.397989, 12.761565, 7.749642, 1523436710068.0610
15.397608, 12.747136, 7.755322, 1523436710152.2456
15.39967, 12.737315, 7.754237, 1523436710236.4756
15.405074, 12.730834, 7.759039, 1523436710320.7517
15.400753, 12.727983, 7.761215, 1523436710404.8438
15.388118, 12.722657, 7.756006, 1523436710488.6592
15.38321, 12.719089, 7.760286, 1523436710572.2908
15.377838, 12.717614, 7.75861, 1523436710655.8757
15.371065, 12.714447, 7.757345, 1523436710739.3225
15.361473, 12.710117, 7.754684, 1523436710822.6311
15.35551, 12.711822, 7.760332, 1523436710905.7554
15.348226, 12.713202, 7.757885, 1523436710988.7876
15.339002, 12.71352, 7.757531, 1523436711071.6355
15.32471, 12.707819, 7.753583, 1523436711154.3911
15.310363, 12.708641, 7.752717, 1523436711237.1926
15.294235, 12.717382, 7.754056, 1523436711319.9949
15.281251, 12.723706, 7.748863, 1523436711402.7046
15.26385, 12.726339, 7.749746, 1523436711485.4141
15.248396, 12.733603, 7.747043, 1523436711568.1699
15.232409, 12.733442, 7.748357, 1523436711650.9258
15.212161, 12.736619, 7.742939, 1523436711733.7273
15.186919, 12.749729, 7.731981, 1523436711816.6677
15.16339, 12.770339, 7.727098, 1523436711899.8381
15.134738, 12.795586, 7.725142, 1523436711983.1467
15.105213, 12.81951, 7.721911, 1523436712066.4556
15.069927, 12.855385, 7.71026, 1523436712149.7642
15.038752, 12.89322, 7.705306, 1523436712232.9343
15.012789, 12.933733, 7.70751, 1523436712315.9670
14.988549, 12.971983, 7.726925, 1523436712398.8608
14.959746, 13.015487, 7.73481, 1523436712481.8008
14.921144, 13.0556, 7.734654, 1523436712564.6948
14.891255, 13.091034, 7.740254, 1523436712647.8650
14.865229, 13.128968, 7.749881, 1523436712731.3584
14.837845, 13.156638, 7.742609, 1523436712814.9895
14.800378, 13.188396, 7.729789, 1523436712898.7129
14.764609, 13.214369, 7.708334, 1523436712982.6667
14.73364, 13.230762, 7.670216, 1523436713066.5745
14.69635, 13.256768, 7.623155, 1523436713150.2979
14.646014, 13.278938, 7.579267, 1523436713233.7449
14.585364, 13.294655, 7.557905, 1523436713316.7307
14.540655, 13.315907, 7.558648, 1523436713399.5325
14.505661, 13.357351, 7.554582, 1523436713482.3345
14.462261, 13.382892, 7.522352, 1523436713564.9983
14.425364, 13.41748, 7.48113, 1523436713647.4773
14.399488, 13.446567, 7.434166, 1523436713730.0024
14.372153, 13.485738, 7.399004, 1523436713812.7122
14.327903, 13.540627, 7.367267, 1523436713895.9751
14.281188, 13.592253, 7.355102, 1523436713979.6982
14.242976, 13.616817, 7.360318, 1523436714063.4214
14.199033, 13.633777, 7.341726, 1523436714146.9602
14.162107, 13.659262, 7.305048, 1523436714230.4993
14.123983, 13.684703, 7.267296, 1523436714314.1763
14.064234, 13.705645, 7.222476, 1523436714397.6233
13.991541, 13.717223, 7.187895, 1523436714480.6553
13.928682, 13.73954, 7.175386, 1523436714563.5950
13.881038, 13.763824, 7.166624, 1523436714646.4890
13.837758, 13.792559, 7.13917, 1523436714729.2905
13.794923, 13.819447, 7.107313, 1523436714812.1841
13.75818, 13.845927, 7.076609, 1523436714895.2163
13.718602, 13.865873, 7.060078, 1523436714978.3870
13.660134, 13.898722, 7.047665, 1523436715061.5569
13.598814, 13.915921, 7.048375, 1523436715144.9116
13.531941, 13.923958, 7.046003, 1523436715228.2200
13.459191, 13.937813, 7.033422, 1523436715311.6670
13.395281, 13.950846, 7.034625, 1523436715395.6204
13.335605, 13.96497, 7.045885, 1523436715479.8506
13.270177, 13.963804, 7.038198, 1523436715563.9421
13.205469, 13.964824, 7.038954, 1523436715647.8037
13.142978, 13.98167, 7.042732, 1523436715731.3889
13.090014, 14.003012, 7.046613, 1523436715814.8821
13.032423, 14.031195, 7.031976, 1523436715898.2366
13.000628, 14.0583, 7.032088, 1523436715981.4993
12.963534, 14.071637, 7.040867, 1523436716064.3472
12.916494, 14.079268, 7.027975, 1523436716146.8726
12.858731, 14.096483, 7.027982, 1523436716229.7661
12.821716, 14.114733, 7.037575, 1523436716312.9827
12.784646, 14.109279, 7.026258, 1523436716396.3374
12.729195, 14.107904, 6.985905, 1523436716479.7378
12.681393, 14.107922, 6.937176, 1523436716563.2310
12.631992, 14.09755, 6.897165, 1523436716646.6321
12.577766, 14.080944, 6.867944, 1523436716729.8020
12.510098, 14.058722, 6.850389, 1523436716812.4197
12.439173, 14.052158, 6.846436, 1523436716895.0371
12.386763, 14.053401, 6.824948, 1523436716977.7463
12.331877, 14.045831, 6.788578, 1523436717060.1794
12.276828, 14.041319, 6.745001, 1523436717142.7510
12.22853, 14.0478, 6.700438, 1523436717225.5527
12.170363, 14.051754, 6.673059, 1523436717308.5847
12.09424, 14.060229, 6.651193, 1523436717392.0312
12.021634, 14.059788, 6.632665, 1523436717475.8931
11.962121, 14.051661, 6.614404, 1523436717559.9846
11.909521, 14.043767, 6.577407, 1523436717644.0764
11.865754, 14.036356, 6.532705, 1523436717728.2144
11.825353, 14.019921, 6.49472, 1523436717812.1216
11.768275, 13.995755, 6.464576, 1523436717895.4766
11.702304, 13.977441, 6.449002, 1523436717978.5549
11.662349, 13.976261, 6.442693, 1523436718061.7251
11.632375, 13.973329, 6.414787, 1523436718144.5730
11.595759, 13.965902, 6.377127, 1523436718227.3284
11.555354, 13.968489, 6.333733, 1523436718310.1301
11.505137, 13.984749, 6.305272, 1523436718393.3003
11.459015, 13.997446, 6.301346, 1523436718476.8853
11.419758, 13.983009, 6.303543, 1523436718560.3320
11.373307, 13.962575, 6.294412, 1523436718643.6404
11.317564, 13.960084, 6.262991, 1523436718727.0874
11.266478, 13.956364, 6.226407, 1523436718810.7649
11.231964, 13.928464, 6.188863, 1523436718894.3040
11.164344, 13.889285, 6.149085, 1523436718977.4282
11.087687, 13.864306, 6.116052, 1523436719060.3220
11.021926, 13.851677, 6.101555, 1523436719143.2161
10.969823, 13.845994, 6.083924, 1523436719225.8799
10.917813, 13.83247, 6.047209, 1523436719308.2205
10.86997, 13.83674, 6.006994, 1523436719390.7458
10.822411, 13.853807, 5.967529, 1523436719473.7322
10.757094, 13.87281, 5.940229, 1523436719557.3630
10.699197, 13.880679, 5.941481, 1523436719641.2703
10.65115, 13.864611, 5.938077, 1523436719725.0396
10.595616, 13.853859, 5.918702, 1523436719808.9009
10.539814, 13.863908, 5.879697, 1523436719892.9924
10.487722, 13.870057, 5.831664, 1523436719977.0381
10.439738, 13.841082, 5.789374, 1523436720060.4849
10.372904, 13.795124, 5.752417, 1523436720143.4705
10.309333, 13.768588, 5.733858, 1523436720226.4104
10.245975, 13.761167, 5.729492, 1523436720309.3044
10.186393, 13.749663, 5.704986, 1523436720392.0598
10.13191, 13.737, 5.664748, 1523436720474.7693
10.093433, 13.731435, 5.628764, 1523436720557.6631
10.050903, 13.740531, 5.59563, 1523436720640.7871
9.980196, 13.75456, 5.548119, 1523436720724.2800
9.912659, 13.763769, 5.534228, 1523436720808.1414
9.850297, 13.743208, 5.539301, 1523436720891.9570
9.797344, 13.720199, 5.528401, 1523436720975.5417
9.75284, 13.707191, 5.506479, 1523436721058.9883
9.709311, 13.694905, 5.467847, 1523436721142.2510
9.662637, 13.671981, 5.442496, 1523436721225.0984
9.59676, 13.639939, 5.421625, 1523436721307.5774
9.52903, 13.612694, 5.414374, 1523436721390.0105
9.462374, 13.593143, 5.420217, 1523436721472.5820
9.396158, 13.564736, 5.409578, 1523436721555.1072
9.327654, 13.52507, 5.38928, 1523436721637.4941
9.253278, 13.496376, 5.370645, 1523436721720.2959
9.194732, 13.480953, 5.400833, 1523436721803.3733
9.144246, 13.440756, 5.400425, 1523436721886.2673
9.091531, 13.387296, 5.397045, 1523436721969.1611
9.04631, 13.349348, 5.396994, 1523436722052.5615
8.998977, 13.30529, 5.398161, 1523436722136.2388
8.962109, 13.250746, 5.38151, 1523436722220.0081
8.931355, 13.193727, 5.381768, 1523436722303.9150
8.901093, 13.126542, 5.390371, 1523436722388.0530
8.869239, 13.059043, 5.394929, 1523436722472.3750
8.821137, 13.007503, 5.391912, 1523436722556.8357
8.794757, 12.955351, 5.397992, 1523436722640.8813
8.783064, 12.893564, 5.400573, 1523436722724.3743
8.752663, 12.846307, 5.394882, 1523436722807.6367
8.732146, 12.79502, 5.386215, 1523436722890.8530
8.705207, 12.750845, 5.392826, 1523436722973.9314
8.680509, 12.711237, 5.3993, 1523436723056.8252
8.668077, 12.665629, 5.396887, 1523436723139.4421
8.654587, 12.610358, 5.380112, 1523436723222.2439
8.630052, 12.570276, 5.375484, 1523436723305.5986
8.616031, 12.530359, 5.385933, 1523436723389.2756
8.610909, 12.499265, 5.374011, 1523436723473.0913
8.591928, 12.461483, 5.346062, 1523436723557.0911
8.584904, 12.426394, 5.308018, 1523436723641.3672
8.580824, 12.384951, 5.257101, 1523436723725.4128
8.597772, 12.335948, 5.221242, 1523436723808.9976
8.628439, 12.281391, 5.194382, 1523436723891.9375
8.635363, 12.239159, 5.195823, 1523436723974.9695
8.621501, 12.194836, 5.196253, 1523436724058.1396
8.622849, 12.149957, 5.186033, 1523436724141.0796
8.625065, 12.103949, 5.150977, 1523436724223.8811
8.614796, 12.060683, 5.107479, 1523436724306.7288
8.597671, 12.019209, 5.065997, 1523436724389.7605
8.581986, 11.974202, 5.035703, 1523436724472.9309
8.566441, 11.925174, 5.024106, 1523436724556.4697
8.564082, 11.874285, 5.02882, 1523436724640.0547
8.572261, 11.827306, 5.018845, 1523436724723.5935
8.567786, 11.779853, 5.001426, 1523436724807.2244
8.566817, 11.729454, 4.960069, 1523436724890.9473
8.570666, 11.666551, 4.904094, 1523436724974.4863
8.595801, 11.599125, 4.855123, 1523436725057.4719
8.626022, 11.544374, 4.830881, 1523436725139.8586
8.638596, 11.492834, 4.823522, 1523436725222.2456
8.631109, 11.44633, 4.8281, 1523436725304.8630
8.63369, 11.395369, 4.82294, 1523436725387.4800
8.636731, 11.345634, 4.791632, 1523436725470.0051
8.636425, 11.295907, 4.746703, 1523436725552.7605
8.619994, 11.252999, 4.699452, 1523436725635.8843
8.601461, 11.196837, 4.658429, 1523436725719.3311
8.582594, 11.144489, 4.650109, 1523436725803.1465
8.581039, 11.105252, 4.66295, 1523436725887.0540
8.597672, 11.058305, 4.653347, 1523436725970.7771
8.602431, 11.014462, 4.629184, 1523436726054.6382
8.594398, 10.972047, 4.595903, 1523436726138.7302
8.5919, 10.926902, 4.538386, 1523436726222.7297
8.6064, 10.863626, 4.484062, 1523436726306.2686
8.629222, 10.79408, 4.457062, 1523436726389.4851
8.63578, 10.752356, 4.461644, 1523436726472.5627
8.635553, 10.712373, 4.470064, 1523436726555.6409
8.627675, 10.667765, 4.457602, 1523436726638.6729
8.604527, 10.612723, 4.420281, 1523436726721.8892
8.590013, 10.558872, 4.37215, 1523436726805.1978
8.564272, 10.505388, 4.320468, 1523436726888.6443
8.536345, 10.452554, 4.286075, 1523436726972.5977
8.507578, 10.407434, 4.283562, 1523436727056.9663
8.498618, 10.360026, 4.286285, 1523436727141.1040
8.513693, 10.290795, 4.271107, 1523436727224.8271
8.508989, 10.237701, 4.244754, 1523436727308.3662
8.500353, 10.187084, 4.207853, 1523436727391.8589
8.517347, 10.118517, 4.14651, 1523436727474.7988
8.537517, 10.043991, 4.095996, 1523436727557.1855
8.549824, 9.976845, 4.074446, 1523436727639.3882
8.550968, 9.926866, 4.080779, 1523436727721.7285
8.547245, 9.873107, 4.070166, 1523436727804.0234
8.542298, 9.82061, 4.03983, 1523436727886.4104
8.526539, 9.765768, 4.005469, 1523436727968.9814
8.515311, 9.723718, 3.958226, 1523436728051.8289
8.50411, 9.685329, 3.917946, 1523436728134.7227
8.484914, 9.633017, 3.897441, 1523436728217.9854
8.470381, 9.58997, 3.903668, 1523436728301.6160
8.469235, 9.546513, 3.904577, 1523436728385.2471
8.468447, 9.4906, 3.878204, 1523436728468.9241
8.457827, 9.439369, 3.840328, 1523436728552.8313
8.447172, 9.385807, 3.789146, 1523436728636.6006
8.463965, 9.331462, 3.747809, 1523436728719.8167
8.487435, 9.272573, 3.720552, 1523436728802.6646
8.490767, 9.215135, 3.715481, 1523436728885.6042
8.478029, 9.177435, 3.722843, 1523436728968.5901
8.482659, 9.124918, 3.710835, 1523436729051.2529
8.480185, 9.077681, 3.674392, 1523436729133.9622
8.46363, 9.033002, 3.63141, 1523436729216.9482
8.438725, 8.985803, 3.577443, 1523436729300.1182
8.427193, 8.925065, 3.538194, 1523436729383.5190
8.391906, 8.87434, 3.52529, 1523436729467.5645
8.363561, 8.822815, 3.524126, 1523436729551.9331
8.364809, 8.769358, 3.518203, 1523436729635.7944
8.36991, 8.713611, 3.485331, 1523436729719.3792
8.359094, 8.665105, 3.4444, 1523436729803.0100
8.36878, 8.611626, 3.393157, 1523436729886.2725
8.386715, 8.554729, 3.350166, 1523436729968.9814
8.410312, 8.499069, 3.337201, 1523436730051.3223
8.422605, 8.461687, 3.345545, 1523436730133.5249
8.426641, 8.423573, 3.346024, 1523436730215.4504
8.429483, 8.376865, 3.326416, 1523436730297.2844
8.417189, 8.325682, 3.289764, 1523436730379.5330
8.398001, 8.279914, 3.24818, 1523436730462.2424
8.381238, 8.229911, 3.19317, 1523436730544.9978
8.374317, 8.174634, 3.150245, 1523436730627.9839
8.343004, 8.12204, 3.139041, 1523436730711.6606
8.329965, 8.064518, 3.141973, 1523436730795.4756
8.34058, 8.013682, 3.138347, 1523436730879.2449
8.344022, 7.967256, 3.121767, 1523436730963.1985
8.339046, 7.919857, 3.076279, 1523436731047.4280
8.338662, 7.866522, 3.025602, 1523436731131.4275
8.362213, 7.810342, 2.987141, 1523436731214.8743
8.393689, 7.746534, 2.962337, 1523436731297.8599
8.398416, 7.698116, 2.968227, 1523436731381.0759
8.38331, 7.653622, 2.967711, 1523436731464.3843
8.386316, 7.603292, 2.950088, 1523436731547.3704
8.379622, 7.552837, 2.91039, 1523436731630.3557
8.36139, 7.503393, 2.86326, 1523436731713.5723
8.337157, 7.450907, 2.815267, 1523436731797.0188
8.314413, 7.391625, 2.77228, 1523436731880.7417
8.288531, 7.336579, 2.763444, 1523436731964.9717
8.274241, 7.284511, 2.752719, 1523436732049.2478
8.277713, 7.233219, 2.749108, 1523436732133.1091
8.278316, 7.181562, 2.723839, 1523436732216.8777
8.266071, 7.129031, 2.681534, 1523436732300.6929
8.260952, 7.077742, 2.634487, 1523436732384.3701
8.272819, 7.009968, 2.597391, 1523436732467.6782
8.281597, 6.949864, 2.582761, 1523436732550.6646
8.269661, 6.901731, 2.589915, 1523436732633.4656
8.256133, 6.857996, 2.584518, 1523436732715.7603
8.250502, 6.81093, 2.554315, 1523436732797.7322
8.240153, 6.769058, 2.519813, 1523436732879.7043
8.224934, 6.732603, 2.476846, 1523436732961.9529
8.210196, 6.704465, 2.447664, 1523436733044.3857
8.199566, 6.663855, 2.422562, 1523436733126.9568
8.188863, 6.614862, 2.41436, 1523436733209.8506
8.181487, 6.570245, 2.418974, 1523436733293.2048
8.173066, 6.51803, 2.411448, 1523436733376.9280
8.15725, 6.462818, 2.380515, 1523436733460.9275
8.142237, 6.405862, 2.338605, 1523436733545.1113
8.135628, 6.340768, 2.285364, 1523436733629.0183
8.15027, 6.266288, 2.252122, 1523436733712.1882
8.170192, 6.181825, 2.234404, 1523436733794.8054
8.170539, 6.11856, 2.226725, 1523436733877.5149
8.143108, 6.070723, 2.243785, 1523436733960.5925
8.13333, 6.015517, 2.246347, 1523436734043.3943
8.13166, 5.946329, 2.210628, 1523436734126.0576
8.107615, 5.914218, 2.227398, 1523436734208.8589
8.093805, 5.876703, 2.234635, 1523436734291.2917
8.09343, 5.809333, 2.218501, 1523436734373.4480
8.081342, 5.74901, 2.221002, 1523436734456.1572
8.068237, 5.69034, 2.218138, 1523436734539.4197
8.073462, 5.630123, 2.205702, 1523436734622.6357
8.077272, 5.560661, 2.189624, 1523436734706.0361
8.08245, 5.501489, 2.171209, 1523436734789.8511
8.083976, 5.442392, 2.14132, 1523436734873.9426
8.090983, 5.365078, 2.100476, 1523436734957.9424
8.091242, 5.279677, 2.065929, 1523436735041.9419
8.086403, 5.181094, 2.049274, 1523436735125.8035
8.091427, 5.075538, 2.058733, 1523436735209.2961
8.084916, 4.986071, 2.058575, 1523436735292.4202
8.094416, 4.889924, 2.044142, 1523436735375.2217
8.097205, 4.790215, 2.019276, 1523436735458.0232
8.081783, 4.705498, 2.003615, 1523436735541.1931
8.069124, 4.636279, 2.035366, 1523436735624.3628
8.080392, 4.569764, 2.057117, 1523436735707.6250
8.081347, 4.497403, 2.057775, 1523436735791.4861
8.072402, 4.414017, 2.046175, 1523436735875.8076
8.073463, 4.328151, 2.039931, 1523436735959.9917
8.082799, 4.24011, 2.030622, 1523436736043.8062
8.091763, 4.149494, 2.046338, 1523436736127.2986
8.075759, 4.055381, 2.040782, 1523436736210.8374
8.0382, 3.972918, 2.047471, 1523436736294.7905
8.011407, 3.889897, 2.043828, 1523436736378.6057
7.990785, 3.811981, 2.023571, 1523436736461.7759
7.960042, 3.739032, 2.019348, 1523436736544.5769
7.936959, 3.671999, 2.012127, 1523436736627.1477
7.90707, 3.61444, 2.026744, 1523436736709.7190
7.871727, 3.563255, 2.032631, 1523436736792.3818
7.833629, 3.502229, 2.041252, 1523436736875.1831
7.807452, 3.434715, 2.046674, 1523436736958.3074
7.767925, 3.385108, 2.047376, 1523436737042.0303
7.730359, 3.339178, 2.048878, 1523436737125.9373
7.691469, 3.271784, 2.04765, 1523436737209.7063
7.645881, 3.20078, 2.029411, 1523436737293.4753
7.599962, 3.13355, 2.037011, 1523436737377.1060
7.556443, 3.070277, 2.035367, 1523436737460.5522
7.494371, 3.024324, 2.033132, 1523436737544.3672
7.421274, 2.991996, 2.030282, 1523436737628.2280
7.356777, 2.956208, 2.029062, 1523436737711.6746
7.289113, 2.924177, 2.017841, 1523436737794.7983
7.2135, 2.909457, 2.005427, 1523436737877.5073
7.14112, 2.897135, 1.999584, 1523436737959.9863
7.07226, 2.89043, 2.015209, 1523436738042.1887
7.003164, 2.879331, 2.036119, 1523436738124.1604
6.937361, 2.87007, 2.042776, 1523436738206.1321
6.85919, 2.85805, 2.050572, 1523436738288.4729
6.788363, 2.832773, 2.043372, 1523436738371.2280
6.712609, 2.793016, 2.04734, 1523436738454.0293
6.628925, 2.756068, 2.028329, 1523436738536.9226
6.544706, 2.722869, 2.02019, 1523436738620.0928
6.45168, 2.676164, 2.022989, 1523436738703.3550
6.367753, 2.633487, 2.036356, 1523436738786.9858
6.279981, 2.623908, 2.038864, 1523436738871.2156
6.206465, 2.623341, 2.051756, 1523436738955.4451
6.14208, 2.610043, 2.0535, 1523436739039.1221
6.070194, 2.604519, 2.049303, 1523436739122.5222
6.001451, 2.610795, 2.037919, 1523436739205.7844
5.926183, 2.615696, 2.038058, 1523436739288.8623
5.866263, 2.621905, 2.051321, 1523436739371.6638
5.797659, 2.621091, 2.053457, 1523436739454.4187
5.742682, 2.631217, 2.061957, 1523436739537.5886
5.68149, 2.638595, 2.075485, 1523436739621.2656
5.624027, 2.638551, 2.07161, 1523436739705.2188
5.565716, 2.624778, 2.085441, 1523436739789.1260
5.515303, 2.624143, 2.075177, 1523436739872.8948
5.467551, 2.60332, 2.064734, 1523436739956.4795
5.400216, 2.587053, 2.064295, 1523436740039.8335
5.328311, 2.560465, 2.065051, 1523436740122.9111
5.258203, 2.552909, 2.068923, 1523436740206.0349
5.18701, 2.545729, 2.058027, 1523436740289.0208
5.115502, 2.53927, 2.062202, 1523436740371.8220
5.066064, 2.542259, 2.072133, 1523436740454.6233
5.023827, 2.553531, 2.07446, 1523436740537.3320
4.996907, 2.554356, 2.074142, 1523436740619.7185
4.995683, 2.561446, 2.084612, 1523436740702.0132
4.989975, 2.574875, 2.086575, 1523436740784.5842
4.984779, 2.587551, 2.081569, 1523436740867.4312
4.979192, 2.586731, 2.083775, 1523436740950.3704
4.975201, 2.582598, 2.079503, 1523436741033.4482
4.970226, 2.589367, 2.081088, 1523436741116.8943
4.95788, 2.594445, 2.075249, 1523436741200.6169
4.947964, 2.594356, 2.073986, 1523436741284.2939
4.939252, 2.587907, 2.073347, 1523436741367.9243
4.931195, 2.58774, 2.075241, 1523436741451.5088
4.931643, 2.587283, 2.072326, 1523436741535.0474
4.924728, 2.583116, 2.071288, 1523436741618.4939
4.921923, 2.581996, 2.07116, 1523436741701.8481
4.922254, 2.58063, 2.067662, 1523436741785.1562
4.920566, 2.576488, 2.067006, 1523436741868.5564
4.922549, 2.578685, 2.069616, 1523436741952.0024
4.916064, 2.576821, 2.070523, 1523436742035.4949
4.922905, 2.575053, 2.072548, 1523436742118.9409
4.924143, 2.576796, 2.07614, 1523436742202.2493
4.925879, 2.57737, 2.075556, 1523436742285.5112
4.922451, 2.560439, 2.069639, 1523436742368.7734
4.922435, 2.566322, 2.06996, 1523436742452.0354
4.925698, 2.569854, 2.069876, 1523436742535.2515
4.927748, 2.570098, 2.07032, 1523436742618.4673
4.931577, 2.569756, 2.065008, 1523436742701.6836
4.928584, 2.567206, 2.069089, 1523436742784.9915
4.923891, 2.561723, 2.069898, 1523436742868.3918
4.927306, 2.559739, 2.073616, 1523436742951.9302
4.931059, 2.557422, 2.079277, 1523436743035.4685
4.933846, 2.556212, 2.071693, 1523436743118.9609
4.931716, 2.554325, 2.073296, 1523436743202.2688
4.934332, 2.553817, 2.074937, 1523436743285.4851
4.932229, 2.550741, 2.07842, 1523436743368.6550
4.925676, 2.55029, 2.073935, 1523436743451.7788
4.925554, 2.547594, 2.059386, 1523436743534.8567
4.926207, 2.546638, 2.060301, 1523436743617.8882
4.931419, 2.543305, 2.069988, 1523436743700.7815
4.936309, 2.551036, 2.076966, 1523436743783.8130
4.932806, 2.553606, 2.074486, 1523436743866.9370
4.932742, 2.548121, 2.078186, 1523436743950.0146
4.938747, 2.550208, 2.08222, 1523436744033.1843
4.936089, 2.549472, 2.080011, 1523436744116.4001
4.936767, 2.550784, 2.078762, 1523436744199.7546
4.935851, 2.546139, 2.087078, 1523436744283.1553
4.930245, 2.541668, 2.078983, 1523436744366.6936
4.929525, 2.538319, 2.074422, 1523436744450.1860
4.929983, 2.53605, 2.073661, 1523436744533.5862
4.932631, 2.533491, 2.074363, 1523436744616.8481
4.933856, 2.530032, 2.069742, 1523436744700.0183
