1523437089821.0000
9.343045, 2.484791, 2.063183, 1523437089821.0000
9.342234, 2.485685, 2.06648, 1523437089904.5874
9.342875, 2.487287, 2.061414, 1523437089988.2209
9.339672, 2.486799, 2.061256, 1523437090071.9004
9.342678, 2.490152, 2.071498, 1523437090155.5344
9.342436, 2.485041, 2.065936, 1523437090238.9836
9.33794, 2.489556, 2.065191, 1523437090322.2949
9.340254, 2.49198, 2.062646, 1523437090405.5134
9.337476, 2.487858, 2.066349, 1523437090488.5940
9.333067, 2.47995, 2.067741, 1523437090571.4902
9.327099, 2.481076, 2.063485, 1523437090654.4326
9.321898, 2.484543, 2.05713, 1523437090737.6052
9.319816, 2.489636, 2.060739, 1523437090820.8699
9.327334, 2.491583, 2.069442, 1523437090904.2727
9.319668, 2.497962, 2.067183, 1523437090987.7683
9.31644, 2.504864, 2.067992, 1523437091071.2632
9.313375, 2.501496, 2.061244, 1523437091154.6660
9.314449, 2.504479, 2.062642, 1523437091237.8850
9.307735, 2.500841, 2.067032, 1523437091320.9656
9.313538, 2.500849, 2.068593, 1523437091403.9075
9.313773, 2.495192, 2.066542, 1523437091486.8496
9.317708, 2.497081, 2.060463, 1523437091569.8381
9.318942, 2.495456, 2.059621, 1523437091652.9646
9.3178, 2.495496, 2.056751, 1523437091736.2292
9.32139, 2.493149, 2.053957, 1523437091819.4941
9.319718, 2.492237, 2.056598, 1523437091902.7126
9.311316, 2.480541, 2.055367, 1523437091985.7473
9.296609, 2.471942, 2.057944, 1523437092068.6895
9.284424, 2.455139, 2.056761, 1523437092151.5859
9.265009, 2.436469, 2.047034, 1523437092234.3899
9.234177, 2.417895, 2.03447, 1523437092317.2859
9.208812, 2.400838, 2.031854, 1523437092400.3665
9.179498, 2.389531, 2.02302, 1523437092483.6311
9.146221, 2.385749, 2.015296, 1523437092567.1724
9.111701, 2.386898, 2.013963, 1523437092650.8521
9.071015, 2.387606, 2.002112, 1523437092734.5776
9.024128, 2.407867, 1.99537, 1523437092818.3030
8.975181, 2.425835, 1.995054, 1523437092901.8901
8.925494, 2.448645, 1.998807, 1523437092985.2471
8.884406, 2.465251, 2.017622, 1523437093068.4656
8.851695, 2.472491, 2.030306, 1523437093151.3616
8.818116, 2.487834, 2.032811, 1523437093234.2117
8.792912, 2.497688, 2.042858, 1523437093317.2000
8.755109, 2.504675, 2.055757, 1523437093400.3726
8.712464, 2.497764, 2.05107, 1523437093483.8677
8.662077, 2.512531, 2.04317, 1523437093567.5933
8.606373, 2.519836, 2.036279, 1523437093651.5491
8.550342, 2.519202, 2.041882, 1523437093735.5972
8.482076, 2.529835, 2.037062, 1523437093819.6453
8.404753, 2.547687, 2.033579, 1523437093903.8777
8.33887, 2.587012, 2.034017, 1523437093988.4326
8.278578, 2.619659, 2.01514, 1523437094072.9414
8.247058, 2.669288, 2.025496, 1523437094157.1736
8.220755, 2.717401, 2.027868, 1523437094241.1758
8.214033, 2.774293, 2.02545, 1523437094324.7168
8.197053, 2.837494, 2.024234, 1523437094407.5669
8.183628, 2.899248, 2.026659, 1523437094489.8640
8.180129, 2.964085, 2.04147, 1523437094572.0229
8.168965, 3.028014, 2.045714, 1523437094654.2275
8.171364, 3.098511, 2.04285, 1523437094736.6628
8.168859, 3.169335, 2.034353, 1523437094819.3748
8.161241, 3.249745, 2.021667, 1523437094902.1326
8.148787, 3.336105, 2.015862, 1523437094984.7063
8.11612, 3.417102, 2.014742, 1523437095066.9570
8.082952, 3.502384, 2.013297, 1523437095149.1621
8.068365, 3.587307, 2.03567, 1523437095232.0122
8.070448, 3.677392, 2.034295, 1523437095315.5073
8.06429, 3.770531, 2.035478, 1523437095398.6338
8.040049, 3.866797, 2.027689, 1523437095481.0688
8.022625, 3.964904, 2.013748, 1523437095563.1360
8.020333, 4.061749, 1.997208, 1523437095645.2490
8.028869, 4.173796, 1.986408, 1523437095727.5000
8.041451, 4.283079, 1.989111, 1523437095810.0732
8.052785, 4.379397, 2.000163, 1523437095892.9236
8.056026, 4.46425, 2.012733, 1523437095976.0964
8.053725, 4.544234, 2.028909, 1523437096059.6836
8.05134, 4.626293, 2.03212, 1523437096143.4553
8.038762, 4.728615, 2.014177, 1523437096227.1350
8.017663, 4.833931, 1.995653, 1523437096310.5840
7.995747, 4.955615, 2.009982, 1523437096394.0793
8.003978, 5.070057, 2.029842, 1523437096478.0811
8.025868, 5.183538, 2.042052, 1523437096562.5901
8.047791, 5.299562, 2.034874, 1523437096646.8689
8.060225, 5.43407, 2.010702, 1523437096730.5024
8.068043, 5.568948, 1.986414, 1523437096813.4907
8.08753, 5.710572, 1.988503, 1523437096896.2944
8.144087, 5.834809, 2.015691, 1523437096979.3289
8.18184, 5.957263, 2.056173, 1523437097062.2708
8.191145, 6.069412, 2.113014, 1523437097144.7986
8.182089, 6.151347, 2.166934, 1523437097227.1877
8.185143, 6.218387, 2.19726, 1523437097310.0378
8.195408, 6.30388, 2.19625, 1523437097393.2104
8.203701, 6.409447, 2.16961, 1523437097476.5210
8.197924, 6.525751, 2.17753, 1523437097559.8782
8.185831, 6.649627, 2.180223, 1523437097643.2349
8.169539, 6.760025, 2.207729, 1523437097727.0068
8.185987, 6.844062, 2.245625, 1523437097811.6538
8.212855, 6.921671, 2.305457, 1523437097896.7617
8.230375, 6.980518, 2.357188, 1523437097981.4089
8.243295, 7.0287, 2.39299, 1523437098065.4109
8.267834, 7.087051, 2.409659, 1523437098148.9983
8.288102, 7.146412, 2.420937, 1523437098232.1709
8.300181, 7.207592, 2.450471, 1523437098314.7905
8.303555, 7.264889, 2.493788, 1523437098396.9954
8.306437, 7.317202, 2.528984, 1523437098479.1082
8.311283, 7.377806, 2.556588, 1523437098561.4973
8.306858, 7.452919, 2.560112, 1523437098643.9790
8.288829, 7.528943, 2.550848, 1523437098726.5525
8.277461, 7.604796, 2.570399, 1523437098809.4946
8.269415, 7.67433, 2.604323, 1523437098892.9897
8.270439, 7.741868, 2.651796, 1523437098977.3145
8.287054, 7.79454, 2.701533, 1523437099062.4226
8.312647, 7.838216, 2.745011, 1523437099147.6226
8.316621, 7.890181, 2.753112, 1523437099232.0854
8.322197, 7.953822, 2.74829, 1523437099315.7651
8.342112, 8.01682, 2.764195, 1523437099398.8916
8.353298, 8.07708, 2.805138, 1523437099481.4192
8.368943, 8.13186, 2.856382, 1523437099563.3936
8.368511, 8.168376, 2.90677, 1523437099645.2759
8.373508, 8.212144, 2.951634, 1523437099727.4346
8.367046, 8.267887, 2.944333, 1523437099809.9617
8.360212, 8.3355, 2.938009, 1523437099892.8118
8.351748, 8.399403, 2.963125, 1523437099976.0764
8.339414, 8.458319, 3.005121, 1523437100059.9402
8.338779, 8.508947, 3.045954, 1523437100144.4951
8.355869, 8.560033, 3.103906, 1523437100229.5569
8.377366, 8.613166, 3.126653, 1523437100314.1121
8.386539, 8.67906, 3.122394, 1523437100397.9294
8.406113, 8.745656, 3.130729, 1523437100481.1482
8.429156, 8.804745, 3.165892, 1523437100563.9521
8.435937, 8.84831, 3.20803, 1523437100646.1572
8.438143, 8.899806, 3.263508, 1523437100728.0396
8.438905, 8.944985, 3.306227, 1523437100810.1062
8.440063, 9.00455, 3.318096, 1523437100892.4492
8.434258, 9.073584, 3.305819, 1523437100974.9768
8.42502, 9.15439, 3.306031, 1523437101057.8726
8.410949, 9.222048, 3.341964, 1523437101141.3215
8.405118, 9.279621, 3.392996, 1523437101225.5537
8.419315, 9.319025, 3.451326, 1523437101310.3853
8.429446, 9.353711, 3.495279, 1523437101394.8938
8.429987, 9.397724, 3.511006, 1523437101478.7576
8.445607, 9.449023, 3.512688, 1523437101562.2986
8.473232, 9.495887, 3.540423, 1523437101645.7019
8.48654, 9.539582, 3.582895, 1523437101728.4133
8.475534, 9.590293, 3.625916, 1523437101810.4341
8.465796, 9.637549, 3.662175, 1523437101892.4087
8.4584, 9.683811, 3.686517, 1523437101974.7056
8.444912, 9.740567, 3.692137, 1523437102057.2332
8.437223, 9.807216, 3.691015, 1523437102140.0371
8.43287, 9.863236, 3.717467, 1523437102223.3481
8.422172, 9.913582, 3.763987, 1523437102307.0271
8.417933, 9.961064, 3.805719, 1523437102391.2136
8.422858, 10.00967, 3.849716, 1523437102475.5845
8.431241, 10.052416, 3.887906, 1523437102559.8169
8.445108, 10.08977, 3.895752, 1523437102643.8647
8.456743, 10.134711, 3.894928, 1523437102727.6365
8.463107, 10.185768, 3.90178, 1523437102810.9934
8.463577, 10.243269, 3.927776, 1523437102893.8894
8.462175, 10.284142, 3.972228, 1523437102976.3708
8.453765, 10.330735, 4.019406, 1523437103058.5757
8.446499, 10.382495, 4.057193, 1523437103140.8264
8.436814, 10.42618, 4.076628, 1523437103223.3079
8.422247, 10.48182, 4.075006, 1523437103305.9734
8.404006, 10.546988, 4.073047, 1523437103388.8694
8.390955, 10.608512, 4.095366, 1523437103472.1802
8.374125, 10.668033, 4.142643, 1523437103555.9514
8.370182, 10.715281, 4.186118, 1523437103640.3223
8.3765, 10.751949, 4.238513, 1523437103724.8306
8.380286, 10.783155, 4.274333, 1523437103809.0630
8.382047, 10.818827, 4.276765, 1523437103892.8806
8.39115, 10.861947, 4.275865, 1523437103976.4678
8.398123, 10.915631, 4.285921, 1523437104059.7786
8.399719, 10.970847, 4.313219, 1523437104142.6748
8.393859, 11.033317, 4.346864, 1523437104225.1104
8.384714, 11.082325, 4.390747, 1523437104307.2688
8.37906, 11.123112, 4.427841, 1523437104389.6123
8.369094, 11.167434, 4.435515, 1523437104472.1858
8.348685, 11.225444, 4.437599, 1523437104554.8516
8.336185, 11.289594, 4.436625, 1523437104637.8396
8.324683, 11.362661, 4.454015, 1523437104721.3345
8.314306, 11.422567, 4.499798, 1523437104805.3367
8.303916, 11.483766, 4.543684, 1523437104889.9375
8.31757, 11.535719, 4.596557, 1523437104974.9529
8.33318, 11.581547, 4.627448, 1523437105059.8306
8.336382, 11.636003, 4.631821, 1523437105144.0630
8.336586, 11.695093, 4.633339, 1523437105227.6504
8.340283, 11.763183, 4.645944, 1523437105310.7307
8.356899, 11.820238, 4.680079, 1523437105393.3965
8.363169, 11.871325, 4.737288, 1523437105475.6934
8.365815, 11.905066, 4.772852, 1523437105557.8979
8.366052, 11.938485, 4.804502, 1523437105640.2410
8.360086, 11.979677, 4.808129, 1523437105722.6299
8.356716, 12.035554, 4.807985, 1523437105805.2957
8.350558, 12.096358, 4.822237, 1523437105888.1919
8.340252, 12.158003, 4.859257, 1523437105971.3643
8.32898, 12.2112, 4.908413, 1523437106055.2280
8.355742, 12.256529, 4.963631, 1523437106139.8289
8.374907, 12.292544, 5.003211, 1523437106224.3840
8.385023, 12.337125, 5.020259, 1523437106308.2017
8.385457, 12.38264, 5.024384, 1523437106391.2817
8.391149, 12.431759, 5.036431, 1523437106473.9011
8.403991, 12.473785, 5.064713, 1523437106556.1982
8.411861, 12.50739, 5.121798, 1523437106638.2185
8.405414, 12.534848, 5.161253, 1523437106720.2852
8.401207, 12.559028, 5.203639, 1523437106802.5825
8.388987, 12.592729, 5.212163, 1523437106885.0635
8.367596, 12.638749, 5.212801, 1523437106967.6831
8.345465, 12.695522, 5.20731, 1523437107050.5332
8.31109, 12.759567, 5.212625, 1523437107133.6135
8.264203, 12.830603, 5.213997, 1523437107216.9243
8.215265, 12.905087, 5.251339, 1523437107300.7881
8.190084, 12.972403, 5.291688, 1523437107385.2966
8.174681, 13.026518, 5.342619, 1523437107469.9897
8.156409, 13.05859, 5.384086, 1523437107554.2222
8.130624, 13.095386, 5.392249, 1523437107637.7175
8.115137, 13.139386, 5.387089, 1523437107720.9819
8.086049, 13.194685, 5.381897, 1523437107803.9241
8.04951, 13.238238, 5.381926, 1523437107886.4055
8.00655, 13.276816, 5.393684, 1523437107968.4258
7.950871, 13.324895, 5.388313, 1523437108050.3081
7.909296, 13.363026, 5.391587, 1523437108132.4668
7.854659, 13.381763, 5.390522, 1523437108214.9023
7.799552, 13.390762, 5.395785, 1523437108297.6140
7.745825, 13.393279, 5.398994, 1523437108380.9246
7.687149, 13.408367, 5.397752, 1523437108464.8806
7.626983, 13.419939, 5.4029, 1523437108549.2510
7.57056, 13.434404, 5.414633, 1523437108633.9441
7.519726, 13.456967, 5.407066, 1523437108719.1440
7.458659, 13.471752, 5.408948, 1523437108804.0217
7.401133, 13.477309, 5.408857, 1523437108888.2078
7.331559, 13.494573, 5.400843, 1523437108972.0715
7.267409, 13.513565, 5.400221, 1523437109055.8892
7.207029, 13.53089, 5.39834, 1523437109139.3381
7.140153, 13.554276, 5.403163, 1523437109222.4646
7.063709, 13.575324, 5.402081, 1523437109305.2683
6.99972, 13.592607, 5.409767, 1523437109387.9800
6.936756, 13.602967, 5.4087, 1523437109470.7378
6.860478, 13.616154, 5.409695, 1523437109553.7261
6.781714, 13.635689, 5.403117, 1523437109636.9448
6.708153, 13.645499, 5.401201, 1523437109720.2092
6.625826, 13.646946, 5.414417, 1523437109803.5198
6.54521, 13.648144, 5.435289, 1523437109887.0610
6.479641, 13.661821, 5.473539, 1523437109971.0166
6.421621, 13.684215, 5.506823, 1523437110055.2031
6.366747, 13.700617, 5.528791, 1523437110139.0664
6.318029, 13.71286, 5.550893, 1523437110222.4692
6.259524, 13.740235, 5.549626, 1523437110305.7339
6.189586, 13.772472, 5.537159, 1523437110388.9060
6.124207, 13.795659, 5.55379, 1523437110471.8018
6.062278, 13.815951, 5.590626, 1523437110554.2830
6.004434, 13.824256, 5.641849, 1523437110636.3955
5.967343, 13.831247, 5.680027, 1523437110718.4160
5.918314, 13.830975, 5.709813, 1523437110800.6667
5.876069, 13.832983, 5.716844, 1523437110883.1941
5.819053, 13.838612, 5.725318, 1523437110966.2283
5.761788, 13.840723, 5.74471, 1523437111049.5850
5.707883, 13.83638, 5.775469, 1523437111133.2183
5.668036, 13.84188, 5.813426, 1523437111217.4045
5.63033, 13.861518, 5.855251, 1523437111301.9595
5.601868, 13.877135, 5.898379, 1523437111386.3298
5.571464, 13.888102, 5.921127, 1523437111470.0552
5.526719, 13.907778, 5.914391, 1523437111553.5500
5.473913, 13.934301, 5.916456, 1523437111636.7224
5.413928, 13.955598, 5.931844, 1523437111719.4341
5.361612, 13.973124, 5.973534, 1523437111801.7307
5.318394, 13.986732, 6.016106, 1523437111883.7971
5.277225, 13.997223, 6.053537, 1523437111966.0020
5.231462, 14.002367, 6.07641, 1523437112048.4373
5.177211, 14.000003, 6.080103, 1523437112131.0105
5.117436, 14.001151, 6.069023, 1523437112213.9524
5.057235, 14.005617, 6.077235, 1523437112297.3552
4.994595, 13.992205, 6.102957, 1523437112381.0344
4.940083, 13.975323, 6.138816, 1523437112465.0364
4.880829, 13.980866, 6.182614, 1523437112549.4070
4.839877, 13.98989, 6.220508, 1523437112633.8694
4.800477, 13.983948, 6.253993, 1523437112717.7791
4.762047, 13.983163, 6.252526, 1523437112801.1819
4.718322, 13.998013, 6.268144, 1523437112884.4465
4.667749, 14.016826, 6.291342, 1523437112967.6650
4.616862, 14.024029, 6.328586, 1523437113050.5608
4.582259, 14.028302, 6.374293, 1523437113133.1802
4.556684, 14.034491, 6.41519, 1523437113215.8459
4.51876, 14.037359, 6.437474, 1523437113298.6494
4.470237, 14.029984, 6.422633, 1523437113381.5454
4.420795, 14.028463, 6.427915, 1523437113464.6719
4.350243, 14.020112, 6.441294, 1523437113548.0286
4.293643, 14.002702, 6.4621, 1523437113631.7080
4.239147, 13.992474, 6.49861, 1523437113715.8943
4.179117, 13.994963, 6.547221, 1523437113800.4951
4.145012, 13.998572, 6.592169, 1523437113884.7734
4.111042, 13.993642, 6.617054, 1523437113968.3604
4.065843, 14.002249, 6.618212, 1523437114051.6250
4.012416, 14.018961, 6.615527, 1523437114134.7053
3.94609, 14.027771, 6.626685, 1523437114217.4167
3.88633, 14.034219, 6.65848, 1523437114299.7600
3.83362, 14.037367, 6.707871, 1523437114381.7344
3.796342, 14.036119, 6.747904, 1523437114463.7549
3.756677, 14.036649, 6.780252, 1523437114546.0056
3.699774, 14.024907, 6.780092, 1523437114628.5789
3.647451, 14.019293, 6.779837, 1523437114711.4751
3.596728, 14.004185, 6.789567, 1523437114794.5554
3.544781, 13.977578, 6.814114, 1523437114877.6814
3.500947, 13.948614, 6.85186, 1523437114961.1765
3.450831, 13.934821, 6.902149, 1523437115045.2703
3.398034, 13.936582, 6.945223, 1523437115129.5945
3.356813, 13.927491, 6.972895, 1523437115213.4121
3.319379, 13.921708, 6.968732, 1523437115296.9067
3.259812, 13.920663, 6.956228, 1523437115380.4019
3.189522, 13.906771, 6.955265, 1523437115463.6201
3.125842, 13.884668, 6.961458, 1523437115546.3315
3.058836, 13.873065, 6.959846, 1523437115628.8125
2.989694, 13.864763, 6.963902, 1523437115711.4319
2.905334, 13.861567, 6.964544, 1523437115794.3738
2.830043, 13.839295, 6.956788, 1523437115877.5459
2.745495, 13.803964, 6.956524, 1523437115960.8564
2.667785, 13.756591, 6.951836, 1523437116044.2131
2.585164, 13.709148, 6.954625, 1523437116127.5696
2.505767, 13.654071, 6.985824, 1523437116211.0642
2.445477, 13.611078, 7.033929, 1523437116295.0200
2.393052, 13.601575, 7.081048, 1523437116379.5286
2.333436, 13.583904, 7.112669, 1523437116463.8069
2.282588, 13.558965, 7.131669, 1523437116547.4858
2.228381, 13.525523, 7.133275, 1523437116630.6582
2.171224, 13.497111, 7.146445, 1523437116713.6001
2.11655, 13.470269, 7.181598, 1523437116796.1272
2.078659, 13.43543, 7.221142, 1523437116878.1936
2.039869, 13.394955, 7.26237, 1523437116960.2136
2.002621, 13.359669, 7.292337, 1523437117042.6946
1.971367, 13.31444, 7.298022, 1523437117125.4983
1.934347, 13.259492, 7.291284, 1523437117208.4399
1.895761, 13.204008, 7.306491, 1523437117291.7505
1.867772, 13.154289, 7.346785, 1523437117375.5217
1.839667, 13.114457, 7.383882, 1523437117459.8916
1.803992, 13.073752, 7.425144, 1523437117544.5842
1.773, 13.047962, 7.460042, 1523437117629.0464
1.748982, 13.012706, 7.470886, 1523437117712.9561
1.713529, 12.971362, 7.467002, 1523437117796.4968
1.673084, 12.931827, 7.470501, 1523437117879.8538
1.635562, 12.886923, 7.501147, 1523437117962.9800
1.602799, 12.842031, 7.549113, 1523437118045.7378
1.5813, 12.801453, 7.590015, 1523437118128.4031
1.552715, 12.756799, 7.628131, 1523437118211.2988
1.532352, 12.709984, 7.644794, 1523437118294.2407
1.518608, 12.65538, 7.642753, 1523437118377.1826
1.501593, 12.598907, 7.627755, 1523437118460.3088
1.476496, 12.531952, 7.629953, 1523437118543.7117
1.458281, 12.451974, 7.636427, 1523437118627.2063
1.456536, 12.376075, 7.649251, 1523437118710.7935
1.437334, 12.298768, 7.665814, 1523437118794.5647
1.400136, 12.213416, 7.655437, 1523437118878.5664
1.368513, 12.125273, 7.647255, 1523437118962.4297
1.337881, 12.015395, 7.645163, 1523437119045.7861
1.311786, 11.921368, 7.634082, 1523437119128.7739
1.276555, 11.835918, 7.648209, 1523437119211.7158
1.243478, 11.763239, 7.689535, 1523437119294.5193
1.215457, 11.68993, 7.731278, 1523437119377.0464
1.203749, 11.61731, 7.760022, 1523437119459.6655
1.18378, 11.555367, 7.789098, 1523437119542.6536
1.173271, 11.496653, 7.799331, 1523437119625.7334
1.165941, 11.423543, 7.798482, 1523437119708.9976
1.154762, 11.343399, 7.810126, 1523437119792.4463
1.15279, 11.277345, 7.848261, 1523437119876.2173
1.140046, 11.224669, 7.894138, 1523437119960.4951
1.114721, 11.175035, 7.93862, 1523437120045.0957
1.097367, 11.121001, 7.963031, 1523437120129.3279
1.09255, 11.076988, 7.972371, 1523437120213.0068
1.083155, 11.013804, 7.973875, 1523437120296.3174
1.071207, 10.945048, 7.990129, 1523437120379.3518
1.058238, 10.894648, 8.026388, 1523437120462.1550
1.048434, 10.840957, 8.065289, 1523437120544.5901
1.04343, 10.788109, 8.101608, 1523437120626.9331
1.040078, 10.742657, 8.131481, 1523437120709.4602
1.045141, 10.697209, 8.142791, 1523437120792.0791
1.050659, 10.643884, 8.135332, 1523437120874.9751
1.05353, 10.572423, 8.131916, 1523437120958.1934
1.070602, 10.503154, 8.14121, 1523437121041.4116
1.093591, 10.424913, 8.164199, 1523437121124.6760
1.107045, 10.348164, 8.190705, 1523437121208.4011
1.087209, 10.277144, 8.244803, 1523437121292.8174
1.070638, 10.229275, 8.293605, 1523437121377.2800
1.08094, 10.17284, 8.321655, 1523437121461.2351
1.091205, 10.112826, 8.332447, 1523437121544.8682
1.094609, 10.053254, 8.354499, 1523437121628.3169
1.104166, 10.00106, 8.395161, 1523437121711.3047
1.11307, 9.953028, 8.441795, 1523437121793.8318
1.132406, 9.915153, 8.492012, 1523437121876.3130
1.144626, 9.88014, 8.535879, 1523437121958.8401
1.164793, 9.85123, 8.547183, 1523437122041.5051
1.195077, 9.79555, 8.544583, 1523437122124.2166
1.218087, 9.74011, 8.54061, 1523437122207.0203
1.240543, 9.675434, 8.566237, 1523437122290.0542
1.276596, 9.618119, 8.606613, 1523437122373.3184
1.290459, 9.561754, 8.655135, 1523437122457.1816
1.290934, 9.513193, 8.70244, 1523437122541.2751
1.303336, 9.472781, 8.723934, 1523437122625.0923
1.315575, 9.418826, 8.72128, 1523437122708.7715
1.330026, 9.358311, 8.721507, 1523437122792.3123
1.34468, 9.289452, 8.735819, 1523437122875.5767
1.356358, 9.228879, 8.775735, 1523437122958.5642
1.366862, 9.174568, 8.832436, 1523437123041.2295
1.37413, 9.137897, 8.879315, 1523437123123.8948
1.388783, 9.098801, 8.919127, 1523437123206.6519
1.413127, 9.057054, 8.930039, 1523437123289.5015
1.442764, 9.002216, 8.918119, 1523437123372.4893
1.47118, 8.93841, 8.91035, 1523437123455.7073
1.507124, 8.867137, 8.898869, 1523437123539.0637
1.563229, 8.796379, 8.900307, 1523437123622.2822
1.624, 8.715508, 8.925277, 1523437123705.6382
1.663334, 8.641824, 8.931189, 1523437123789.3174
1.698659, 8.566497, 8.930515, 1523437123872.8584
1.741434, 8.500644, 8.937117, 1523437123956.1223
1.78704, 8.423992, 8.939188, 1523437124039.2024
1.82925, 8.341141, 8.937113, 1523437124122.0979
1.872762, 8.26935, 8.968525, 1523437124204.7173
1.906568, 8.211013, 9.015955, 1523437124287.0596
1.931423, 8.164591, 9.049886, 1523437124369.4946
1.954184, 8.120789, 9.081752, 1523437124452.4363
1.985613, 8.081026, 9.10638, 1523437124535.5620
2.025094, 8.046569, 9.095173, 1523437124618.7339
2.077231, 8.005558, 9.088947, 1523437124702.0442
2.11785, 7.961638, 9.095119, 1523437124785.6313
2.178663, 7.913741, 9.106989, 1523437124869.4021
2.235611, 7.883299, 9.134821, 1523437124953.4497
2.279605, 7.860898, 9.184614, 1523437125037.8657
2.304888, 7.833709, 9.240213, 1523437125122.3743
2.333145, 7.813163, 9.282351, 1523437125206.5139
2.370968, 7.79457, 9.29325, 1523437125290.1926
2.413193, 7.762803, 9.296309, 1523437125373.6411
2.459971, 7.730358, 9.302479, 1523437125456.9050
2.492277, 7.70467, 9.332761, 1523437125539.9849
2.512319, 7.679154, 9.379306, 1523437125622.9268
2.535342, 7.658401, 9.420599, 1523437125705.7297
2.562938, 7.64338, 9.465001, 1523437125788.3948
2.598589, 7.641103, 9.48345, 1523437125871.1057
2.645704, 7.624627, 9.476502, 1523437125953.9551
2.692622, 7.595672, 9.474781, 1523437126037.1733
2.748931, 7.570174, 9.474719, 1523437126120.5295
2.804471, 7.543457, 9.496587, 1523437126203.9778
2.877401, 7.525775, 9.529042, 1523437126287.5645
2.94247, 7.497268, 9.56288, 1523437126371.5198
2.977088, 7.470237, 9.618585, 1523437126455.7515
3.006987, 7.463219, 9.657519, 1523437126539.6143
3.045186, 7.458921, 9.674701, 1523437126622.9702
3.082442, 7.433676, 9.661614, 1523437126706.3264
3.134323, 7.376759, 9.657141, 1523437126789.7749
3.178316, 7.337693, 9.644171, 1523437126873.1311
3.231569, 7.294811, 9.648963, 1523437126956.3494
3.287072, 7.214073, 9.667354, 1523437127039.5671
3.327942, 7.161567, 9.687283, 1523437127122.6006
3.374426, 7.131385, 9.674928, 1523437127205.1733
3.432803, 7.092004, 9.689798, 1523437127287.7463
3.476177, 7.050399, 9.689446, 1523437127370.5952
3.534446, 7.009337, 9.679704, 1523437127453.4905
3.602297, 6.971764, 9.677608, 1523437127536.4316
3.683463, 6.932884, 9.676197, 1523437127619.4192
3.753048, 6.903127, 9.703041, 1523437127702.6367
3.823735, 6.860836, 9.712854, 1523437127786.1772
3.869931, 6.818929, 9.708143, 1523437127869.9941
3.934962, 6.768713, 9.702806, 1523437127953.4883
4.011065, 6.727748, 9.710129, 1523437128036.3376
4.086304, 6.693222, 9.701724, 1523437128118.6338
4.165496, 6.652793, 9.685869, 1523437128200.6536
4.247997, 6.593926, 9.675875, 1523437128282.8577
4.315084, 6.554278, 9.695441, 1523437128365.2461
4.388463, 6.522955, 9.677789, 1523437128447.6804
4.458835, 6.485895, 9.690153, 1523437128530.5757
4.544929, 6.456634, 9.690344, 1523437128613.8860
4.624425, 6.447038, 9.689155, 1523437128697.4724
4.711503, 6.436953, 9.670001, 1523437128781.3354
4.802718, 6.428116, 9.668232, 1523437128865.3364
4.888543, 6.435062, 9.687686, 1523437128949.3838
4.981775, 6.425185, 9.690146, 1523437129033.8455
5.066114, 6.387596, 9.698519, 1523437129118.7681
5.159371, 6.360272, 9.694139, 1523437129203.3684
5.243859, 6.345035, 9.682869, 1523437129287.3232
5.340587, 6.338259, 9.663448, 1523437129370.7715
5.433151, 6.323484, 9.658877, 1523437129453.9893
5.506845, 6.307346, 9.684202, 1523437129536.8384
5.595066, 6.308574, 9.687774, 1523437129619.2268
5.670123, 6.31202, 9.703251, 1523437129701.8455
5.751551, 6.301565, 9.704919, 1523437129784.9250
5.829595, 6.300959, 9.703536, 1523437129868.2812
5.914117, 6.312271, 9.705363, 1523437129951.5449
6.007668, 6.328312, 9.684271, 1523437130034.7166
6.118041, 6.364576, 9.684866, 1523437130117.6577
6.228254, 6.36381, 9.682211, 1523437130201.1519
6.330257, 6.33213, 9.699825, 1523437130285.1992
6.415552, 6.323998, 9.707379, 1523437130369.0161
6.511166, 6.328718, 9.70031, 1523437130452.2798
6.618492, 6.327043, 9.676959, 1523437130535.3132
6.696812, 6.318324, 9.694108, 1523437130618.2546
6.773735, 6.314679, 9.705026, 1523437130700.8271
6.859796, 6.326108, 9.703429, 1523437130783.0771
6.939192, 6.334106, 9.718526, 1523437130865.5576
7.025126, 6.326349, 9.727616, 1523437130948.6372
7.121439, 6.333027, 9.711431, 1523437131031.9932
7.21176, 6.359504, 9.679465, 1523437131115.3953
7.311295, 6.377291, 9.679482, 1523437131198.7971
7.398151, 6.410707, 9.695285, 1523437131282.1995
7.490655, 6.429968, 9.706336, 1523437131365.7859
7.594974, 6.429409, 9.70379, 1523437131449.8330
7.69887, 6.421654, 9.697944, 1523437131533.7417
7.789598, 6.424935, 9.695807, 1523437131617.1443
7.887278, 6.446055, 9.685984, 1523437131699.9009
7.985924, 6.461193, 9.669359, 1523437131782.3816
8.078456, 6.454866, 9.678917, 1523437131864.8159
8.168571, 6.458051, 9.687555, 1523437131947.2966
8.25493, 6.475845, 9.717002, 1523437132029.8691
8.354888, 6.498871, 9.708773, 1523437132112.9023
8.435814, 6.508567, 9.709496, 1523437132196.3970
8.532203, 6.534507, 9.69573, 1523437132280.1213
8.631639, 6.560959, 9.696003, 1523437132363.7537
8.721422, 6.607382, 9.692283, 1523437132447.2942
8.826233, 6.625011, 9.697388, 1523437132531.2490
8.930662, 6.613815, 9.704494, 1523437132615.8491
9.040763, 6.60919, 9.702771, 1523437132700.0808
9.146236, 6.617665, 9.686515, 1523437132783.6672
9.255001, 6.625489, 9.674362, 1523437132866.7007
9.349065, 6.635658, 9.669603, 1523437132949.3655
9.431403, 6.627707, 9.705596, 1523437133031.7537
9.507814, 6.634866, 9.713776, 1523437133113.8198
9.58077, 6.645533, 9.714476, 1523437133196.0696
9.662565, 6.644803, 9.710046, 1523437133279.0107
9.755205, 6.634849, 9.708489, 1523437133362.5051
9.843198, 6.633814, 9.704665, 1523437133446.0916
9.936896, 6.640721, 9.705776, 1523437133529.6780
10.0357, 6.652349, 9.717065, 1523437133613.2642
10.126266, 6.65468, 9.72908, 1523437133697.2192
10.228312, 6.640213, 9.705063, 1523437133781.4050
10.322175, 6.623251, 9.707866, 1523437133865.2678
10.416177, 6.621003, 9.710589, 1523437133948.5317
10.519163, 6.611434, 9.695516, 1523437134031.4268
10.619737, 6.577823, 9.681539, 1523437134114.4604
10.710938, 6.535712, 9.699319, 1523437134197.4934
10.791412, 6.519178, 9.709181, 1523437134280.1584
10.869614, 6.514468, 9.717716, 1523437134362.9153
10.944764, 6.481022, 9.723359, 1523437134446.3174
11.026952, 6.43713, 9.713864, 1523437134530.1802
11.108106, 6.410968, 9.690436, 1523437134614.0430
11.19506, 6.380693, 9.685547, 1523437134697.8596
11.282875, 6.354437, 9.700388, 1523437134781.6304
11.358375, 6.304394, 9.713639, 1523437134865.5393
11.425068, 6.237596, 9.695525, 1523437134949.4941
11.498131, 6.165425, 9.689541, 1523437135033.1726
11.570212, 6.099018, 9.677712, 1523437135116.2517
11.643785, 6.027544, 9.665709, 1523437135198.5940
11.702932, 5.946768, 9.668428, 1523437135280.5674
11.73045, 5.863408, 9.685601, 1523437135362.5872
11.765817, 5.790957, 9.694789, 1523437135444.7908
11.810757, 5.731615, 9.702627, 1523437135527.3635
11.842747, 5.664578, 9.701931, 1523437135610.4429
11.879553, 5.578329, 9.682979, 1523437135693.9370
11.917935, 5.48775, 9.648581, 1523437135777.3850
11.965187, 5.39631, 9.663718, 1523437135860.6951
12.01111, 5.315331, 9.6863, 1523437135944.2812
12.029523, 5.223064, 9.689139, 1523437136028.3740
12.043404, 5.116833, 9.693042, 1523437136112.3750
12.062561, 5.016969, 9.697269, 1523437136195.6387
12.103106, 4.920983, 9.678026, 1523437136278.3955
12.121181, 4.827903, 9.666327, 1523437136361.0603
12.122077, 4.73393, 9.673193, 1523437136443.8171
12.115334, 4.641674, 9.677854, 1523437136526.4817
12.112231, 4.555429, 9.688594, 1523437136609.3308
12.101293, 4.46523, 9.689266, 1523437136692.7327
12.078037, 4.366961, 9.692905, 1523437136776.8257
12.072442, 4.269104, 9.668369, 1523437136861.0112
12.068934, 4.18326, 9.652651, 1523437136944.8276
12.072532, 4.087725, 9.650293, 1523437137028.3220
12.071462, 3.990649, 9.66792, 1523437137111.6318
12.047196, 3.906666, 9.665343, 1523437137195.2639
11.989201, 3.821587, 9.659873, 1523437137279.2651
11.951422, 3.720368, 9.65166, 1523437137362.9895
11.908703, 3.62728, 9.651112, 1523437137446.1611
11.858405, 3.54026, 9.637707, 1523437137529.0562
11.796881, 3.485731, 9.654491, 1523437137611.7671
11.731178, 3.429569, 9.66741, 1523437137694.3396
11.681354, 3.376286, 9.676307, 1523437137776.8657
11.632939, 3.319724, 9.681159, 1523437137859.8530
11.579948, 3.271682, 9.686186, 1523437137943.2087
11.533504, 3.216481, 9.697409, 1523437138026.6108
11.462853, 3.144999, 9.649254, 1523437138109.8281
11.401346, 3.078878, 9.653496, 1523437138192.7693
11.350493, 3.011924, 9.668062, 1523437138275.6646
11.282868, 2.95871, 9.664378, 1523437138359.0662
11.196854, 2.919304, 9.671597, 1523437138442.8364
11.108769, 2.862934, 9.667744, 1523437138526.3306
11.019678, 2.791154, 9.660959, 1523437138609.3640
10.934673, 2.729788, 9.64348, 1523437138691.9824
10.853409, 2.682784, 9.625311, 1523437138774.5549
10.76414, 2.661737, 9.647836, 1523437138857.1274
10.683793, 2.624841, 9.664405, 1523437138939.5156
10.612638, 2.576984, 9.680507, 1523437139022.0417
10.545711, 2.531576, 9.687722, 1523437139104.9829
10.46061, 2.486498, 9.667796, 1523437139188.2927
10.366558, 2.435745, 9.644155, 1523437139271.7866
10.292825, 2.388908, 9.647105, 1523437139355.4189
10.211933, 2.342278, 9.66268, 1523437139439.2356
10.134426, 2.300216, 9.678123, 1523437139523.6050
10.055268, 2.271132, 9.691414, 1523437139608.1128
9.954623, 2.239906, 9.693068, 1523437139692.2979
9.846821, 2.201054, 9.663875, 1523437139775.7920
9.74811, 2.160802, 9.659698, 1523437139858.7791
9.653424, 2.131843, 9.648306, 1523437139941.6741
9.55888, 2.114133, 9.649173, 1523437140024.4307
9.472246, 2.086549, 9.654154, 1523437140106.9111
9.391103, 2.056468, 9.668712, 1523437140189.4836
9.313655, 2.035254, 9.667649, 1523437140272.5166
9.216591, 2.009526, 9.671597, 1523437140355.9641
9.145383, 1.965947, 9.63997, 1523437140439.3662
9.054341, 1.924911, 9.631027, 1523437140522.6755
8.966137, 1.875692, 9.640154, 1523437140605.9392
8.875074, 1.849532, 9.666621, 1523437140689.6177
8.779388, 1.819949, 9.657502, 1523437140773.4805
8.686807, 1.802223, 9.666223, 1523437140857.2051
8.586408, 1.773844, 9.653256, 1523437140940.4683
8.487269, 1.758993, 9.650186, 1523437141023.3633
8.393394, 1.740813, 9.638208, 1523437141106.1663
8.300881, 1.72578, 9.63737, 1523437141188.7385
8.200704, 1.708185, 9.636175, 1523437141271.1265
8.126076, 1.684748, 9.647916, 1523437141353.4685
8.053675, 1.668049, 9.659122, 1523437141436.3635
7.972314, 1.651717, 9.658512, 1523437141519.8115
7.882895, 1.632495, 9.640994, 1523437141603.6277
7.786234, 1.614107, 9.600067, 1523437141687.4905
7.688846, 1.582284, 9.619094, 1523437141771.2605
7.603384, 1.541303, 9.646458, 1523437141855.0771
7.512183, 1.533323, 9.643811, 1523437141939.2158
7.416858, 1.531801, 9.650685, 1523437142023.4009
7.316035, 1.525478, 9.622223, 1523437142107.1248
7.230983, 1.506009, 9.633549, 1523437142190.1584
7.13538, 1.490982, 9.630033, 1523437142272.9148
7.040668, 1.492368, 9.615361, 1523437142355.6714
6.947027, 1.488561, 9.589384, 1523437142438.2439
6.866386, 1.474273, 9.620138, 1523437142520.5398
6.777929, 1.456432, 9.642761, 1523437142603.0659
6.712149, 1.463368, 9.672278, 1523437142686.1453
6.625838, 1.458457, 9.658483, 1523437142769.5933
6.52949, 1.445997, 9.632077, 1523437142853.1331
6.437603, 1.438828, 9.616385, 1523437142936.7654
6.351092, 1.419534, 9.638665, 1523437143020.6277
6.272751, 1.422762, 9.651489, 1523437143104.9512
6.182304, 1.447969, 9.648296, 1523437143189.5972
6.095394, 1.477384, 9.642727, 1523437143274.1509
6.004688, 1.498225, 9.648745, 1523437143358.0596
5.913573, 1.519188, 9.639654, 1523437143441.1387
5.813961, 1.546748, 9.615278, 1523437143523.7109
5.744845, 1.586873, 9.627559, 1523437143606.2830
5.67581, 1.634645, 9.655483, 1523437143688.8093
5.610257, 1.66765, 9.65306, 1523437143771.3811
5.536547, 1.694031, 9.64892, 1523437143854.3682
5.465474, 1.755107, 9.658916, 1523437143938.0002
5.399436, 1.800555, 9.649681, 1523437144021.8164
5.329745, 1.843365, 9.642312, 1523437144105.3101
5.242518, 1.875543, 9.635612, 1523437144188.5276
5.173798, 1.915846, 9.653948, 1523437144271.9292
5.117287, 1.973177, 9.666932, 1523437144355.8379
5.061629, 2.049044, 9.66942, 1523437144439.8845
5.002553, 2.104196, 9.662019, 1523437144523.4243
4.952357, 2.170001, 9.657845, 1523437144606.5957
4.896188, 2.233085, 9.651212, 1523437144689.3521
4.85907, 2.302461, 9.643595, 1523437144771.8784
4.819337, 2.374826, 9.65913, 1523437144854.2202
4.795698, 2.444377, 9.668661, 1523437144936.6545
4.760963, 2.519827, 9.669606, 1523437145019.3184
4.73817, 2.586477, 9.666165, 1523437145102.3977
4.704915, 2.657329, 9.667919, 1523437145185.7075
4.671034, 2.733544, 9.658969, 1523437145268.9707
4.631935, 2.803435, 9.637623, 1523437145352.1421
4.587601, 2.869088, 9.649803, 1523437145435.2214
4.542864, 2.955008, 9.651573, 1523437145518.1621
4.511858, 3.03754, 9.651886, 1523437145601.5637
4.50579, 3.128254, 9.664762, 1523437145685.2876
4.487147, 3.218686, 9.665433, 1523437145768.7812
4.4601, 3.307184, 9.662632, 1523437145851.8606
4.44947, 3.393846, 9.628423, 1523437145934.8013
4.443933, 3.473275, 9.641005, 1523437146017.6038
4.440292, 3.551341, 9.669885, 1523437146100.1760
4.429004, 3.63397, 9.680492, 1523437146182.5642
4.417905, 3.704358, 9.686285, 1523437146265.1362
4.409201, 3.778757, 9.690216, 1523437146348.0769
4.391189, 3.862912, 9.682918, 1523437146431.2483
4.370971, 3.954399, 9.668716, 1523437146514.5579
4.354475, 4.050115, 9.668924, 1523437146598.0977
4.332414, 4.140094, 9.685025, 1523437146681.8215
4.316406, 4.231724, 9.691443, 1523437146765.8223
4.323764, 4.334532, 9.666519, 1523437146850.2834
4.339079, 4.429953, 9.677761, 1523437146934.6990
4.338049, 4.519083, 9.674352, 1523437147018.6072
4.337863, 4.601456, 9.658586, 1523437147101.9629
4.351521, 4.697793, 9.652879, 1523437147184.9958
4.382783, 4.777922, 9.642482, 1523437147267.8906
4.419514, 4.841182, 9.672456, 1523437147350.6929
4.439824, 4.906525, 9.676863, 1523437147433.5413
4.469025, 4.96688, 9.692862, 1523437147516.8967
4.508698, 5.027585, 9.702356, 1523437147600.6206
4.537219, 5.104758, 9.692127, 1523437147684.2524
4.568655, 5.183831, 9.682231, 1523437147767.8384
4.588429, 5.270741, 9.676618, 1523437147851.2861
4.618374, 5.34737, 9.692044, 1523437147934.9644
4.659823, 5.410044, 9.702478, 1523437148019.0566
4.712349, 5.487376, 9.683919, 1523437148103.1033
4.772621, 5.561192, 9.682392, 1523437148186.7354
4.821794, 5.640246, 9.678085, 1523437148269.8140
4.880504, 5.706144, 9.682643, 1523437148352.5706
4.943137, 5.758575, 9.679796, 1523437148435.1426
5.004928, 5.79289, 9.694039, 1523437148517.6221
5.067161, 5.839457, 9.69881, 1523437148599.8721
5.118584, 5.880413, 9.697982, 1523437148682.3059
5.174304, 5.912724, 9.702074, 1523437148765.2927
5.235895, 5.945621, 9.692399, 1523437148848.6479
5.30324, 5.989632, 9.689847, 1523437148932.0034
5.362318, 6.039206, 9.683867, 1523437149015.2668
5.425082, 6.093153, 9.681901, 1523437149098.3457
5.490186, 6.134845, 9.69819, 1523437149181.4707
5.56391, 6.170485, 9.643033, 1523437149264.9644
5.63639, 6.189304, 9.675332, 1523437149348.5500
5.7107, 6.204127, 9.686016, 1523437149431.9514
5.78631, 6.220084, 9.690904, 1523437149514.9841
5.871555, 6.226804, 9.680641, 1523437149597.6479
5.954912, 6.235936, 9.671741, 1523437149680.1279
6.027921, 6.237845, 9.687201, 1523437149762.6082
6.099119, 6.237177, 9.716432, 1523437149845.0881
6.174352, 6.24347, 9.707047, 1523437149927.7522
6.256114, 6.251856, 9.7019, 1523437150010.8774
6.32851, 6.253294, 9.710499, 1523437150094.3252
6.40321, 6.27225, 9.712556, 1523437150177.7266
6.482518, 6.292555, 9.701428, 1523437150261.1738
6.567958, 6.314937, 9.685287, 1523437150344.7598
6.65257, 6.333411, 9.697642, 1523437150428.5762
6.733556, 6.34678, 9.703437, 1523437150512.6223
6.823471, 6.346432, 9.700964, 1523437150596.7151
6.909272, 6.355472, 9.705767, 1523437150680.5769
6.993721, 6.361908, 9.703925, 1523437150764.0708
7.080036, 6.366014, 9.695703, 1523437150847.3340
7.176067, 6.369476, 9.687489, 1523437150930.4126
7.276668, 6.367821, 9.689572, 1523437151013.2612
7.357229, 6.368792, 9.692768, 1523437151095.6951
7.430752, 6.38263, 9.704142, 1523437151178.0364
7.524694, 6.384664, 9.71361, 1523437151260.8848
7.618117, 6.394, 9.702774, 1523437151344.1021
7.706022, 6.416456, 9.690763, 1523437151427.5034
7.799175, 6.436553, 9.680919, 1523437151511.0430
7.891017, 6.459071, 9.686938, 1523437151594.6746
7.977168, 6.468493, 9.701841, 1523437151678.7671
8.076323, 6.489775, 9.707636, 1523437151763.2283
8.18644, 6.487431, 9.696045, 1523437151847.4131
8.286057, 6.511331, 9.688167, 1523437151930.9526
8.387411, 6.529978, 9.683536, 1523437152014.0312
8.480961, 6.54215, 9.668558, 1523437152096.9717
8.583712, 6.535773, 9.66539, 1523437152180.0044
8.669986, 6.53059, 9.683508, 1523437152262.9910
8.746973, 6.531999, 9.693002, 1523437152345.7471
8.827475, 6.540123, 9.710059, 1523437152428.7798
8.907896, 6.548411, 9.699792, 1523437152512.0889
9.000667, 6.555196, 9.695471, 1523437152595.4438
9.095751, 6.573074, 9.682141, 1523437152678.7529
9.190423, 6.595438, 9.681895, 1523437152762.1543
9.289598, 6.615991, 9.689388, 1523437152845.7397
9.394088, 6.621079, 9.693127, 1523437152929.7859
9.491066, 6.602432, 9.693995, 1523437153013.9707
9.581109, 6.594571, 9.71399, 1523437153097.8325
9.671311, 6.591093, 9.708715, 1523437153181.0952
9.763933, 6.583237, 9.68748, 1523437153263.9436
9.861878, 6.569493, 9.685226, 1523437153346.5613
9.95375, 6.549101, 9.693214, 1523437153429.0869
10.041783, 6.536452, 9.711764, 1523437153511.3821
10.126631, 6.537893, 9.709163, 1523437153593.8154
10.215899, 6.537632, 9.7178, 1523437153676.5718
10.302763, 6.549517, 9.700286, 1523437153759.4202
10.397692, 6.567447, 9.694548, 1523437153842.3145
10.500134, 6.585374, 9.693158, 1523437153925.4854
10.58416, 6.602267, 9.69165, 1523437154008.9788
10.673609, 6.613138, 9.701513, 1523437154092.9790
10.763378, 6.613854, 9.701571, 1523437154177.0254
10.849514, 6.624356, 9.715181, 1523437154260.7952
10.949203, 6.64004, 9.703521, 1523437154344.0117
11.042981, 6.647254, 9.700487, 1523437154426.9521
11.138226, 6.655605, 9.684153, 1523437154509.8928
11.238302, 6.654608, 9.690521, 1523437154592.7871
11.326071, 6.662255, 9.70642, 1523437154675.3130
11.408962, 6.677777, 9.707602, 1523437154757.6548
11.488325, 6.693211, 9.718397, 1523437154840.4570
11.577177, 6.699522, 9.719042, 1523437154923.8120
11.658076, 6.71887, 9.711783, 1523437155007.3054
11.746898, 6.747775, 9.699763, 1523437155090.8452
11.835291, 6.783883, 9.704883, 1523437155174.4766
11.923002, 6.822434, 9.707066, 1523437155258.2927
12.014596, 6.845013, 9.708781, 1523437155342.5693
12.111226, 6.842665, 9.707061, 1523437155427.0305
12.202158, 6.857962, 9.719605, 1523437155510.9385
12.292328, 6.886045, 9.713597, 1523437155594.1089
12.386487, 6.907682, 9.710513, 1523437155676.9573
12.478824, 6.927361, 9.69346, 1523437155759.7131
12.562858, 6.944707, 9.71377, 1523437155842.3306
12.633984, 6.969628, 9.722957, 1523437155924.6257
12.717075, 7.004219, 9.724298, 1523437156007.1050
12.805938, 7.041223, 9.717411, 1523437156090.0916
12.874953, 7.073462, 9.70852, 1523437156173.2163
12.95644, 7.125299, 9.704639, 1523437156256.4326
13.037307, 7.16938, 9.715593, 1523437156339.9260
13.126121, 7.212917, 9.726482, 1523437156423.9260
13.193709, 7.248921, 9.71428, 1523437156508.1101
13.292084, 7.290397, 9.719124, 1523437156592.2483
13.366902, 7.321414, 9.727756, 1523437156676.2017
13.440487, 7.363164, 9.722338, 1523437156759.6489
13.504382, 7.391565, 9.718035, 1523437156842.7275
13.577789, 7.422923, 9.719545, 1523437156925.5298
13.629525, 7.446177, 9.729483, 1523437157007.9634
13.683658, 7.476573, 9.732461, 1523437157090.3047
13.738272, 7.504124, 9.719967, 1523437157172.8765
13.79456, 7.534719, 9.72449, 1523437157255.8633
13.855037, 7.58676, 9.721051, 1523437157338.8955
13.881097, 7.61995, 9.71422, 1523437157421.9739
13.934995, 7.66698, 9.719081, 1523437157505.2371
13.999758, 7.708719, 9.710678, 1523437157588.8225
14.061197, 7.748628, 9.691372, 1523437157672.7307
14.117617, 7.782529, 9.693926, 1523437157756.5005
14.165334, 7.81554, 9.701416, 1523437157839.8555
14.206419, 7.848223, 9.68246, 1523437157922.8879
14.243654, 7.882908, 9.657658, 1523437158005.7363
14.288253, 7.904397, 9.619086, 1523437158088.5847
14.329415, 7.91178, 9.579623, 1523437158171.5249
14.363213, 7.931996, 9.542902, 1523437158254.6035
14.402183, 7.947933, 9.509017, 1523437158338.1431
14.453938, 7.986983, 9.508396, 1523437158422.0046
14.485046, 8.027415, 9.498955, 1523437158505.9126
14.507755, 8.062201, 9.488596, 1523437158589.8206
14.5432, 8.095041, 9.438873, 1523437158673.6365
14.582455, 8.128418, 9.400242, 1523437158757.2219
14.614171, 8.186482, 9.354421, 1523437158840.3003
14.652042, 8.24233, 9.333852, 1523437158923.2405
14.686789, 8.279066, 9.334264, 1523437159006.1348
14.723027, 8.31545, 9.332854, 1523437159088.8904
14.7544, 8.346807, 9.298121, 1523437159171.4622
14.790343, 8.367233, 9.264097, 1523437159254.2642
14.83452, 8.380241, 9.224239, 1523437159337.3428
14.874608, 8.407734, 9.193216, 1523437159420.6052
14.913094, 8.445585, 9.166948, 1523437159504.0525
14.950425, 8.49179, 9.159409, 1523437159587.7300
14.980681, 8.542922, 9.152445, 1523437159671.4534
15.014112, 8.600485, 9.134872, 1523437159755.1309
15.044345, 8.666999, 9.099365, 1523437159838.6240
15.074475, 8.734577, 9.06571, 1523437159921.9326
15.095596, 8.804222, 9.040073, 1523437160005.0112
15.120487, 8.881037, 9.031094, 1523437160087.9514
15.149771, 8.968592, 9.021531, 1523437160170.8455
15.186728, 9.060279, 9.020824, 1523437160253.6475
15.211571, 9.138537, 9.015297, 1523437160336.1733
15.232364, 9.224606, 8.997574, 1523437160418.6526
15.26088, 9.290597, 9.000462, 1523437160501.3625
15.307116, 9.358096, 9.011433, 1523437160584.6252
15.340962, 9.419006, 9.024867, 1523437160667.9802
15.349503, 9.485448, 9.030005, 1523437160751.1045
15.37354, 9.568403, 9.024638, 1523437160834.6438
15.390518, 9.62264, 9.025023, 1523437160918.5979
15.410058, 9.675102, 9.008422, 1523437161002.8279
15.419104, 9.728609, 8.964581, 1523437161087.1506
15.42746, 9.771881, 8.91719, 1523437161171.5193
15.430915, 9.809094, 8.879367, 1523437161255.5654
15.414636, 9.862528, 8.85001, 1523437161339.0125
15.391354, 9.928051, 8.830375, 1523437161421.9529
15.394429, 9.975879, 8.828442, 1523437161504.9385
15.400858, 10.01175, 8.824061, 1523437161587.8328
15.403623, 10.053795, 8.79747, 1523437161670.4045
15.40846, 10.095931, 8.757826, 1523437161752.8379
15.419744, 10.147409, 8.71576, 1523437161835.5012
15.439608, 10.197474, 8.672092, 1523437161918.4412
15.45907, 10.260626, 8.642135, 1523437162001.7039
15.476182, 10.329475, 8.63513, 1523437162085.2429
15.473694, 10.391644, 8.634388, 1523437162168.9204
15.480514, 10.444083, 8.61426, 1523437162252.7820
15.500467, 10.496214, 8.57097, 1523437162336.8276
15.519307, 10.54567, 8.524936, 1523437162420.8276
15.515431, 10.60112, 8.483131, 1523437162504.2747
15.501529, 10.676412, 8.444489, 1523437162587.0764
15.507554, 10.741535, 8.432117, 1523437162669.8325
15.525288, 10.789889, 8.438586, 1523437162752.6802
15.527219, 10.836877, 8.422818, 1523437162835.3438
15.52475, 10.891732, 8.378711, 1523437162917.7771
15.538691, 10.943698, 8.336241, 1523437163000.4407
15.56511, 10.999505, 8.291754, 1523437163083.4729
15.591424, 11.060258, 8.2665, 1523437163166.9658
15.59531, 11.122391, 8.254755, 1523437163250.5967
15.581665, 11.168575, 8.265532, 1523437163334.2275
15.574552, 11.220238, 8.239827, 1523437163417.9045
15.582961, 11.28082, 8.194027, 1523437163501.7661
15.590394, 11.338132, 8.138278, 1523437163585.4895
15.572063, 11.403449, 8.098743, 1523437163668.5679
15.53811, 11.469611, 8.068116, 1523437163750.9553
15.526648, 11.52992, 8.069008, 1523437163833.3882
15.536333, 11.584323, 8.07291, 1523437163916.0054
15.536008, 11.637566, 8.049857, 1523437163998.3005
15.529998, 11.693526, 8.005113, 1523437164080.4570
15.534068, 11.748074, 7.946502, 1523437164162.9824
15.558292, 11.806177, 7.902334, 1523437164246.0605
15.577755, 11.877556, 7.873188, 1523437164329.6458
15.579983, 11.93462, 7.86598, 1523437164413.5073
15.572799, 11.986691, 7.867909, 1523437164497.4148
15.56385, 12.051331, 7.851737, 1523437164581.1843
15.559542, 12.09883, 7.812752, 1523437164664.8152
15.552762, 12.139571, 7.775591, 1523437164748.2620
15.53194, 12.188378, 7.754079, 1523437164831.3867
15.502923, 12.245985, 7.735486, 1523437164914.1421
15.489236, 12.29922, 7.745099, 1523437164996.8979
15.488753, 12.342275, 7.758533, 1523437165079.6533
15.473232, 12.38525, 7.756306, 1523437165162.2710
15.456013, 12.430374, 7.740508, 1523437165245.0725
15.449226, 12.484776, 7.739146, 1523437165328.2429
15.435095, 12.527462, 7.747089, 1523437165411.2749
15.409783, 12.560582, 7.756421, 1523437165493.8921
15.38462, 12.594509, 7.750076, 1523437165576.4634
15.37632, 12.64891, 7.741453, 1523437165659.7720
15.384409, 12.696089, 7.751186, 1523437165743.9102
15.384795, 12.7317, 7.763347, 1523437165828.4167
15.381924, 12.74831, 7.769502, 1523437165913.0615
15.377102, 12.754184, 7.773504, 1523437165997.5681
15.359264, 12.767087, 7.768472, 1523437166081.7520
15.342948, 12.77889, 7.759297, 1523437166165.6138
15.325289, 12.778935, 7.763377, 1523437166249.1064
15.304009, 12.77032, 7.762593, 1523437166332.2307
15.27926, 12.766603, 7.756633, 1523437166414.9863
15.254362, 12.756598, 7.757926, 1523437166497.5115
15.226162, 12.737627, 7.760571, 1523437166579.7607
15.205518, 12.702079, 7.759288, 1523437166661.8247
15.18749, 12.675225, 7.75763, 1523437166743.9348
15.173088, 12.655682, 7.755647, 1523437166826.1836
15.16123, 12.632295, 7.75452, 1523437166908.6169
15.15473, 12.606927, 7.75889, 1523437166991.0959
15.149023, 12.583999, 7.761943, 1523437167073.6670
15.143749, 12.579451, 7.762549, 1523437167156.3311
15.148815, 12.567966, 7.766358, 1523437167239.1787
15.152634, 12.571291, 7.763885, 1523437167322.2109
15.15867, 12.572911, 7.769267, 1523437167405.3352
15.149406, 12.589847, 7.761957, 1523437167488.8740
15.140474, 12.587159, 7.758272, 1523437167572.7817
15.143847, 12.584843, 7.75884, 1523437167656.9656
15.161521, 12.57206, 7.758683, 1523437167741.1494
15.170457, 12.580076, 7.761077, 1523437167825.4714
15.191337, 12.588814, 7.755764, 1523437167909.7014
15.231716, 12.589426, 7.760272, 1523437167993.8398
15.277452, 12.588908, 7.764182, 1523437168077.7935
15.304744, 12.608494, 7.760524, 1523437168161.7471
15.346879, 12.584937, 7.772155, 1523437168245.6548
15.386465, 12.590387, 7.76663, 1523437168329.1936
15.431507, 12.586644, 7.746328, 1523437168412.4102
15.45667, 12.59282, 7.751748, 1523437168495.3501
15.482707, 12.606549, 7.7459, 1523437168578.1055
15.504965, 12.621959, 7.751155, 1523437168660.7686
15.514929, 12.637935, 7.759377, 1523437168743.4785
15.523711, 12.638611, 7.748505, 1523437168826.3264
15.522767, 12.632756, 7.757874, 1523437168909.3582
15.514914, 12.637504, 7.765795, 1523437168992.3901
15.517074, 12.636668, 7.770286, 1523437169075.5608
15.517193, 12.644146, 7.761313, 1523437169158.9155
15.521086, 12.642677, 7.762566, 1523437169242.3162
15.52516, 12.648882, 7.749383, 1523437169325.8091
15.531812, 12.673382, 7.750849, 1523437169409.2561
15.518191, 12.697244, 7.753622, 1523437169492.6565
15.50588, 12.712514, 7.751021, 1523437169576.3337
15.482182, 12.729055, 7.757802, 1523437169660.2874
15.455672, 12.741019, 7.762095, 1523437169744.3794
15.429637, 12.757231, 7.763735, 1523437169828.5635
15.405505, 12.775119, 7.767752, 1523437169912.7473
15.377594, 12.781096, 7.765695, 1523437169996.7468
15.347314, 12.790127, 7.760547, 1523437170080.3777
15.32093, 12.794386, 7.762653, 1523437170163.5024
15.292101, 12.79791, 7.763979, 1523437170246.3499
15.277008, 12.786965, 7.772988, 1523437170328.9214
15.265581, 12.789307, 7.768755, 1523437170411.4004
15.264834, 12.793173, 7.77239, 1523437170493.9717
15.2731, 12.788769, 7.775882, 1523437170576.5891
15.280874, 12.787209, 7.782938, 1523437170659.4368
15.294679, 12.787783, 7.778622, 1523437170742.6992
15.30709, 12.804654, 7.778079, 1523437170826.2383
15.308712, 12.824553, 7.766466, 1523437170909.7773
15.303733, 12.861027, 7.756262, 1523437170993.5002
15.298898, 12.895103, 7.750947, 1523437171077.5459
15.286581, 12.914504, 7.749102, 1523437171161.5918
15.259592, 12.926186, 7.745302, 1523437171245.5454
15.235503, 12.938405, 7.748003, 1523437171329.4529
15.205278, 12.944017, 7.747905, 1523437171413.3145
15.179268, 12.943748, 7.744676, 1523437171496.8530
15.147469, 12.945887, 7.734594, 1523437171580.3918
15.123619, 12.959373, 7.727885, 1523437171664.0693
15.105959, 12.979541, 7.731539, 1523437171747.7004
15.080678, 12.989212, 7.738834, 1523437171830.8708
15.042682, 13.018939, 7.725587, 1523437171913.7188
15.007454, 13.058736, 7.715142, 1523437171996.5200
14.987315, 13.087937, 7.724946, 1523437172079.0452
14.955693, 13.125746, 7.733207, 1523437172161.2939
14.927107, 13.166787, 7.728739, 1523437172243.3586
14.894914, 13.200639, 7.729674, 1523437172325.6536
14.863652, 13.242487, 7.727901, 1523437172408.3167
14.822689, 13.274483, 7.715974, 1523437172491.1187
14.78089, 13.304323, 7.698338, 1523437172574.1506
14.743545, 13.33662, 7.664158, 1523437172657.5049
14.707678, 13.361408, 7.623694, 1523437172741.0439
14.658003, 13.37831, 7.580935, 1523437172824.2603
14.574567, 13.391894, 7.530115, 1523437172906.7393
14.49516, 13.41592, 7.484499, 1523437172989.0342
14.443739, 13.452978, 7.465408, 1523437173071.6057
14.416504, 13.476931, 7.448256, 1523437173154.4070
14.395942, 13.494294, 7.419959, 1523437173237.2087
14.38161, 13.507329, 7.395756, 1523437173320.0564
14.356133, 13.554078, 7.373609, 1523437173403.5034
14.316045, 13.604661, 7.358137, 1523437173487.4111
14.250394, 13.628218, 7.350302, 1523437173571.3645
14.200741, 13.645645, 7.334153, 1523437173655.2256
14.153253, 13.67197, 7.293869, 1523437173739.2715
14.112486, 13.701555, 7.257778, 1523437173823.2708
14.050758, 13.713959, 7.223435, 1523437173906.7637
13.967754, 13.733886, 7.174932, 1523437173989.6577
13.904476, 13.759053, 7.155623, 1523437174072.5054
13.853211, 13.799055, 7.14918, 1523437174155.3528
13.817456, 13.826333, 7.123404, 1523437174238.1545
13.778967, 13.85823, 7.087629, 1523437174321.0024
13.744261, 13.887731, 7.061687, 1523437174404.1726
13.695317, 13.923688, 7.047051, 1523437174487.4814
13.632931, 13.970869, 7.043622, 1523437174571.1123
13.565294, 13.994278, 7.046772, 1523437174654.7432
13.486911, 14.014774, 7.036252, 1523437174738.2822
13.418284, 14.033518, 7.020084, 1523437174821.6829
13.355644, 14.048073, 7.020745, 1523437174904.9912
13.293673, 14.051207, 7.041786, 1523437174988.2542
13.235362, 14.055188, 7.041144, 1523437175071.5623
13.170102, 14.074062, 7.028195, 1523437175154.8711
13.112907, 14.091809, 7.030456, 1523437175237.8572
13.049063, 14.101606, 7.028049, 1523437175320.3362
13.002277, 14.113049, 7.023505, 1523437175402.6772
12.967751, 14.142344, 7.031581, 1523437175485.2480
12.942589, 14.167584, 7.047587, 1523437175568.0498
12.904444, 14.184306, 7.037795, 1523437175650.8513
12.846997, 14.196415, 7.026661, 1523437175734.0671
12.801587, 14.212587, 7.019795, 1523437175817.7444
12.759383, 14.222397, 7.017454, 1523437175901.8362
12.71829, 14.224784, 6.99534, 1523437175986.0664
12.663422, 14.229032, 6.963832, 1523437176070.4343
12.616016, 14.22817, 6.916281, 1523437176154.6646
12.56502, 14.210617, 6.874455, 1523437176238.5261
12.503693, 14.187422, 6.84957, 1523437176321.8809
12.442528, 14.14941, 6.840281, 1523437176404.7747
12.382607, 14.154153, 6.818014, 1523437176487.6226
12.336252, 14.149338, 6.802776, 1523437176570.2861
12.293719, 14.145905, 6.764227, 1523437176652.9031
12.253654, 14.143911, 6.721724, 1523437176735.5664
12.215684, 14.140535, 6.670157, 1523437176818.2761
12.16915, 14.156622, 6.644476, 1523437176901.4001
12.12395, 14.16731, 6.643716, 1523437176984.9392
12.095252, 14.155615, 6.645401, 1523437177068.6162
12.055929, 14.156659, 6.633533, 1523437177152.4314
12.022757, 14.141634, 6.596293, 1523437177236.3391
11.966037, 14.126081, 6.541466, 1523437177320.0164
11.904193, 14.093105, 6.503777, 1523437177403.1868
11.832548, 14.054977, 6.476297, 1523437177485.9419
11.772352, 14.041087, 6.478191, 1523437177568.7437
11.722982, 14.037463, 6.476179, 1523437177651.7295
11.663594, 14.033779, 6.449338, 1523437177734.6692
11.609468, 14.044114, 6.406095, 1523437177817.7012
11.570244, 14.058829, 6.363696, 1523437177900.9639
11.522612, 14.079144, 6.319591, 1523437177984.4561
11.463189, 14.101245, 6.292525, 1523437178068.3635
11.41433, 14.106256, 6.292344, 1523437178152.4089
11.375233, 14.084203, 6.303088, 1523437178236.0864
11.337814, 14.05956, 6.290171, 1523437178319.6255
11.289295, 14.055033, 6.261886, 1523437178403.3027
11.238863, 14.049878, 6.209986, 1523437178487.1641
11.186618, 14.028906, 6.152786, 1523437178570.7947
11.124445, 13.986329, 6.121717, 1523437178653.9189
11.041549, 13.948093, 6.097499, 1523437178736.6282
10.959893, 13.934892, 6.089568, 1523437178819.3838
10.906748, 13.922194, 6.076972, 1523437178901.9548
10.853564, 13.898242, 6.041852, 1523437178984.2957
10.808634, 13.892178, 5.998258, 1523437179066.9126
10.767855, 13.901744, 5.952147, 1523437179150.0371
10.71605, 13.912621, 5.928928, 1523437179233.5759
10.660546, 13.927681, 5.913878, 1523437179317.6213
10.622786, 13.915294, 5.923268, 1523437179401.6211
10.589069, 13.899394, 5.910825, 1523437179485.6206
10.546787, 13.899966, 5.877364, 1523437179569.7583
10.503302, 13.899073, 5.832303, 1523437179653.8501
10.450967, 13.870621, 5.790629, 1523437179737.3428
10.378694, 13.838683, 5.749253, 1523437179820.3745
10.314412, 13.822089, 5.733107, 1523437179903.2681
10.265233, 13.821429, 5.739597, 1523437179986.1619
10.227239, 13.811071, 5.721349, 1523437180068.9639
10.183014, 13.797938, 5.685338, 1523437180151.5354
10.145176, 13.794646, 5.647832, 1523437180234.1985
10.111384, 13.792474, 5.614598, 1523437180316.9080
10.059422, 13.787962, 5.585214, 1523437180399.8477
9.994791, 13.790981, 5.573742, 1523437180483.1104
9.936562, 13.766303, 5.564592, 1523437180566.5112
9.880572, 13.744288, 5.55372, 1523437180649.9575
9.816633, 13.715627, 5.520493, 1523437180733.5425
9.757666, 13.688653, 5.48872, 1523437180817.2197
9.70241, 13.655379, 5.447594, 1523437180900.5742
9.64835, 13.609829, 5.432549, 1523437180983.6060
9.561679, 13.574038, 5.40665, 1523437181066.5918
9.474361, 13.537134, 5.407103, 1523437181149.5769
9.387641, 13.495499, 5.396938, 1523437181232.3323
9.320874, 13.429133, 5.386121, 1523437181314.5811
9.25749, 13.37668, 5.37025, 1523437181396.7373
9.192319, 13.321557, 5.392238, 1523437181479.2617
9.131507, 13.280649, 5.399501, 1523437181561.9712
9.07321, 13.224958, 5.404049, 1523437181644.8647
9.036844, 13.158309, 5.406194, 1523437181728.1270
9.002281, 13.100619, 5.40949, 1523437181811.8501
8.974373, 13.043036, 5.404118, 1523437181895.8037
8.947793, 12.975119, 5.381718, 1523437181979.8489
8.918221, 12.900429, 5.372194, 1523437182064.0791
8.905599, 12.818682, 5.394473, 1523437182148.4934
8.879617, 12.737468, 5.380584, 1523437182232.7693
8.859232, 12.660998, 5.377849, 1523437182316.7231
8.84795, 12.586528, 5.373612, 1523437182400.0779
8.84308, 12.528246, 5.371596, 1523437182483.1096
8.832574, 12.478244, 5.353763, 1523437182566.0493
8.81892, 12.440888, 5.32098, 1523437182649.0813
8.799323, 12.411933, 5.287724, 1523437182732.3435
8.774888, 12.382058, 5.253493, 1523437182815.8364
8.748924, 12.357051, 5.22773, 1523437182899.3293
8.721041, 12.318975, 5.212606, 1523437182983.0059
8.703586, 12.264816, 5.209015, 1523437183066.7290
8.698792, 12.209458, 5.198864, 1523437183150.4978
8.69483, 12.16139, 5.174908, 1523437183234.3130
8.68155, 12.107673, 5.128101, 1523437183318.1282
8.678506, 12.050709, 5.071569, 1523437183401.7134
8.69425, 11.989964, 5.031405, 1523437183484.9294
8.727781, 11.928718, 5.015356, 1523437183567.6389
8.746363, 11.870849, 5.007144, 1523437183650.2102
8.740129, 11.822499, 5.006342, 1523437183732.8271
8.742328, 11.784163, 4.988325, 1523437183815.3521
8.733703, 11.75099, 4.952795, 1523437183897.8311
8.711694, 11.721382, 4.918261, 1523437183980.5405
8.685131, 11.677588, 4.876436, 1523437184063.7102
8.649603, 11.623727, 4.847666, 1523437184147.2493
8.608171, 11.56854, 4.831674, 1523437184231.2490
8.589511, 11.517851, 4.839917, 1523437184315.2024
8.586835, 11.469469, 4.834531, 1523437184399.0176
8.56959, 11.417967, 4.802058, 1523437184482.7866
8.562087, 11.366894, 4.756253, 1523437184566.4175
8.57955, 11.321454, 4.706077, 1523437184649.6799
8.598346, 11.274291, 4.677627, 1523437184732.5271
8.632329, 11.217946, 4.657217, 1523437184815.1443
8.642961, 11.164234, 4.653479, 1523437184897.8997
8.633714, 11.123222, 4.653408, 1523437184980.7935
8.628796, 11.078468, 4.638778, 1523437185063.5947
8.625273, 11.031431, 4.596357, 1523437185146.2117
8.607499, 10.98562, 4.547346, 1523437185229.1052
8.583203, 10.945647, 4.504315, 1523437185312.3213
8.572755, 10.895869, 4.47367, 1523437185395.6299
8.54442, 10.834044, 4.469086, 1523437185479.3525
8.528873, 10.781673, 4.47299, 1523437185563.2139
8.520652, 10.732673, 4.470116, 1523437185647.0752
8.511158, 10.678381, 4.445655, 1523437185730.9363
8.496669, 10.620551, 4.399251, 1523437185814.7053
8.496511, 10.561067, 4.348354, 1523437185898.1521
8.510049, 10.503405, 4.30106, 1523437185981.1836
8.530814, 10.445678, 4.278507, 1523437186063.9851
8.542885, 10.389661, 4.27478, 1523437186146.7864
8.527314, 10.342599, 4.275607, 1523437186229.8184
8.522953, 10.294319, 4.264279, 1523437186312.5273
8.532889, 10.247263, 4.228307, 1523437186394.6836
8.535046, 10.18814, 4.16855, 1523437186476.7937
8.517092, 10.144737, 4.128093, 1523437186559.5029
8.488008, 10.103626, 4.108537, 1523437186642.9492
8.464497, 10.048656, 4.099439, 1523437186726.7183
8.462651, 9.985199, 4.094556, 1523437186810.4409
8.462282, 9.924971, 4.082664, 1523437186894.2563
8.451106, 9.875651, 4.054502, 1523437186978.1174
8.438618, 9.821717, 3.999699, 1523437187061.9326
8.444143, 9.761141, 3.951516, 1523437187145.5173
8.46164, 9.702934, 3.915665, 1523437187228.8257
8.473273, 9.643531, 3.900234, 1523437187311.7651
8.46875, 9.599156, 3.902039, 1523437187394.6584
8.458967, 9.551972, 3.888396, 1523437187477.4141
8.458503, 9.502172, 3.855355, 1523437187559.9854
8.455336, 9.447816, 3.810817, 1523437187642.6946
8.435267, 9.398355, 3.761951, 1523437187725.9106
8.410418, 9.341702, 3.725787, 1523437187809.6338
8.367713, 9.278071, 3.705818, 1523437187893.5872
8.349883, 9.207043, 3.699097, 1523437187977.3098
8.341865, 9.142432, 3.690222, 1523437188060.8025
8.324732, 9.097216, 3.672318, 1523437188144.2949
8.315946, 9.051052, 3.636788, 1523437188227.6953
8.320214, 9.003881, 3.593453, 1523437188310.8652
8.3458, 8.943405, 3.545573, 1523437188393.7124
8.372418, 8.872806, 3.511869, 1523437188476.2834
8.389606, 8.806603, 3.49824, 1523437188558.7161
8.38273, 8.756001, 3.492864, 1523437188641.4717
8.376167, 8.710793, 3.473591, 1523437188724.1807
8.38303, 8.67307, 3.434024, 1523437188806.6597
8.377686, 8.640046, 3.386994, 1523437188889.2769
8.345322, 8.595721, 3.359605, 1523437188972.4927
8.304049, 8.540616, 3.334246, 1523437189056.4458
8.288416, 8.475855, 3.32797, 1523437189140.3992
8.298079, 8.420065, 3.329498, 1523437189224.2139
8.301368, 8.367297, 3.309569, 1523437189307.9832
8.294454, 8.32218, 3.27998, 1523437189391.9360
8.293209, 8.274913, 3.234875, 1523437189475.7971
8.313008, 8.221182, 3.184368, 1523437189559.3821
8.32741, 8.156656, 3.158818, 1523437189642.6899
8.33414, 8.086667, 3.139998, 1523437189725.6299
8.329452, 8.017669, 3.136263, 1523437189808.4312
8.333826, 7.971974, 3.116597, 1523437189890.8176
8.351643, 7.923317, 3.08646, 1523437189973.0195
8.355868, 7.88868, 3.038707, 1523437190055.4526
8.352353, 7.854591, 3.006684, 1523437190138.4846
8.350553, 7.823344, 2.992115, 1523437190221.9309
8.352559, 7.774489, 2.973951, 1523437190305.5618
8.358399, 7.710297, 2.970988, 1523437190389.2847
8.37799, 7.656605, 2.953221, 1523437190473.1914
8.381154, 7.608878, 2.933667, 1523437190557.4214
8.380012, 7.559927, 2.892869, 1523437190641.6975
8.389318, 7.498648, 2.831618, 1523437190725.6506
8.40895, 7.427996, 2.780749, 1523437190809.1433
8.432617, 7.356756, 2.752837, 1523437190892.0825
8.451362, 7.304751, 2.751917, 1523437190974.8840
8.441062, 7.257586, 2.745873, 1523437191057.7776
8.426492, 7.203545, 2.724563, 1523437191140.6252
8.439441, 7.16015, 2.68583, 1523437191223.2883
8.438969, 7.110656, 2.640927, 1523437191305.9517
8.418036, 7.063005, 2.609486, 1523437191388.9373
8.390157, 6.998449, 2.582374, 1523437191472.5217
8.379102, 6.927391, 2.574299, 1523437191556.4292
8.389247, 6.869403, 2.567465, 1523437191640.2903
8.397196, 6.822625, 2.554903, 1523437191724.1978
8.384472, 6.760375, 2.50343, 1523437191808.1973
8.388218, 6.692655, 2.445244, 1523437191891.8740
8.408575, 6.617761, 2.401851, 1523437191974.8137
8.442462, 6.536586, 2.374292, 1523437192057.2007
8.443645, 6.477193, 2.375814, 1523437192139.7715
8.435907, 6.419586, 2.368931, 1523437192222.3425
8.434525, 6.366305, 2.347424, 1523437192304.9138
8.427421, 6.321491, 2.316673, 1523437192387.5769
8.412365, 6.274786, 2.27364, 1523437192470.4243
8.392128, 6.223155, 2.253931, 1523437192553.4561
8.372852, 6.149134, 2.245153, 1523437192636.9026
8.359759, 6.056671, 2.246548, 1523437192720.5337
8.355201, 5.969632, 2.241004, 1523437192804.1187
8.355709, 5.894424, 2.238024, 1523437192887.6113
8.359364, 5.822311, 2.219588, 1523437192971.0579
8.363523, 5.758601, 2.23167, 1523437193054.7808
8.363217, 5.696341, 2.228626, 1523437193138.7803
8.355646, 5.631009, 2.228028, 1523437193222.6416
8.372771, 5.566823, 2.22821, 1523437193305.8118
8.389939, 5.501225, 2.213548, 1523437193388.2908
8.388633, 5.430864, 2.190765, 1523437193470.7236
8.381796, 5.355023, 2.150421, 1523437193553.3867
8.372354, 5.27707, 2.108409, 1523437193636.2805
8.357414, 5.205901, 2.066223, 1523437193719.5427
8.356065, 5.130794, 2.05711, 1523437193802.7129
8.359509, 5.025956, 2.042679, 1523437193885.9751
8.365514, 4.909466, 2.043769, 1523437193969.3760
8.363578, 4.807662, 2.048457, 1523437194053.1450
8.371264, 4.705498, 2.037641, 1523437194136.7759
8.393551, 4.602563, 2.02452, 1523437194220.0842
8.413212, 4.507541, 2.025876, 1523437194303.4844
8.401423, 4.414389, 2.027665, 1523437194387.4377
8.382733, 4.330796, 2.040363, 1523437194471.5295
8.382668, 4.250831, 2.04126, 1523437194555.0220
8.402217, 4.168903, 2.037392, 1523437194637.9617
8.407914, 4.084281, 2.025253, 1523437194720.9014
8.387793, 4.007098, 2.023304, 1523437194804.1179
8.363749, 3.925587, 2.046297, 1523437194887.4724
8.349572, 3.844205, 2.050941, 1523437194970.5967
8.365829, 3.762676, 2.059797, 1523437195053.7205
8.360023, 3.689122, 2.069208, 1523437195137.2131
8.346723, 3.612441, 2.061778, 1523437195220.8440
8.33621, 3.536268, 2.051374, 1523437195304.3826
8.330515, 3.451352, 2.038493, 1523437195387.8752
8.324675, 3.375393, 2.051121, 1523437195471.4600
8.322546, 3.284721, 2.056568, 1523437195554.9526
8.292218, 3.202516, 2.049102, 1523437195638.9062
8.251157, 3.130798, 2.050801, 1523437195723.0439
8.202807, 3.061212, 2.041313, 1523437195806.9050
8.170089, 3.000016, 2.034311, 1523437195890.3518
8.114449, 2.953717, 2.02476, 1523437195973.3833
8.050428, 2.913349, 2.022349, 1523437196056.2310
7.985607, 2.880275, 2.036565, 1523437196138.8943
7.927803, 2.845319, 2.028899, 1523437196221.3730
7.882677, 2.812511, 2.043044, 1523437196303.8977
7.82907, 2.793506, 2.046237, 1523437196386.8376
7.760652, 2.762395, 2.036925, 1523437196470.0994
7.69173, 2.70652, 2.010441, 1523437196553.2236
7.626236, 2.651238, 2.008499, 1523437196636.1172
7.570051, 2.603058, 2.010484, 1523437196718.8269
7.515157, 2.551688, 2.027416, 1523437196801.5823
7.442987, 2.528263, 2.031041, 1523437196884.7986
7.365392, 2.514166, 2.03387, 1523437196968.2910
7.294886, 2.485437, 2.039889, 1523437197051.5991
7.224549, 2.462014, 2.024174, 1523437197134.5845
7.144545, 2.446305, 2.031819, 1523437197217.3862
7.057829, 2.446207, 2.007499, 1523437197299.9570
6.994986, 2.449327, 2.026509, 1523437197382.3896
6.914879, 2.449553, 2.039198, 1523437197464.6841
6.839637, 2.449704, 2.042263, 1523437197547.0249
6.771271, 2.443704, 2.055582, 1523437197629.7800
6.707295, 2.428236, 2.056235, 1523437197713.0425
6.635141, 2.410078, 2.050295, 1523437197796.3970
6.565155, 2.383903, 2.031662, 1523437197879.8894
6.488097, 2.372705, 2.024957, 1523437197963.5667
6.421996, 2.353223, 2.042366, 1523437198047.5200
6.347172, 2.318993, 2.053411, 1523437198131.6113
6.271167, 2.318447, 2.04427, 1523437198215.8870
6.200907, 2.307071, 2.046044, 1523437198299.8401
6.120432, 2.301087, 2.049012, 1523437198383.3787
6.050905, 2.312752, 2.039311, 1523437198466.9631
5.977282, 2.340686, 2.028465, 1523437198550.8701
5.90178, 2.37565, 2.017685, 1523437198634.8694
5.832791, 2.404056, 2.038269, 1523437198718.5000
5.769487, 2.422848, 2.06115, 1523437198801.6235
5.703733, 2.431548, 2.05521, 1523437198884.4250
5.64446, 2.438701, 2.068125, 1523437198967.2263
5.58088, 2.448754, 2.078405, 1523437199050.0737
5.520132, 2.445469, 2.058619, 1523437199132.8293
5.455468, 2.446234, 2.050167, 1523437199215.8149
5.401918, 2.451526, 2.053293, 1523437199299.1233
5.348538, 2.445572, 2.06164, 1523437199382.5698
5.282879, 2.431917, 2.064406, 1523437199466.0623
5.235625, 2.460264, 2.061375, 1523437199549.9231
5.18947, 2.494822, 2.05846, 1523437199633.6921
5.150989, 2.514697, 2.054082, 1523437199716.9541
5.114877, 2.522115, 2.055666, 1523437199799.8477
5.088001, 2.528656, 2.060467, 1523437199882.4641
5.074148, 2.535973, 2.067089, 1523437199964.8967
5.064458, 2.541165, 2.071692, 1523437200047.1912
5.056735, 2.548844, 2.069003, 1523437200129.5779
5.057724, 2.552134, 2.074901, 1523437200212.1487
5.056215, 2.549192, 2.071967, 1523437200294.8118
5.05443, 2.551327, 2.070184, 1523437200377.7051
5.050776, 2.551368, 2.068192, 1523437200460.8750
5.039838, 2.544734, 2.071817, 1523437200544.2754
5.039852, 2.55128, 2.07329, 1523437200627.7678
5.040658, 2.550225, 2.068135, 1523437200711.2144
5.056174, 2.537796, 2.071462, 1523437200794.4766
5.062431, 2.534102, 2.07261, 1523437200877.6926
5.072497, 2.530523, 2.074631, 1523437200961.1853
5.076725, 2.526995, 2.078826, 1523437201045.0005
5.082316, 2.518906, 2.079963, 1523437201129.0000
5.085301, 2.515045, 2.076369, 1523437201212.8613
5.089541, 2.511883, 2.083502, 1523437201296.6763
5.103738, 2.51268, 2.074439, 1523437201380.3530
5.111221, 2.503295, 2.089359, 1523437201463.8457
5.111301, 2.507013, 2.08049, 1523437201547.2000
5.113733, 2.509775, 2.073971, 1523437201630.3696
5.112944, 2.510858, 2.076205, 1523437201713.4939
5.105479, 2.518416, 2.077936, 1523437201796.4792
5.102122, 2.514841, 2.072852, 1523437201879.3728
5.105969, 2.518299, 2.071418, 1523437201962.3123
5.10476, 2.516557, 2.07385, 1523437202045.2979
5.108516, 2.513766, 2.075957, 1523437202128.4221
5.105928, 2.508515, 2.075729, 1523437202211.7305
5.107371, 2.504656, 2.073853, 1523437202295.1306
5.109963, 2.502258, 2.079823, 1523437202378.5771
5.108249, 2.501143, 2.077168, 1523437202462.1619
5.098957, 2.500252, 2.076823, 1523437202545.7466
5.092535, 2.49775, 2.0763, 1523437202629.3774
5.083661, 2.486815, 2.070606, 1523437202713.1003
5.086482, 2.494627, 2.066953, 1523437202796.6389
5.083948, 2.489501, 2.073004, 1523437202879.8088
5.086485, 2.485051, 2.07653, 1523437202962.8867
5.089864, 2.489304, 2.074916, 1523437203046.0107
5.089545, 2.494575, 2.077555, 1523437203129.0427
5.083373, 2.497393, 2.073886, 1523437203211.9365
5.085922, 2.499733, 2.070892, 1523437203294.8298
5.085474, 2.493394, 2.068693, 1523437203377.8154
5.083776, 2.498982, 2.066178, 1523437203460.9392
5.083334, 2.502362, 2.064984, 1523437203544.1558
5.086287, 2.507607, 2.069619, 1523437203627.5100
5.088769, 2.506105, 2.07409, 1523437203710.7722
5.082578, 2.513942, 2.064775, 1523437203794.0806
5.084952, 2.515868, 2.074231, 1523437203877.3889
5.083319, 2.521329, 2.077087, 1523437203960.6509
5.076252, 2.525426, 2.05806, 1523437204043.8210
5.071746, 2.525578, 2.056746, 1523437204127.0828
5.067185, 2.527099, 2.06218, 1523437204210.3914
5.064073, 2.529248, 2.06334, 1523437204293.6997
5.064452, 2.52448, 2.069501, 1523437204377.0540
5.065301, 2.528248, 2.068285, 1523437204460.5461
5.072581, 2.528047, 2.068323, 1523437204544.2231
5.07754, 2.525432, 2.07062, 1523437204627.8076
5.080509, 2.527408, 2.07258, 1523437204711.2539
5.081018, 2.522346, 2.070434, 1523437204794.5164
5.09108, 2.522563, 2.066392, 1523437204877.6401
5.08785, 2.525983, 2.074878, 1523437204960.7178
5.08636, 2.519515, 2.073764, 1523437205043.7957
