1523453555456.0000
9.772425, 2.549269, 1.874423, 1523453555456.0000
9.774217, 2.549949, 1.871853, 1523453555539.4026
9.768727, 2.550613, 1.868718, 1523453555622.8975
9.769404, 2.552507, 1.86319, 1523453555706.3467
9.768099, 2.552681, 1.865611, 1523453555789.7036
9.768255, 2.551809, 1.859821, 1523453555873.0142
9.77057, 2.551158, 1.866095, 1523453555956.2329
9.768942, 2.547899, 1.871583, 1523453556039.4055
9.766969, 2.547576, 1.86505, 1523453556122.5776
9.769327, 2.544651, 1.867349, 1523453556205.7041
9.7718, 2.541554, 1.863925, 1523453556288.7847
9.772745, 2.544389, 1.861153, 1523453556371.9570
9.761573, 2.535367, 1.870962, 1523453556455.2222
9.764773, 2.534298, 1.868614, 1523453556538.6250
9.774614, 2.53067, 1.875586, 1523453556622.1663
9.77885, 2.526019, 1.869435, 1523453556705.6611
9.776528, 2.525644, 1.866458, 1523453556789.0178
9.777996, 2.525424, 1.866935, 1523453556872.2825
9.778366, 2.517979, 1.875517, 1523453556955.5007
9.781032, 2.514858, 1.867813, 1523453557038.7192
9.779677, 2.516748, 1.864829, 1523453557121.9380
9.776665, 2.512645, 1.869094, 1523453557205.1104
9.773947, 2.507184, 1.864368, 1523453557288.3289
9.769916, 2.501642, 1.868047, 1523453557371.4553
9.769555, 2.49729, 1.868642, 1523453557454.5354
9.768222, 2.490926, 1.868396, 1523453557537.6616
9.764077, 2.484011, 1.863699, 1523453557620.8342
9.764195, 2.479484, 1.869321, 1523453557704.1450
9.760027, 2.473547, 1.872922, 1523453557787.5020
9.757487, 2.470841, 1.882393, 1523453557870.8589
9.759052, 2.47004, 1.883261, 1523453557954.1238
9.748583, 2.465011, 1.873617, 1523453558037.3418
9.737967, 2.462671, 1.865711, 1523453558120.4683
9.73281, 2.453325, 1.869943, 1523453558203.6868
9.723199, 2.441731, 1.879561, 1523453558287.0430
9.711274, 2.432053, 1.872289, 1523453558370.4453
9.701249, 2.425073, 1.881858, 1523453558453.8481
9.688387, 2.413866, 1.887089, 1523453558537.1587
9.675082, 2.410661, 1.887892, 1523453558620.4233
9.660194, 2.40354, 1.889385, 1523453558703.7798
9.644835, 2.397653, 1.895895, 1523453558787.1367
9.637169, 2.401644, 1.89002, 1523453558870.4009
9.621069, 2.411658, 1.88607, 1523453558953.7114
9.600437, 2.430547, 1.872972, 1523453559037.0217
9.578764, 2.451637, 1.869908, 1523453559120.3782
9.551982, 2.477505, 1.855393, 1523453559203.5967
9.526814, 2.513389, 1.856296, 1523453559286.6768
9.500534, 2.552221, 1.854005, 1523453559369.5723
9.475289, 2.58493, 1.868918, 1523453559452.4680
9.44514, 2.61859, 1.863367, 1523453559535.4558
9.41525, 2.653672, 1.866389, 1523453559618.6746
9.392607, 2.680981, 1.874419, 1523453559702.3076
9.364047, 2.704026, 1.874622, 1523453559786.3091
9.335617, 2.726285, 1.863896, 1523453559870.5410
9.295601, 2.748803, 1.851909, 1523453559954.6812
9.24787, 2.767803, 1.853893, 1523453560038.6829
9.20403, 2.78702, 1.836434, 1523453560122.6384
9.159702, 2.796556, 1.879496, 1523453560206.6404
9.120576, 2.805189, 1.88534, 1523453560290.4575
9.074903, 2.83093, 1.88616, 1523453560373.9060
9.034323, 2.868719, 1.885141, 1523453560456.9858
9.009393, 2.921763, 1.877718, 1523453560539.6973
8.97552, 2.979254, 1.865826, 1523453560622.2241
8.961823, 3.049355, 1.855095, 1523453560704.6130
8.948553, 3.113212, 1.866337, 1523453560786.9099
8.933095, 3.182375, 1.86732, 1523453560869.1143
8.935257, 3.265059, 1.872487, 1523453560951.1807
8.919325, 3.327938, 1.872956, 1523453561033.2930
8.901591, 3.402867, 1.866001, 1523453561115.7739
8.882024, 3.476211, 1.859257, 1523453561198.7156
8.870218, 3.543026, 1.855211, 1523453561282.0723
8.832151, 3.607845, 1.862652, 1523453561365.7974
8.80235, 3.669587, 1.864751, 1523453561449.7068
8.773874, 3.733042, 1.874594, 1523453561533.8467
8.758282, 3.801571, 1.873135, 1523453561617.9399
8.745284, 3.868903, 1.874753, 1523453561701.7573
8.734202, 3.941101, 1.865757, 1523453561785.2520
8.730532, 4.031235, 1.870176, 1523453561868.3784
8.73359, 4.119497, 1.864293, 1523453561951.2278
8.743602, 4.209668, 1.866081, 1523453562033.9849
8.754175, 4.295019, 1.884928, 1523453562116.6504
8.752264, 4.375468, 1.876058, 1523453562199.2693
8.751855, 4.462282, 1.885212, 1523453562281.9807
8.744021, 4.552355, 1.884408, 1523453562364.7844
8.733908, 4.645719, 1.864631, 1523453562447.8645
8.723315, 4.726634, 1.853315, 1523453562531.3591
8.696262, 4.809841, 1.866393, 1523453562615.3149
8.67667, 4.888152, 1.884908, 1523453562699.5007
8.66355, 4.966268, 1.897351, 1523453562783.7327
8.662091, 5.033495, 1.892366, 1523453562867.7805
8.653689, 5.107449, 1.895644, 1523453562951.5977
8.658513, 5.194709, 1.90523, 1523453563035.1384
8.664272, 5.274793, 1.914738, 1523453563118.4031
8.678407, 5.348727, 1.934672, 1523453563201.5293
8.6849, 5.419076, 1.961517, 1523453563284.5176
8.687683, 5.490503, 1.994156, 1523453563367.3674
8.689133, 5.562686, 2.027831, 1523453563450.0786
8.692401, 5.624636, 2.056338, 1523453563532.8359
8.692659, 5.68457, 2.060904, 1523453563615.7317
8.687102, 5.749117, 2.06273, 1523453563698.6733
8.68471, 5.801999, 2.040584, 1523453563781.7529
8.677301, 5.852562, 2.036266, 1523453563864.9255
8.658603, 5.894862, 2.046261, 1523453563948.2817
8.648356, 5.931166, 2.055248, 1523453564031.7764
8.635052, 5.97156, 2.065272, 1523453564115.3171
8.626804, 6.023, 2.06906, 1523453564198.6741
8.622461, 6.06897, 2.061265, 1523453564281.8462
8.625566, 6.122733, 2.075889, 1523453564364.9268
8.621975, 6.177764, 2.080406, 1523453564448.0066
8.624107, 6.233361, 2.090688, 1523453564531.0408
8.627029, 6.291029, 2.103429, 1523453564614.0286
8.640587, 6.331287, 2.126267, 1523453564697.0164
8.645915, 6.380275, 2.157904, 1523453564779.9585
8.659035, 6.42801, 2.191795, 1523453564862.8079
8.666758, 6.477204, 2.225281, 1523453564945.5654
8.675396, 6.517308, 2.239778, 1523453565028.3696
8.689298, 6.575029, 2.240605, 1523453565111.3574
8.693799, 6.620449, 2.249289, 1523453565194.5754
8.691313, 6.676048, 2.258445, 1523453565277.9783
8.682209, 6.739312, 2.250026, 1523453565361.6575
8.670722, 6.793352, 2.29733, 1523453565445.5210
8.66235, 6.834921, 2.342851, 1523453565529.4768
8.651156, 6.865105, 2.391721, 1523453565613.5244
8.644396, 6.888921, 2.423844, 1523453565697.4338
8.642302, 6.925096, 2.426743, 1523453565781.2512
8.641076, 6.957325, 2.431042, 1523453565864.8381
8.644233, 6.999234, 2.431688, 1523453565948.2866
8.64633, 7.051113, 2.438471, 1523453566031.5508
8.66327, 7.101506, 2.46441, 1523453566114.7231
8.675168, 7.154171, 2.493815, 1523453566197.6189
8.691278, 7.197853, 2.536781, 1523453566280.3301
8.710589, 7.228226, 2.566457, 1523453566362.9956
8.719527, 7.249187, 2.591514, 1523453566445.7993
8.728837, 7.280364, 2.588857, 1523453566528.6028
8.721606, 7.315969, 2.601038, 1523453566611.4985
8.707735, 7.350162, 2.605157, 1523453566694.6707
8.693851, 7.381384, 2.598804, 1523453566778.2576
8.679433, 7.420822, 2.613185, 1523453566862.1672
8.658569, 7.467587, 2.642863, 1523453566946.0305
8.640353, 7.515446, 2.697504, 1523453567029.7097
8.621351, 7.559875, 2.760478, 1523453567113.3887
8.599267, 7.592917, 2.797696, 1523453567196.9297
8.589149, 7.625616, 2.808066, 1523453567280.2400
8.58574, 7.66539, 2.818491, 1523453567363.2280
8.59477, 7.723015, 2.817343, 1523453567445.8938
8.606324, 7.783515, 2.822995, 1523453567528.3286
8.626537, 7.857475, 2.839151, 1523453567610.8098
8.658846, 7.923901, 2.863851, 1523453567693.3831
8.68861, 7.979888, 2.895826, 1523453567776.0483
8.717669, 8.024623, 2.928039, 1523453567858.6675
8.734949, 8.062355, 2.974486, 1523453567941.3787
8.747489, 8.108027, 2.980557, 1523453568024.2285
8.760857, 8.168565, 2.978867, 1523453568107.2627
8.773659, 8.224313, 2.98367, 1523453568190.4810
8.779952, 8.295783, 2.988151, 1523453568273.9297
8.776709, 8.362929, 3.015467, 1523453568357.6086
8.766214, 8.42037, 3.060455, 1523453568441.3337
8.756269, 8.458419, 3.100332, 1523453568525.2429
8.747086, 8.481709, 3.143901, 1523453568609.2908
8.731405, 8.496078, 3.172652, 1523453568693.2927
8.724941, 8.518007, 3.180911, 1523453568777.2021
8.711741, 8.543753, 3.200631, 1523453568860.9272
8.707272, 8.581538, 3.204184, 1523453568944.4680
8.705791, 8.631608, 3.21055, 1523453569027.8247
8.70527, 8.683222, 3.238627, 1523453569111.0891
8.71021, 8.727831, 3.278677, 1523453569194.1687
8.715537, 8.769741, 3.313429, 1523453569277.0186
8.716768, 8.803285, 3.337605, 1523453569359.7297
8.719815, 8.839641, 3.366786, 1523453569442.5332
8.732443, 8.894267, 3.368935, 1523453569525.3369
8.732558, 8.9525, 3.370544, 1523453569608.2322
8.733801, 9.016009, 3.372167, 1523453569691.1741
8.724256, 9.078272, 3.390319, 1523453569774.2078
8.723147, 9.134592, 3.424838, 1523453569857.4263
8.712431, 9.176768, 3.472085, 1523453569940.8750
8.70627, 9.21213, 3.517724, 1523453570024.6462
8.699152, 9.233623, 3.549434, 1523453570108.6016
8.695852, 9.253487, 3.555636, 1523453570192.5571
8.691085, 9.291602, 3.568952, 1523453570276.3286
8.694744, 9.336105, 3.578913, 1523453570359.8235
8.697227, 9.380968, 3.602469, 1523453570442.9954
8.706668, 9.437576, 3.633666, 1523453570525.9375
8.715507, 9.487255, 3.672279, 1523453570608.6948
8.728648, 9.532823, 3.695101, 1523453570691.2217
8.735644, 9.575682, 3.722383, 1523453570773.6570
8.744364, 9.61844, 3.735401, 1523453570856.2302
8.748654, 9.669017, 3.742565, 1523453570938.8037
8.751545, 9.72217, 3.741134, 1523453571021.6072
8.754961, 9.783128, 3.742847, 1523453571104.6414
8.748415, 9.841061, 3.761517, 1523453571187.9976
8.735986, 9.895709, 3.812304, 1523453571271.4924
8.72081, 9.938518, 3.860864, 1523453571355.1252
8.706597, 9.970926, 3.9056, 1523453571438.8965
8.698699, 9.999057, 3.931868, 1523453571522.6680
8.688425, 10.03095, 3.947106, 1523453571606.4392
8.682, 10.07359, 3.960504, 1523453571689.9800
8.676946, 10.123995, 3.974136, 1523453571773.1982
8.677507, 10.180879, 3.993257, 1523453571856.1858
8.689175, 10.23129, 4.025178, 1523453571939.1274
8.704508, 10.271115, 4.057316, 1523453572022.0229
8.712318, 10.30098, 4.085055, 1523453572105.0110
8.718164, 10.333246, 4.098682, 1523453572188.0449
8.724956, 10.373455, 4.109232, 1523453572270.9409
8.732374, 10.433273, 4.112387, 1523453572353.7903
8.7335, 10.499323, 4.110309, 1523453572436.7322
8.734931, 10.565541, 4.11772, 1523453572519.7661
8.735451, 10.629889, 4.15486, 1523453572603.0762
8.724524, 10.674835, 4.201223, 1523453572686.6172
8.716039, 10.708466, 4.246507, 1523453572770.5269
8.711295, 10.730962, 4.285046, 1523453572854.6204
8.70263, 10.749766, 4.303994, 1523453572938.8523
8.698605, 10.770146, 4.318852, 1523453573022.9919
8.69684, 10.811167, 4.333249, 1523453573106.7173
8.704534, 10.86331, 4.340816, 1523453573190.0740
8.71448, 10.908887, 4.365048, 1523453573273.1079
8.727193, 10.956275, 4.410753, 1523453573356.0039
8.746947, 10.998939, 4.43848, 1523453573438.6692
8.764214, 11.043903, 4.462373, 1523453573521.1963
8.770811, 11.08725, 4.47881, 1523453573603.7229
8.783493, 11.136621, 4.467326, 1523453573686.2961
8.794995, 11.195207, 4.474282, 1523453573769.0999
8.80225, 11.258051, 4.476423, 1523453573852.1335
8.798931, 11.321579, 4.500861, 1523453573935.4443
8.796229, 11.374492, 4.538832, 1523453574019.1235
8.786712, 11.417524, 4.590676, 1523453574103.2632
8.781695, 11.455399, 4.633554, 1523453574187.5874
8.775942, 11.488969, 4.660165, 1523453574271.8655
8.768703, 11.514501, 4.672762, 1523453574355.9590
8.763888, 11.557158, 4.662544, 1523453574439.7300
8.759799, 11.615089, 4.682884, 1523453574523.1326
8.754187, 11.675704, 4.706788, 1523453574606.3047
8.756379, 11.728794, 4.736491, 1523453574689.4766
8.771666, 11.770798, 4.772775, 1523453574772.5566
8.773414, 11.806429, 4.815134, 1523453574855.4062
8.771324, 11.853526, 4.837419, 1523453574938.0713
8.767296, 11.895086, 4.861371, 1523453575020.7363
8.768006, 11.935385, 4.864073, 1523453575103.5862
8.768639, 11.981107, 4.860514, 1523453575186.7117
8.767342, 12.030159, 4.861236, 1523453575270.1143
8.757485, 12.081899, 4.888611, 1523453575353.7473
8.741675, 12.129965, 4.936887, 1523453575437.4260
8.725118, 12.164705, 4.972965, 1523453575521.1052
8.715111, 12.191208, 4.999338, 1523453575604.7842
8.706711, 12.215109, 5.026541, 1523453575688.3247
8.710229, 12.247499, 5.035364, 1523453575771.6350
8.70773, 12.28969, 5.04354, 1523453575854.6689
8.705425, 12.345558, 5.056711, 1523453575937.5183
8.713177, 12.407126, 5.07135, 1523453576020.2759
8.727073, 12.455555, 5.10113, 1523453576103.1252
8.74463, 12.509657, 5.133747, 1523453576185.9287
8.75831, 12.558435, 5.165864, 1523453576268.5940
8.769866, 12.605706, 5.200173, 1523453576351.2593
8.779058, 12.650166, 5.215445, 1523453576433.9238
8.778613, 12.704673, 5.226011, 1523453576516.6812
8.775803, 12.760616, 5.233057, 1523453576599.4385
8.767339, 12.826075, 5.225514, 1523453576682.1494
8.753465, 12.891809, 5.216157, 1523453576764.9988
8.72914, 12.953042, 5.218435, 1523453576848.2168
8.701238, 13.01756, 5.235122, 1523453576931.7571
8.66228, 13.079126, 5.243062, 1523453577015.5745
8.632956, 13.115558, 5.245816, 1523453577099.8064
8.607605, 13.150476, 5.254193, 1523453577184.1304
8.578785, 13.198652, 5.250444, 1523453577268.3159
8.549539, 13.256139, 5.255239, 1523453577351.9949
8.517626, 13.323984, 5.240211, 1523453577435.2129
8.485729, 13.396948, 5.235532, 1523453577518.1084
8.458886, 13.466315, 5.228689, 1523453577600.8660
8.437779, 13.537102, 5.227842, 1523453577683.6694
8.409066, 13.614573, 5.233938, 1523453577766.3345
8.359312, 13.699665, 5.239028, 1523453577848.8154
8.308617, 13.767172, 5.241773, 1523453577931.3425
8.255251, 13.827857, 5.25175, 1523453578014.0999
8.202307, 13.884934, 5.238488, 1523453578097.2253
8.143622, 13.940245, 5.231092, 1523453578180.5361
8.078245, 13.985587, 5.228834, 1523453578264.0305
8.012498, 14.019996, 5.24196, 1523453578347.7097
7.958865, 14.0517, 5.244402, 1523453578431.7109
7.912601, 14.081938, 5.24059, 1523453578515.8044
7.860777, 14.117228, 5.23944, 1523453578599.6680
7.802897, 14.15371, 5.239307, 1523453578683.2085
7.73441, 14.186419, 5.246566, 1523453578766.2881
7.667635, 14.231477, 5.23939, 1523453578849.1838
7.605845, 14.271816, 5.231218, 1523453578932.0793
7.540636, 14.313835, 5.222082, 1523453579015.1130
7.47852, 14.357551, 5.235557, 1523453579098.1470
7.402889, 14.397135, 5.238014, 1523453579181.0884
7.33673, 14.430561, 5.237254, 1523453579263.8457
7.264843, 14.460094, 5.241654, 1523453579346.7410
7.195338, 14.481839, 5.245245, 1523453579430.0974
7.131952, 14.495429, 5.237392, 1523453579513.8684
7.071783, 14.497056, 5.239981, 1523453579597.8696
7.000891, 14.497205, 5.269897, 1523453579681.8252
6.941962, 14.486465, 5.315815, 1523453579765.6882
6.89094, 14.475479, 5.357907, 1523453579849.5974
6.849468, 14.472449, 5.386259, 1523453579933.5066
6.81, 14.467775, 5.413569, 1523453580017.2312
6.766201, 14.466334, 5.428028, 1523453580100.6335
6.706759, 14.470289, 5.43294, 1523453580183.6675
6.651643, 14.473365, 5.439195, 1523453580266.5166
6.59623, 14.482603, 5.46075, 1523453580349.4124
6.553111, 14.497006, 5.486032, 1523453580432.4458
6.513471, 14.512605, 5.50666, 1523453580515.3872
6.483153, 14.528015, 5.530377, 1523453580598.1904
6.450164, 14.536287, 5.547423, 1523453580680.9016
6.414489, 14.5482, 5.55493, 1523453580763.6128
6.378891, 14.548368, 5.562527, 1523453580846.5081
6.332728, 14.547879, 5.561193, 1523453580929.5876
6.288277, 14.538599, 5.574808, 1523453581012.8977
6.226574, 14.527111, 5.594026, 1523453581096.2539
6.167295, 14.508274, 5.638309, 1523453581179.7024
6.133623, 14.492066, 5.677896, 1523453581263.2888
6.111656, 14.465383, 5.729751, 1523453581347.1516
6.08894, 14.449976, 5.764897, 1523453581431.0149
6.069314, 14.437033, 5.781896, 1523453581514.6477
6.032366, 14.423814, 5.790485, 1523453581597.9116
5.987708, 14.417033, 5.792167, 1523453581680.9453
5.939456, 14.416203, 5.796043, 1523453581763.8867
5.887108, 14.418381, 5.808466, 1523453581846.8740
5.833812, 14.424903, 5.844388, 1523453581929.7695
5.783931, 14.436727, 5.880319, 1523453582012.5269
5.729522, 14.445063, 5.902426, 1523453582094.9153
5.678387, 14.447195, 5.927363, 1523453582177.3499
5.633567, 14.446183, 5.940788, 1523453582259.9690
5.582467, 14.440734, 5.942884, 1523453582342.9565
5.535536, 14.434989, 5.945639, 1523453582426.2205
5.48265, 14.426928, 5.954934, 1523453582509.7610
5.438968, 14.40897, 5.98429, 1523453582593.5317
5.395154, 14.391801, 6.028699, 1523453582677.4868
5.36301, 14.375495, 6.069206, 1523453582761.6265
5.350673, 14.367763, 6.095699, 1523453582845.9038
5.327446, 14.348657, 6.113876, 1523453582930.0896
5.303692, 14.335153, 6.127165, 1523453583013.9521
5.257794, 14.324244, 6.1312, 1523453583097.4004
5.211674, 14.321993, 6.130055, 1523453583180.5723
5.159079, 14.320078, 6.147467, 1523453583263.5134
5.107119, 14.327518, 6.19365, 1523453583346.2705
5.06159, 14.33666, 6.2391, 1523453583428.9812
5.02504, 14.352279, 6.269244, 1523453583511.5081
4.980628, 14.361914, 6.299929, 1523453583594.0808
4.942088, 14.367504, 6.301848, 1523453583676.7915
4.901241, 14.375401, 6.299068, 1523453583759.6870
4.846612, 14.380977, 6.29318, 1523453583842.7205
4.797015, 14.384079, 6.293299, 1523453583926.0303
4.745078, 14.376296, 6.308239, 1523453584009.6167
4.695155, 14.369973, 6.348378, 1523453584093.2493
4.658562, 14.359453, 6.395837, 1523453584177.1582
4.633225, 14.35428, 6.427317, 1523453584261.1594
4.612374, 14.346021, 6.461999, 1523453584345.0222
4.583153, 14.343364, 6.470848, 1523453584428.6089
4.531526, 14.340234, 6.481698, 1523453584511.9187
4.481848, 14.340341, 6.483988, 1523453584594.9521
4.422202, 14.341663, 6.502945, 1523453584677.7551
4.372655, 14.355518, 6.523004, 1523453584760.3738
4.323326, 14.372589, 6.568926, 1523453584842.9465
4.273805, 14.38956, 6.617633, 1523453584925.5649
4.231378, 14.404904, 6.632725, 1523453585008.2300
4.185371, 14.418391, 6.644064, 1523453585091.0332
4.13589, 14.423821, 6.641116, 1523453585173.9285
4.078668, 14.431142, 6.639815, 1523453585256.8232
4.022013, 14.429871, 6.642741, 1523453585339.7646
3.962599, 14.42647, 6.641699, 1523453585422.8445
3.910253, 14.416212, 6.648363, 1523453585506.1548
3.860359, 14.403142, 6.692743, 1523453585589.5566
3.809383, 14.387075, 6.743149, 1523453585673.0969
3.779788, 14.377015, 6.781181, 1523453585756.6836
3.752266, 14.36755, 6.802581, 1523453585840.3621
3.720142, 14.359489, 6.820454, 1523453585924.0408
3.678432, 14.353559, 6.824801, 1523453586007.5811
3.626297, 14.337232, 6.828043, 1523453586090.9373
3.567333, 14.330485, 6.816899, 1523453586174.2471
3.517478, 14.325126, 6.802587, 1523453586257.4185
3.44437, 14.312127, 6.807495, 1523453586340.4980
3.371806, 14.312765, 6.79715, 1523453586423.4851
3.311328, 14.309857, 6.804155, 1523453586506.4727
3.241772, 14.303912, 6.80849, 1523453586589.4138
3.177273, 14.297112, 6.808314, 1523453586672.2629
3.102393, 14.26998, 6.822118, 1523453586755.2964
3.036902, 14.256148, 6.821178, 1523453586838.5139
2.968691, 14.237808, 6.819287, 1523453586921.9619
2.897301, 14.215143, 6.803601, 1523453587005.4558
2.815397, 14.182626, 6.802861, 1523453587088.9963
2.74444, 14.15182, 6.826442, 1523453587172.4902
2.683926, 14.117301, 6.869769, 1523453587255.9382
2.639527, 14.096272, 6.905775, 1523453587339.5703
2.603747, 14.081161, 6.943008, 1523453587423.4331
2.559193, 14.06497, 6.963103, 1523453587507.2498
2.513232, 14.043386, 6.985632, 1523453587590.7896
2.454343, 14.013724, 7.004092, 1523453587673.9612
2.411238, 13.993967, 7.009643, 1523453587756.9485
2.351455, 13.970744, 7.013198, 1523453587839.9355
2.302337, 13.953684, 7.037061, 1523453587922.9688
2.252551, 13.943168, 7.068931, 1523453588006.0479
2.199559, 13.932623, 7.087789, 1523453588089.1270
2.14711, 13.922792, 7.110664, 1523453588172.1138
2.105019, 13.915775, 7.13131, 1523453588255.0547
2.0608, 13.903358, 7.145494, 1523453588338.1802
2.023172, 13.891679, 7.147922, 1523453588421.4436
1.975495, 13.866774, 7.150999, 1523453588504.7993
1.927232, 13.838799, 7.151958, 1523453588588.2012
1.880717, 13.810328, 7.168149, 1523453588671.5569
1.836671, 13.773343, 7.204177, 1523453588754.7742
1.801524, 13.741897, 7.248773, 1523453588838.1760
1.774258, 13.720108, 7.283107, 1523453588921.8086
1.745784, 13.699392, 7.312351, 1523453589005.3489
1.713629, 13.673694, 7.324176, 1523453589088.6587
1.685232, 13.640578, 7.340611, 1523453589171.7842
1.652207, 13.600054, 7.344289, 1523453589254.8633
1.62748, 13.565319, 7.360206, 1523453589338.0349
1.592757, 13.517956, 7.377173, 1523453589421.2063
1.535478, 13.466312, 7.404465, 1523453589504.3779
1.488354, 13.415858, 7.442123, 1523453589587.4570
1.439298, 13.372446, 7.470508, 1523453589670.3979
1.41041, 13.339062, 7.498623, 1523453589753.2930
1.373466, 13.294741, 7.511969, 1523453589836.2800
1.330992, 13.237379, 7.516503, 1523453589919.3594
1.302461, 13.18218, 7.502849, 1523453590002.4846
1.267642, 13.113448, 7.489228, 1523453590085.6101
1.238595, 13.040301, 7.483764, 1523453590168.8735
1.218287, 12.954703, 7.487134, 1523453590252.2292
1.206756, 12.883396, 7.503025, 1523453590335.7231
1.193956, 12.80738, 7.513038, 1523453590419.4011
1.178541, 12.739052, 7.514958, 1523453590503.1719
1.16021, 12.670308, 7.523608, 1523453590586.8042
1.14353, 12.599729, 7.529358, 1523453590670.1599
1.121217, 12.51923, 7.528028, 1523453590753.3772
1.10182, 12.437231, 7.527788, 1523453590836.5947
1.08338, 12.365, 7.530459, 1523453590919.7200
1.050661, 12.289942, 7.539692, 1523453591002.8918
1.023539, 12.235229, 7.558747, 1523453591086.1094
0.993057, 12.176777, 7.586345, 1523453591169.2805
0.96653, 12.113777, 7.615293, 1523453591252.3601
0.956222, 12.061448, 7.636021, 1523453591335.4392
0.949377, 12.010658, 7.650358, 1523453591418.6108
0.942996, 11.951851, 7.654317, 1523453591502.0125
0.940899, 11.888437, 7.654017, 1523453591585.5527
0.941889, 11.831263, 7.666331, 1523453591668.9543
0.949688, 11.761738, 7.673463, 1523453591752.3101
0.961935, 11.702724, 7.722131, 1523453591835.6199
0.981229, 11.662306, 7.770364, 1523453591919.0674
0.994676, 11.634692, 7.81404, 1523453592002.8379
1.004403, 11.620963, 7.845733, 1523453592086.6084
1.011842, 11.598181, 7.859344, 1523453592170.2869
1.017416, 11.566015, 7.861216, 1523453592253.6426
1.016608, 11.523746, 7.858883, 1523453592336.7219
1.019185, 11.479797, 7.861085, 1523453592419.6169
1.021701, 11.424351, 7.866242, 1523453592502.5120
1.016618, 11.375361, 7.876152, 1523453592585.4067
1.006436, 11.325148, 7.912885, 1523453592668.2095
0.998057, 11.273755, 7.95881, 1523453592750.8740
0.985403, 11.228333, 7.9898, 1523453592833.4465
0.984137, 11.187561, 8.017265, 1523453592916.1106
0.97776, 11.149525, 8.03592, 1523453592999.0979
0.974658, 11.111308, 8.029465, 1523453593082.3618
0.971667, 11.063522, 8.028743, 1523453593165.8555
0.973918, 11.008303, 8.031626, 1523453593249.4417
0.980145, 10.950552, 8.041766, 1523453593333.0276
0.990694, 10.89568, 8.072846, 1523453593416.7058
1.002243, 10.842493, 8.10853, 1523453593500.4763
1.012646, 10.811007, 8.14801, 1523453593584.3848
1.01695, 10.774035, 8.179466, 1523453593668.2473
1.028613, 10.743146, 8.20831, 1523453593751.8335
1.038744, 10.710221, 8.215514, 1523453593835.1892
1.046933, 10.659488, 8.223689, 1523453593918.3604
1.05501, 10.616267, 8.227789, 1523453594001.4856
1.056875, 10.558666, 8.238653, 1523453594084.6570
1.0548, 10.503458, 8.263816, 1523453594167.8284
1.047608, 10.456906, 8.307941, 1523453594250.9077
1.042276, 10.41092, 8.350419, 1523453594333.8027
1.038612, 10.36715, 8.37783, 1523453594416.5132
1.036855, 10.323395, 8.401256, 1523453594499.1780
1.032605, 10.281119, 8.406071, 1523453594581.9805
1.030398, 10.240787, 8.407881, 1523453594664.9678
1.033255, 10.190098, 8.409741, 1523453594748.0933
1.032808, 10.136801, 8.412167, 1523453594831.2644
1.040912, 10.07802, 8.429437, 1523453594914.6199
1.047699, 10.007309, 8.47082, 1523453594998.0215
1.059691, 9.954807, 8.520929, 1523453595081.6077
1.069601, 9.923369, 8.561831, 1523453595165.3782
1.076056, 9.897341, 8.586987, 1523453595249.1943
1.084571, 9.86926, 8.592811, 1523453595333.0107
1.091147, 9.837951, 8.599274, 1523453595416.6428
1.095481, 9.786549, 8.597131, 1523453595499.9985
1.101372, 9.731393, 8.613629, 1523453595582.9854
1.096541, 9.669415, 8.646161, 1523453595665.8345
1.093431, 9.608542, 8.68096, 1523453595748.6829
1.086318, 9.561105, 8.717888, 1523453595831.6240
1.081273, 9.513137, 8.747453, 1523453595914.4729
1.087426, 9.465984, 8.777574, 1523453595997.2754
1.094763, 9.420719, 8.781177, 1523453596080.1240
1.105249, 9.367948, 8.780447, 1523453596163.1113
1.118149, 9.311854, 8.768313, 1523453596246.1902
1.134368, 9.252889, 8.758739, 1523453596329.4077
1.162673, 9.193746, 8.755769, 1523453596412.8555
1.19713, 9.135153, 8.762572, 1523453596496.4878
1.236346, 9.07359, 8.783759, 1523453596580.1655
1.274264, 9.021357, 8.799608, 1523453596663.9822
1.299917, 8.963953, 8.810498, 1523453596747.7063
1.324226, 8.901212, 8.819251, 1523453596831.1082
1.352616, 8.830487, 8.81777, 1523453596914.2795
1.37946, 8.756966, 8.824577, 1523453596997.2200
1.407251, 8.669453, 8.823617, 1523453597080.2068
1.424307, 8.589859, 8.825173, 1523453597163.1941
1.456413, 8.504393, 8.843605, 1523453597246.2732
1.474988, 8.428933, 8.885485, 1523453597329.5828
1.492172, 8.363863, 8.907936, 1523453597412.7075
1.509171, 8.300319, 8.932858, 1523453597495.7866
1.515221, 8.257252, 8.954376, 1523453597579.0498
1.516233, 8.223027, 8.961396, 1523453597662.5439
1.526113, 8.181646, 8.955426, 1523453597746.2681
1.543997, 8.131278, 8.955929, 1523453597830.0383
1.569385, 8.073419, 8.961667, 1523453597913.8086
1.601405, 8.016491, 8.968588, 1523453597997.4404
1.634754, 7.966258, 9.004964, 1523453598080.9802
1.665936, 7.922908, 9.056793, 1523453598164.5200
1.683819, 7.906048, 9.099566, 1523453598248.1060
1.703669, 7.884905, 9.139091, 1523453598331.6458
1.719603, 7.87706, 9.156833, 1523453598415.1394
1.740229, 7.857554, 9.163659, 1523453598498.4487
1.760647, 7.831118, 9.169936, 1523453598581.5740
1.788894, 7.797327, 9.17246, 1523453598664.5151
1.810259, 7.756243, 9.19075, 1523453598747.4558
1.840205, 7.708994, 9.210752, 1523453598830.3967
1.850039, 7.66964, 9.246941, 1523453598913.3379
1.857543, 7.633912, 9.293212, 1523453598996.1404
1.864658, 7.596939, 9.319504, 1523453599078.7585
1.872334, 7.565489, 9.333996, 1523453599161.3306
1.879879, 7.529857, 9.331407, 1523453599243.9490
1.895396, 7.491744, 9.326303, 1523453599326.8894
1.916488, 7.449685, 9.322394, 1523453599410.1067
1.949485, 7.400008, 9.320644, 1523453599493.5547
1.984152, 7.350424, 9.319729, 1523453599577.1863
2.034468, 7.28844, 9.342531, 1523453599660.8184
2.075826, 7.242308, 9.393117, 1523453599744.4038
2.111827, 7.205459, 9.444021, 1523453599827.9897
2.132527, 7.179332, 9.472521, 1523453599911.5754
2.146787, 7.169852, 9.509037, 1523453599995.1611
2.159375, 7.161391, 9.524597, 1523453600078.7012
2.182211, 7.135541, 9.52041, 1523453600162.1484
2.20509, 7.108477, 9.515301, 1523453600245.5500
2.230273, 7.073918, 9.517186, 1523453600328.8596
2.259054, 7.023248, 9.513379, 1523453600412.0308
2.289885, 6.96625, 9.505527, 1523453600495.1096
2.327446, 6.90905, 9.523743, 1523453600578.0042
2.360125, 6.852176, 9.529649, 1523453600660.5764
2.398472, 6.791504, 9.531148, 1523453600742.9180
2.434005, 6.74215, 9.535056, 1523453600825.2598
2.471135, 6.697845, 9.531894, 1523453600907.9241
2.509349, 6.657718, 9.529987, 1523453600990.9109
2.560122, 6.619603, 9.52728, 1523453601074.0359
2.62478, 6.577291, 9.514495, 1523453601157.3452
2.676701, 6.557189, 9.520389, 1523453601240.7468
2.749206, 6.527984, 9.534434, 1523453601324.2864
2.815643, 6.500406, 9.533429, 1523453601408.1028
2.866278, 6.48315, 9.539153, 1523453601492.1956
2.903456, 6.470079, 9.551875, 1523453601576.0117
2.964906, 6.43681, 9.544165, 1523453601659.4592
3.036549, 6.403852, 9.545519, 1523453601742.5378
3.113053, 6.369852, 9.536942, 1523453601825.5710
3.195988, 6.327423, 9.52376, 1523453601908.6499
3.256861, 6.294556, 9.524706, 1523453601991.7290
3.329977, 6.266286, 9.51288, 1523453602074.7156
3.407384, 6.229632, 9.528781, 1523453602157.4719
3.488903, 6.198993, 9.52595, 1523453602240.1821
3.542947, 6.180119, 9.531532, 1523453602323.1692
3.615362, 6.165824, 9.535736, 1523453602406.5703
3.67562, 6.156621, 9.533187, 1523453602490.3403
3.731955, 6.15716, 9.530475, 1523453602574.2480
3.800959, 6.157759, 9.49879, 1523453602658.1562
3.880829, 6.169235, 9.508145, 1523453602741.9722
3.954801, 6.180753, 9.523047, 1523453602825.6499
4.015682, 6.193776, 9.52527, 1523453602909.6968
4.070024, 6.198879, 9.532548, 1523453602993.8813
4.126282, 6.207472, 9.526906, 1523453603077.8359
4.193434, 6.212056, 9.532788, 1523453603161.3293
4.273897, 6.214561, 9.52537, 1523453603244.4082
4.349142, 6.212374, 9.524301, 1523453603327.3027
4.419221, 6.20658, 9.515127, 1523453603410.1970
4.477647, 6.204519, 9.513966, 1523453603493.2302
4.54049, 6.192788, 9.518573, 1523453603576.2168
4.604952, 6.194602, 9.520199, 1523453603659.0190
4.662885, 6.198871, 9.536082, 1523453603741.9141
4.727715, 6.204414, 9.534744, 1523453603824.9929
4.779997, 6.216663, 9.536544, 1523453603908.3940
4.820047, 6.238565, 9.537116, 1523453603991.8879
4.868409, 6.25798, 9.531432, 1523453604075.3813
4.918261, 6.281014, 9.529003, 1523453604158.7822
4.963635, 6.300907, 9.534104, 1523453604242.1379
5.005023, 6.315824, 9.543583, 1523453604325.5850
5.055971, 6.321195, 9.545547, 1523453604408.8943
5.09833, 6.323827, 9.546481, 1523453604491.9731
5.141727, 6.329503, 9.541102, 1523453604574.8677
5.19374, 6.328057, 9.542462, 1523453604657.6235
5.24836, 6.321407, 9.536184, 1523453604740.3796
5.300686, 6.305425, 9.518396, 1523453604823.1821
5.354564, 6.293941, 9.523025, 1523453604906.0303
5.414002, 6.282431, 9.531086, 1523453604988.7405
5.478058, 6.270559, 9.528878, 1523453605071.4966
5.5376, 6.26093, 9.535344, 1523453605154.3450
5.581763, 6.255719, 9.533197, 1523453605237.4238
5.643481, 6.253086, 9.525727, 1523453605320.7795
5.712761, 6.260896, 9.529099, 1523453605404.2727
5.791757, 6.269222, 9.525011, 1523453605487.8125
5.870292, 6.277553, 9.523921, 1523453605571.1680
5.934778, 6.285463, 9.537364, 1523453605654.7532
5.989637, 6.28613, 9.545504, 1523453605738.6155
6.03779, 6.281919, 9.553964, 1523453605822.5693
6.095916, 6.283252, 9.549658, 1523453605906.2471
6.167453, 6.280448, 9.544735, 1523453605989.5564
6.240338, 6.275981, 9.532502, 1523453606072.4504
6.311188, 6.262981, 9.518773, 1523453606155.1145
6.375159, 6.248728, 9.523165, 1523453606237.8706
6.444981, 6.237306, 9.531213, 1523453606320.8113
6.518279, 6.236075, 9.541944, 1523453606403.7515
6.588443, 6.238354, 9.547054, 1523453606486.8301
6.663006, 6.243334, 9.542085, 1523453606570.0930
6.733311, 6.25291, 9.537617, 1523453606653.5862
6.801519, 6.266634, 9.517702, 1523453606737.3562
6.876689, 6.282786, 9.517054, 1523453606821.2639
6.947581, 6.307209, 9.519824, 1523453606905.0796
7.020008, 6.330516, 9.522679, 1523453606988.8037
7.077701, 6.347467, 9.524622, 1523453607072.5732
7.138262, 6.363336, 9.530137, 1523453607156.2048
7.202634, 6.370003, 9.53253, 1523453607239.6521
7.267369, 6.377188, 9.530728, 1523453607322.8228
7.341097, 6.376071, 9.52565, 1523453607405.6711
7.419599, 6.371645, 9.516718, 1523453607488.3813
7.494435, 6.35947, 9.510348, 1523453607571.0452
7.57593, 6.349537, 9.510235, 1523453607653.8472
7.656363, 6.341748, 9.5195, 1523453607736.5571
7.736238, 6.333315, 9.521471, 1523453607819.2673
7.809827, 6.32624, 9.529391, 1523453607902.1152
7.892742, 6.322278, 9.526141, 1523453607985.1479
7.972094, 6.321354, 9.512074, 1523453608068.4570
8.056582, 6.324199, 9.505169, 1523453608152.0425
8.129068, 6.339859, 9.508865, 1523453608235.5818
8.220632, 6.345484, 9.527383, 1523453608319.1670
8.297072, 6.352644, 9.528644, 1523453608402.9829
8.369341, 6.349174, 9.541228, 1523453608486.7529
8.4417, 6.346055, 9.542621, 1523453608570.3381
8.530139, 6.348475, 9.518622, 1523453608653.5549
8.615941, 6.33459, 9.508566, 1523453608736.3572
8.714982, 6.308675, 9.478992, 1523453608819.1130
8.803227, 6.296254, 9.486284, 1523453608901.9153
8.885864, 6.282872, 9.506756, 1523453608984.7634
8.966878, 6.285148, 9.508684, 1523453609067.4736
9.054753, 6.281688, 9.530675, 1523453609150.2292
9.148623, 6.274747, 9.532832, 1523453609233.2620
9.227406, 6.281479, 9.522939, 1523453609316.6631
9.305583, 6.29241, 9.514413, 1523453609400.4792
9.382607, 6.30916, 9.519411, 1523453609484.5254
9.443822, 6.32327, 9.533382, 1523453609568.5715
9.503446, 6.339932, 9.541463, 1523453609652.5715
9.565056, 6.348629, 9.544291, 1523453609736.3872
9.640366, 6.35182, 9.535494, 1523453609819.9268
9.710763, 6.34457, 9.532149, 1523453609903.2817
9.79221, 6.338284, 9.521735, 1523453609986.3601
9.868693, 6.326877, 9.518038, 1523453610069.3926
9.938813, 6.313604, 9.523534, 1523453610152.4712
10.010279, 6.300491, 9.53686, 1523453610235.5957
10.091486, 6.291179, 9.539069, 1523453610318.6284
10.171692, 6.289118, 9.548429, 1523453610401.6147
10.230546, 6.288673, 9.543398, 1523453610484.8313
10.299426, 6.290803, 9.538321, 1523453610568.2783
10.375094, 6.299119, 9.534545, 1523453610651.7720
10.455347, 6.307265, 9.518836, 1523453610735.1267
10.530536, 6.311285, 9.532612, 1523453610818.2974
10.604392, 6.31379, 9.528882, 1523453610901.4680
10.665606, 6.320917, 9.535967, 1523453610984.9153
10.722684, 6.310088, 9.530627, 1523453611068.3164
10.786781, 6.302516, 9.526695, 1523453611151.5793
10.863331, 6.284976, 9.524918, 1523453611234.5195
10.941177, 6.256948, 9.507976, 1523453611317.2751
11.026067, 6.228368, 9.501872, 1523453611399.8931
11.09286, 6.196602, 9.525361, 1523453611482.7412
11.15465, 6.165617, 9.534678, 1523453611565.8193
11.216879, 6.145768, 9.53296, 1523453611648.9441
11.274831, 6.125127, 9.540508, 1523453611732.2529
11.336799, 6.100952, 9.539579, 1523453611815.8381
11.39534, 6.084115, 9.522717, 1523453611899.6079
11.456808, 6.071461, 9.536321, 1523453611983.5159
11.511271, 6.05392, 9.528449, 1523453612067.3774
11.571651, 6.046865, 9.529142, 1523453612151.1472
11.62572, 6.035919, 9.535132, 1523453612234.9626
11.6735, 6.012563, 9.543735, 1523453612318.7324
11.722758, 5.982086, 9.529369, 1523453612402.3179
11.769198, 5.944661, 9.523907, 1523453612485.5344
11.812623, 5.887651, 9.511472, 1523453612568.2903
11.857191, 5.833177, 9.498706, 1523453612650.8621
11.892184, 5.774757, 9.500152, 1523453612733.3413
11.928392, 5.715631, 9.517048, 1523453612815.8206
11.966155, 5.668322, 9.528933, 1523453612898.3923
12.013067, 5.620689, 9.534653, 1523453612981.1943
12.039414, 5.576898, 9.527929, 1523453613064.2266
12.08215, 5.526793, 9.509726, 1523453613147.4429
12.126157, 5.471556, 9.497413, 1523453613230.7058
12.168482, 5.424128, 9.497866, 1523453613313.9224
12.203789, 5.367088, 9.506172, 1523453613397.1848
12.245636, 5.32217, 9.52728, 1523453613480.6782
12.276541, 5.279092, 9.526153, 1523453613564.3557
12.306201, 5.225926, 9.537937, 1523453613648.0327
12.319733, 5.158871, 9.541224, 1523453613731.4800
12.331133, 5.089533, 9.540511, 1523453613814.6501
12.341214, 5.026342, 9.513366, 1523453613897.5442
12.335783, 4.971512, 9.504113, 1523453613980.3459
12.331134, 4.922551, 9.504313, 1523453614063.1013
12.316011, 4.864053, 9.508434, 1523453614145.8572
12.312022, 4.791637, 9.50975, 1523453614228.6592
12.30828, 4.72793, 9.514735, 1523453614311.6912
12.305729, 4.668888, 9.509418, 1523453614395.0920
12.302545, 4.620566, 9.505144, 1523453614478.9075
12.312346, 4.567636, 9.486497, 1523453614562.8149
12.307428, 4.50232, 9.486508, 1523453614646.5842
12.318974, 4.430672, 9.483108, 1523453614730.1694
12.319219, 4.364729, 9.505288, 1523453614813.6621
12.31501, 4.306636, 9.502093, 1523453614897.3850
12.306308, 4.252828, 9.509126, 1523453614981.1082
12.293691, 4.200161, 9.506646, 1523453615064.6472
12.27089, 4.151747, 9.508489, 1523453615147.9094
12.237206, 4.094004, 9.498769, 1523453615230.8960
12.203029, 4.039021, 9.485715, 1523453615313.6975
12.159966, 3.996084, 9.486777, 1523453615396.5449
12.119445, 3.957077, 9.489154, 1523453615479.3931
12.087038, 3.918301, 9.49746, 1523453615562.1482
12.04484, 3.870123, 9.493744, 1523453615644.9041
12.009095, 3.824944, 9.499108, 1523453615727.9358
11.968404, 3.776497, 9.497342, 1523453615811.1982
11.93875, 3.73296, 9.480237, 1523453615894.6448
11.904224, 3.673136, 9.467002, 1523453615978.0913
11.875805, 3.61553, 9.478175, 1523453616061.4919
11.842136, 3.551773, 9.487636, 1523453616144.8462
11.80933, 3.498339, 9.493051, 1523453616228.3855
11.770502, 3.456825, 9.507139, 1523453616311.8320
11.725504, 3.413117, 9.510781, 1523453616395.1863
11.670792, 3.373379, 9.495421, 1523453616478.3103
11.600769, 3.341791, 9.48977, 1523453616561.1580
11.538814, 3.316254, 9.481119, 1523453616643.8674
11.482689, 3.296408, 9.483318, 1523453616726.5769
11.411858, 3.273905, 9.468572, 1523453616809.3320
11.338433, 3.255451, 9.488964, 1523453616891.9951
11.279902, 3.226021, 9.496715, 1523453616974.8889
11.235044, 3.204031, 9.490562, 1523453617058.0588
11.176272, 3.170809, 9.477306, 1523453617141.5515
11.120516, 3.14468, 9.474415, 1523453617225.2285
11.064366, 3.109509, 9.471574, 1523453617308.8135
10.98395, 3.081057, 9.482047, 1523453617392.2600
10.926626, 3.040701, 9.490067, 1523453617475.7061
10.89013, 3.005705, 9.476358, 1523453617559.3831
10.826991, 2.992852, 9.465122, 1523453617643.0139
10.765242, 2.970659, 9.482965, 1523453617726.4143
10.687393, 2.965851, 9.494041, 1523453617809.5381
10.602801, 2.968012, 9.486976, 1523453617892.3855
10.531644, 2.972446, 9.477552, 1523453617975.1868
10.463785, 2.984827, 9.459566, 1523453618058.1265
10.392037, 2.997082, 9.456223, 1523453618141.0203
10.311154, 3.001579, 9.456904, 1523453618224.0063
10.230791, 3.002455, 9.457574, 1523453618307.0842
10.157196, 2.996905, 9.470696, 1523453618390.3923
10.094124, 2.988661, 9.478362, 1523453618473.9771
10.010076, 2.977433, 9.471356, 1523453618557.7458
9.932177, 2.966636, 9.477669, 1523453618641.5149
9.863303, 2.949674, 9.465666, 1523453618725.2380
9.807931, 2.92306, 9.474931, 1523453618809.0073
9.743855, 2.917192, 9.493245, 1523453618892.9146
9.663701, 2.905627, 9.477172, 1523453618976.4993
9.589762, 2.906341, 9.507846, 1523453619059.7615
9.506894, 2.906146, 9.491942, 1523453619142.6555
9.421504, 2.911374, 9.477198, 1523453619225.4111
9.348629, 2.927356, 9.455965, 1523453619308.2124
9.280502, 2.941752, 9.457095, 1523453619391.1519
9.205765, 2.954839, 9.469261, 1523453619474.1836
9.120178, 2.965103, 9.473825, 1523453619557.1697
9.047746, 2.966039, 9.469043, 1523453619640.2014
8.984262, 2.966225, 9.471961, 1523453619723.4639
8.921701, 2.967953, 9.462276, 1523453619807.0947
8.840072, 2.965072, 9.449157, 1523453619890.7715
8.754567, 2.945658, 9.462369, 1523453619974.3103
8.68232, 2.937518, 9.46688, 1523453620057.6646
8.599995, 2.931222, 9.480213, 1523453620141.0654
8.537027, 2.920012, 9.487581, 1523453620224.7883
8.47027, 2.913495, 9.492644, 1523453620308.4194
8.391833, 2.913141, 9.496803, 1523453620391.8657
8.303351, 2.917913, 9.491802, 1523453620474.8975
8.214384, 2.935818, 9.483064, 1523453620557.6533
8.124599, 2.956424, 9.462187, 1523453620640.2700
8.056361, 2.977956, 9.463594, 1523453620722.9795
7.98244, 2.994852, 9.478492, 1523453620805.7810
7.898237, 3.008988, 9.479492, 1523453620888.6748
7.814973, 3.013581, 9.488335, 1523453620971.7524
7.751134, 3.016026, 9.47504, 1523453621055.1069
7.679427, 3.021911, 9.472955, 1523453621138.7378
7.60649, 3.020817, 9.472107, 1523453621222.4148
7.526873, 3.012434, 9.468637, 1523453621305.8611
7.450098, 3.002075, 9.473104, 1523453621389.3076
7.376225, 2.998358, 9.476716, 1523453621472.8459
7.304531, 2.987189, 9.479695, 1523453621556.4768
7.231762, 2.98643, 9.479589, 1523453621639.9692
7.169807, 2.983743, 9.482636, 1523453621723.1394
7.087351, 2.983469, 9.484133, 1523453621806.0330
6.996331, 2.993441, 9.475248, 1523453621888.7881
6.929487, 3.000938, 9.461632, 1523453621971.5894
6.852589, 3.014956, 9.458645, 1523453622054.5750
6.777311, 3.030683, 9.481528, 1523453622137.6069
6.697376, 3.039714, 9.490179, 1523453622220.6384
6.618169, 3.032641, 9.492347, 1523453622303.8083
6.54748, 3.041912, 9.501055, 1523453622387.3005
6.47827, 3.041217, 9.48246, 1523453622471.1160
6.405248, 3.035067, 9.475643, 1523453622555.0232
6.340869, 3.021403, 9.474695, 1523453622638.9312
6.26556, 3.002164, 9.477773, 1523453622722.6538
6.198598, 3.000694, 9.480908, 1523453622806.3308
6.142548, 2.99817, 9.479107, 1523453622890.1458
6.072897, 2.995333, 9.488058, 1523453622974.0068
6.035134, 2.990266, 9.493118, 1523453623057.7295
5.952703, 2.999771, 9.504254, 1523453623141.1304
5.8717, 3.006563, 9.499613, 1523453623224.1621
5.809045, 3.018042, 9.483507, 1523453623307.0098
5.738984, 3.042842, 9.482003, 1523453623389.8108
5.674741, 3.06154, 9.490993, 1523453623472.5664
5.587446, 3.07823, 9.379562, 1523453623555.2295
5.534739, 3.090557, 9.430046, 1523453623637.9851
5.483264, 3.103056, 9.474145, 1523453623721.0166
5.425694, 3.099446, 9.493787, 1523453623804.2788
5.368439, 3.118614, 9.472254, 1523453623887.6333
5.302981, 3.115501, 9.467244, 1523453623970.9880
5.242965, 3.118442, 9.466228, 1523453624054.4343
5.174405, 3.134444, 9.479187, 1523453624138.0190
5.130411, 3.13139, 9.487504, 1523453624221.8806
5.080352, 3.139918, 9.494046, 1523453624305.6033
5.015, 3.162849, 9.498063, 1523453624388.9575
4.960845, 3.187521, 9.486541, 1523453624471.9895
4.911231, 3.212348, 9.499094, 1523453624554.8831
4.857884, 3.251635, 9.500214, 1523453624637.8225
4.809204, 3.286922, 9.490275, 1523453624720.7625
4.785557, 3.329332, 9.495697, 1523453624803.6096
4.74529, 3.368767, 9.497863, 1523453624886.2727
4.705263, 3.416605, 9.482453, 1523453624968.9819
4.676563, 3.4523, 9.499676, 1523453625051.9670
4.636137, 3.492555, 9.473988, 1523453625135.2751
4.592691, 3.529216, 9.462123, 1523453625218.7673
4.537549, 3.573454, 9.469331, 1523453625302.1677
4.498492, 3.627481, 9.48051, 1523453625385.3840
4.444875, 3.674877, 9.489867, 1523453625468.5537
4.408855, 3.717885, 9.504599, 1523453625552.0469
4.382422, 3.76527, 9.514309, 1523453625635.6772
4.349325, 3.810056, 9.519797, 1523453625719.1240
4.32498, 3.877206, 9.513546, 1523453625802.2939
4.313309, 3.942071, 9.506647, 1523453625885.1411
4.307757, 3.999929, 9.499327, 1523453625967.8967
4.308631, 4.051782, 9.497146, 1523453626050.6982
4.314857, 4.105084, 9.474514, 1523453626133.5913
4.317273, 4.171121, 9.495783, 1523453626216.4849
4.313602, 4.23367, 9.50204, 1523453626299.3784
4.302788, 4.299224, 9.50343, 1523453626382.4558
4.290307, 4.353148, 9.511539, 1523453626465.8562
4.281732, 4.41653, 9.49, 1523453626549.5332
4.280426, 4.475205, 9.48788, 1523453626633.3481
4.270503, 4.545439, 9.486161, 1523453626717.1172
4.262952, 4.602011, 9.484891, 1523453626800.9319
4.244185, 4.660596, 9.507695, 1523453626884.9312
4.238906, 4.710825, 9.517158, 1523453626968.8384
4.241027, 4.769438, 9.512589, 1523453627052.4226
4.252452, 4.830836, 9.530519, 1523453627135.6384
4.272165, 4.896112, 9.502965, 1523453627218.4858
4.305111, 4.956486, 9.486811, 1523453627301.2407
4.335138, 5.01054, 9.49218, 1523453627383.9502
4.370061, 5.055116, 9.493799, 1523453627466.7976
4.397436, 5.117216, 9.47289, 1523453627549.6907
4.425464, 5.172603, 9.479777, 1523453627632.6304
4.437459, 5.220484, 9.494355, 1523453627715.8005
4.444148, 5.26644, 9.509587, 1523453627799.2466
4.461393, 5.320215, 9.501661, 1523453627882.6929
4.481244, 5.385311, 9.488939, 1523453627966.1394
4.512684, 5.441508, 9.483437, 1523453628049.3550
4.524264, 5.512355, 9.501468, 1523453628132.5249
4.541087, 5.562669, 9.50435, 1523453628215.8330
4.557792, 5.617925, 9.500844, 1523453628299.1868
4.591963, 5.669928, 9.503466, 1523453628382.4028
4.634777, 5.715206, 9.509473, 1523453628465.3882
4.681631, 5.756939, 9.512549, 1523453628548.0969
4.730059, 5.796711, 9.505016, 1523453628630.7139
4.780673, 5.824268, 9.494155, 1523453628713.4231
4.828522, 5.857153, 9.493351, 1523453628796.2239
4.874758, 5.878836, 9.494838, 1523453628879.1633
4.930907, 5.910315, 9.485588, 1523453628962.0110
4.971036, 5.952784, 9.505506, 1523453629044.9504
5.016569, 5.988014, 9.511011, 1523453629128.1658
5.067197, 6.022342, 9.503264, 1523453629211.5200
5.119746, 6.064933, 9.488911, 1523453629294.9663
5.167295, 6.10727, 9.485887, 1523453629378.4124
5.211634, 6.15589, 9.498628, 1523453629461.7666
5.260006, 6.195116, 9.499539, 1523453629545.2590
5.30985, 6.223461, 9.512299, 1523453629628.7971
5.367693, 6.244061, 9.524735, 1523453629712.2896
5.421593, 6.268116, 9.516804, 1523453629795.5056
5.483625, 6.283456, 9.519382, 1523453629878.4443
5.558907, 6.291748, 9.510583, 1523453629961.1536
5.627159, 6.300774, 9.500915, 1523453630043.8167
5.691836, 6.304439, 9.499318, 1523453630126.6636
5.752334, 6.308983, 9.518516, 1523453630209.6033
5.826813, 6.311605, 9.521343, 1523453630292.6350
5.895659, 6.318224, 9.541643, 1523453630375.7124
5.952885, 6.329339, 9.541313, 1523453630458.9746
6.019823, 6.344698, 9.535933, 1523453630542.4207
6.086195, 6.360721, 9.523062, 1523453630625.9587
6.144137, 6.378057, 9.511409, 1523453630709.5896
6.205393, 6.403118, 9.511608, 1523453630793.2664
6.269562, 6.422088, 9.517505, 1523453630876.8506
6.338162, 6.44131, 9.519785, 1523453630960.6196
6.406643, 6.456852, 9.532106, 1523453631044.4343
6.482952, 6.471493, 9.534819, 1523453631128.1108
6.571003, 6.478168, 9.536507, 1523453631211.4187
6.664444, 6.4781, 9.530495, 1523453631294.4043
6.749466, 6.476403, 9.517104, 1523453631377.2979
6.838096, 6.469676, 9.512204, 1523453631460.3296
6.909769, 6.463672, 9.507551, 1523453631543.5452
6.983363, 6.457866, 9.519411, 1523453631626.9453
7.070168, 6.456157, 9.52171, 1523453631710.2993
7.141723, 6.459458, 9.533078, 1523453631793.8376
7.214149, 6.462099, 9.525658, 1523453631877.5601
7.287239, 6.466111, 9.516077, 1523453631961.4670
7.369103, 6.47257, 9.501837, 1523453632045.3279
7.448514, 6.48104, 9.501718, 1523453632129.0044
7.522426, 6.486103, 9.518769, 1523453632212.5889
7.592879, 6.49361, 9.51834, 1523453632296.1733
7.671414, 6.48941, 9.525174, 1523453632379.6658
7.749303, 6.485568, 9.525018, 1523453632462.9739
7.834445, 6.471784, 9.52302, 1523453632545.9590
7.933146, 6.450284, 9.506339, 1523453632628.5759
8.01829, 6.426754, 9.495934, 1523453632711.0083
8.098376, 6.407962, 9.500407, 1523453632793.5325
8.183373, 6.389555, 9.514753, 1523453632876.1953
8.275584, 6.368836, 9.533356, 1523453632958.9045
8.370738, 6.355438, 9.530998, 1523453633041.7517
8.4649, 6.349212, 9.530565, 1523453633124.8291
8.547, 6.339145, 9.523932, 1523453633208.2751
8.63413, 6.334067, 9.514458, 1523453633291.9980
8.711596, 6.332385, 9.511884, 1523453633375.7205
8.795965, 6.335696, 9.525506, 1523453633459.3049
8.869442, 6.334438, 9.526262, 1523453633542.8435
8.949351, 6.329198, 9.540581, 1523453633626.4277
9.019434, 6.321336, 9.542394, 1523453633709.9199
9.096284, 6.310919, 9.538979, 1523453633793.1819
9.182742, 6.301832, 9.530524, 1523453633876.2131
9.273961, 6.286965, 9.519879, 1523453633959.1064
9.350949, 6.272692, 9.515234, 1523453634041.9075
9.420302, 6.256723, 9.51551, 1523453634124.7080
9.506495, 6.241362, 9.528077, 1523453634207.6475
9.587422, 6.238847, 9.532007, 1523453634290.6328
9.671053, 6.236922, 9.525595, 1523453634373.8950
9.751242, 6.241146, 9.519013, 1523453634457.4329
9.832145, 6.239644, 9.503462, 1523453634541.2014
9.904918, 6.26216, 9.491354, 1523453634624.8315
9.99969, 6.278688, 9.538654, 1523453634708.2781
10.090138, 6.297184, 9.549799, 1523453634791.5862
10.164969, 6.315556, 9.552511, 1523453634875.2163
10.223554, 6.319673, 9.560243, 1523453634958.9390
10.291972, 6.330851, 9.556889, 1523453635042.5696
10.373458, 6.341141, 9.549702, 1523453635125.8315
10.457098, 6.338641, 9.547372, 1523453635208.7249
10.546935, 6.340631, 9.525397, 1523453635291.3877
10.614882, 6.332062, 9.520987, 1523453635374.0505
10.687739, 6.321183, 9.515067, 1523453635456.8054
10.764731, 6.307876, 9.496433, 1523453635539.6982
10.837358, 6.31843, 9.536322, 1523453635622.9597
10.907532, 6.331064, 9.533695, 1523453635706.5901
10.985317, 6.340567, 9.526587, 1523453635790.3582
11.071925, 6.351801, 9.52609, 1523453635874.0347
11.154024, 6.362798, 9.543429, 1523453635957.4802
11.230514, 6.37469, 9.549874, 1523453636040.8342
11.286372, 6.393019, 9.551184, 1523453636124.3723
11.3467, 6.396425, 9.546439, 1523453636207.9102
11.418513, 6.398292, 9.546195, 1523453636291.1719
11.49405, 6.391836, 9.545047, 1523453636374.0186
11.587591, 6.374425, 9.545737, 1523453636456.4504
11.663603, 6.35638, 9.53139, 1523453636538.8823
11.73103, 6.332754, 9.537992, 1523453636621.4988
11.799952, 6.319663, 9.540732, 1523453636704.1152
11.894309, 6.313414, 9.541621, 1523453636786.5476
11.983225, 6.312634, 9.549212, 1523453636869.0256
12.069696, 6.321412, 9.53817, 1523453636951.9187
12.15332, 6.328491, 9.529897, 1523453637035.4109
12.224411, 6.345877, 9.5303, 1523453637119.3171
12.29985, 6.369576, 9.553688, 1523453637203.2239
12.373154, 6.399545, 9.558285, 1523453637287.1301
12.446708, 6.419701, 9.56024, 1523453637370.8989
12.527998, 6.434143, 9.556791, 1523453637454.4829
12.606096, 6.453495, 9.551449, 1523453637537.9287
12.692881, 6.466294, 9.555594, 1523453637621.2366
12.776659, 6.481719, 9.552, 1523453637704.5444
12.859279, 6.498314, 9.541224, 1523453637787.9438
12.939432, 6.508164, 9.522923, 1523453637871.4822
13.022539, 6.525162, 9.540501, 1523453637954.9285
13.109321, 6.556463, 9.548468, 1523453638038.1897
13.190544, 6.585532, 9.546931, 1523453638121.4514
13.25665, 6.61184, 9.566044, 1523453638204.9434
13.323204, 6.652268, 9.554327, 1523453638288.5735
13.383774, 6.703857, 9.550911, 1523453638372.2498
13.450788, 6.758228, 9.543545, 1523453638455.9263
13.492664, 6.814158, 9.542236, 1523453638539.6025
13.539756, 6.866303, 9.544168, 1523453638623.3711
13.589138, 6.910314, 9.539547, 1523453638706.9553
13.638391, 6.953667, 9.534738, 1523453638790.2170
13.696922, 6.999538, 9.546689, 1523453638873.2021
13.740381, 7.050362, 9.545756, 1523453638956.0952
13.804052, 7.087904, 9.544209, 1523453639039.2185
13.862559, 7.118899, 9.524844, 1523453639122.6646
13.91577, 7.150632, 9.513936, 1523453639206.2949
13.971296, 7.191927, 9.517015, 1523453639289.8328
14.024053, 7.236227, 9.528335, 1523453639373.1868
14.064597, 7.278945, 9.523592, 1523453639456.5864
14.097606, 7.308711, 9.508094, 1523453639540.3086
14.118003, 7.338292, 9.471488, 1523453639624.2156
14.127086, 7.384025, 9.430265, 1523453639708.2139
14.130976, 7.406696, 9.373648, 1523453639792.0283
14.141789, 7.460141, 9.323766, 1523453639875.5667
14.163, 7.509874, 9.323766, 1523453639958.6897
14.183357, 7.551816, 9.308402, 1523453640041.6287
14.207231, 7.588891, 9.296327, 1523453640124.5217
14.23423, 7.617795, 9.27394, 1523453640207.5986
14.268614, 7.641275, 9.247246, 1523453640290.5376
14.304255, 7.672092, 9.208451, 1523453640373.2922
14.348027, 7.709532, 9.173433, 1523453640455.7708
14.385319, 7.74147, 9.140009, 1523453640538.4329
14.417305, 7.771907, 9.126606, 1523453640621.4182
14.448193, 7.81514, 9.137757, 1523453640704.4954
14.477636, 7.855736, 9.132556, 1523453640787.5261
14.504363, 7.898457, 9.118017, 1523453640870.6033
14.531977, 7.938838, 9.086328, 1523453640953.7727
14.54463, 7.986025, 9.040326, 1523453641037.1726
14.589436, 8.036297, 9.007997, 1523453641120.5264
14.629807, 8.091637, 8.994494, 1523453641203.7419
14.680166, 8.146192, 8.981053, 1523453641286.7732
14.7183, 8.189446, 8.971307, 1523453641369.8040
14.766129, 8.233092, 8.955081, 1523453641452.7429
14.824044, 8.279377, 8.925608, 1523453641535.5439
14.891218, 8.327904, 8.885181, 1523453641618.1140
14.945045, 8.375911, 8.840436, 1523453641700.8225
15.004796, 8.414165, 8.823604, 1523453641783.8999
15.060875, 8.460658, 8.832241, 1523453641867.1614
15.106614, 8.527253, 8.841662, 1523453641950.5149
15.150394, 8.590461, 8.84317, 1523453642033.8689
15.198818, 8.659511, 8.833994, 1523453642117.2683
15.229729, 8.720098, 8.827277, 1523453642200.8069
15.2572, 8.78038, 8.847596, 1523453642284.3909
15.279833, 8.826823, 8.844012, 1523453642368.1133
15.314033, 8.878109, 8.851868, 1523453642451.7437
15.351926, 8.93211, 8.851959, 1523453642535.0046
15.400336, 8.988287, 8.849486, 1523453642617.8521
15.450366, 9.037158, 8.839678, 1523453642700.4224
15.496712, 9.083498, 8.83533, 1523453642782.9465
15.536387, 9.129682, 8.841672, 1523453642865.6089
15.575842, 9.18285, 8.836517, 1523453642948.5017
15.601861, 9.231384, 8.837526, 1523453643031.8096
15.622048, 9.275929, 8.822079, 1523453643115.4858
15.633965, 9.322002, 8.788502, 1523453643199.4387
15.642128, 9.367982, 8.74518, 1523453643283.4832
15.644278, 9.418759, 8.682597, 1523453643367.2976
15.640853, 9.457246, 8.657138, 1523453643451.0195
15.639602, 9.506915, 8.653292, 1523453643534.4653
15.643206, 9.567288, 8.641609, 1523453643617.5886
15.653334, 9.62133, 8.626461, 1523453643700.5276
15.666903, 9.672669, 8.600499, 1523453643783.2820
15.6874, 9.722869, 8.556047, 1523453643865.8979
15.708999, 9.777436, 8.50952, 1523453643948.5603
15.728097, 9.825954, 8.457108, 1523453644031.4988
15.744593, 9.869554, 8.431198, 1523453644114.8984
15.753698, 9.911024, 8.429876, 1523453644198.6208
15.76134, 9.958919, 8.425253, 1523453644282.2507
15.754866, 10.006281, 8.40658, 1523453644365.8345
15.750239, 10.050312, 8.378013, 1523453644449.3721
15.744953, 10.10228, 8.33209, 1523453644532.9099
15.737062, 10.162776, 8.279529, 1523453644616.3098
15.732235, 10.225247, 8.258245, 1523453644699.5249
15.726557, 10.292423, 8.252738, 1523453644782.4180
15.726574, 10.357992, 8.258752, 1523453644865.2185
15.730583, 10.419257, 8.249519, 1523453644948.1572
15.737285, 10.473359, 8.225873, 1523453645031.2341
15.750552, 10.529799, 8.195702, 1523453645114.3113
15.765236, 10.577955, 8.15329, 1523453645197.3884
15.784659, 10.631859, 8.10575, 1523453645280.6958
15.797619, 10.671396, 8.079861, 1523453645364.3716
15.804401, 10.721788, 8.076691, 1523453645448.2319
15.804638, 10.772904, 8.079986, 1523453645531.8613
15.796243, 10.822281, 8.068268, 1523453645615.3535
15.787056, 10.86873, 8.033511, 1523453645698.8914
15.77978, 10.913733, 7.986477, 1523453645782.7058
15.768504, 10.963843, 7.931586, 1523453645866.3357
15.75341, 11.01739, 7.901273, 1523453645949.7810
15.743667, 11.079802, 7.890806, 1523453646032.8582
15.738267, 11.152494, 7.891991, 1523453646115.7048
15.741726, 11.210333, 7.885327, 1523453646198.5977
15.747009, 11.261867, 7.871254, 1523453646281.4905
15.756077, 11.324851, 7.834339, 1523453646364.1990
15.768828, 11.387952, 7.785034, 1523453646446.9531
15.77958, 11.447162, 7.735098, 1523453646530.0298
15.788301, 11.505293, 7.701265, 1523453646613.7056
15.788166, 11.560264, 7.694471, 1523453646697.7041
15.776531, 11.615363, 7.701341, 1523453646781.7026
15.762493, 11.673261, 7.693251, 1523453646865.4707
15.744932, 11.733489, 7.664647, 1523453646949.0549
15.723408, 11.79081, 7.621219, 1523453647032.5928
15.700554, 11.84296, 7.575522, 1523453647115.9922
15.677978, 11.903782, 7.552558, 1523453647199.3003
15.655049, 11.980649, 7.562366, 1523453647282.1931
15.635672, 12.055096, 7.574392, 1523453647364.8091
15.615888, 12.128666, 7.586734, 1523453647447.5640
15.605846, 12.205478, 7.586415, 1523453647530.4565
15.597212, 12.287569, 7.573779, 1523453647613.3494
15.59563, 12.364231, 7.557226, 1523453647696.2883
15.598207, 12.410103, 7.552311, 1523453647779.2273
15.597503, 12.477178, 7.552989, 1523453647862.1663
15.58743, 12.547653, 7.55085, 1523453647945.1511
15.570688, 12.607592, 7.555683, 1523453648028.2283
15.558485, 12.652476, 7.560602, 1523453648111.5361
15.534664, 12.70917, 7.559358, 1523453648194.8899
15.499498, 12.776049, 7.555299, 1523453648278.1050
15.465066, 12.822956, 7.559978, 1523453648361.4585
15.426012, 12.872363, 7.566012, 1523453648444.9038
15.392282, 12.906579, 7.569258, 1523453648528.6262
15.361903, 12.946401, 7.57888, 1523453648612.2563
15.331609, 12.985245, 7.578556, 1523453648695.7021
15.298631, 13.020198, 7.580369, 1523453648779.0095
15.273571, 13.065091, 7.564034, 1523453648862.2710
15.244964, 13.102271, 7.537843, 1523453648945.4402
15.21967, 13.153827, 7.495714, 1523453649028.5173
15.200668, 13.197923, 7.448328, 1523453649111.5483
15.186188, 13.240361, 7.390303, 1523453649194.7178
15.166741, 13.288991, 7.363776, 1523453649278.1633
15.136384, 13.328606, 7.364264, 1523453649361.6550
15.107623, 13.362892, 7.377037, 1523453649445.0547
15.069787, 13.394652, 7.37124, 1523453649528.2703
15.038786, 13.418132, 7.346764, 1523453649611.5317
15.005512, 13.443237, 7.309999, 1523453649694.9775
14.972641, 13.461335, 7.254812, 1523453649778.5613
14.923621, 13.479795, 7.210269, 1523453649862.1914
14.887012, 13.496206, 7.199757, 1523453649945.5449
14.843596, 13.526761, 7.191954, 1523453650028.4841
14.804885, 13.55524, 7.187038, 1523453650111.1924
14.775947, 13.590379, 7.174662, 1523453650193.8550
14.744919, 13.630589, 7.143909, 1523453650276.4712
14.71382, 13.672235, 7.104982, 1523453650359.1338
14.673637, 13.719318, 7.056764, 1523453650442.0269
14.645846, 13.754088, 7.020602, 1523453650525.2419
14.606888, 13.791562, 6.996031, 1523453650608.6877
14.560554, 13.830166, 6.994461, 1523453650692.1797
14.513613, 13.864185, 6.993346, 1523453650775.4871
14.460684, 13.892968, 6.97606, 1523453650858.7944
14.411867, 13.916405, 6.936811, 1523453650942.2861
14.359639, 13.940434, 6.888399, 1523453651025.8704
14.300885, 13.967494, 6.856029, 1523453651109.3162
14.241652, 13.994141, 6.847848, 1523453651192.5312
14.18645, 14.023267, 6.854606, 1523453651275.5625
14.132644, 14.061303, 6.868609, 1523453651358.6396
14.073447, 14.105163, 6.876589, 1523453651441.6707
14.010136, 14.156866, 6.870748, 1523453651524.6094
13.9613, 14.206809, 6.871154, 1523453651607.5024
13.906747, 14.258564, 6.885348, 1523453651690.5334
13.842223, 14.306664, 6.888808, 1523453651773.5647
13.782566, 14.349028, 6.887802, 1523453651856.6416
13.727894, 14.38215, 6.890625, 1523453651939.8569
13.669215, 14.413744, 6.889625, 1523453652023.2102
13.60893, 14.441525, 6.885676, 1523453652106.6099
13.548904, 14.45748, 6.874973, 1523453652190.0559
13.500297, 14.46205, 6.876497, 1523453652273.6858
13.451632, 14.468184, 6.885658, 1523453652357.4082
13.400357, 14.470803, 6.890666, 1523453652441.1763
13.346681, 14.482321, 6.895857, 1523453652524.6223
13.293818, 14.49782, 6.89767, 1523453652607.5610
13.234005, 14.511474, 6.893916, 1523453652690.3159
13.180868, 14.524126, 6.875199, 1523453652773.0244
13.139291, 14.543287, 6.834593, 1523453652856.0095
13.107164, 14.567488, 6.784092, 1523453652939.4094
13.065358, 14.591679, 6.721413, 1523453653023.0852
13.025831, 14.612747, 6.676744, 1523453653106.9458
12.981857, 14.63041, 6.65784, 1523453653190.8062
12.942758, 14.636584, 6.658, 1523453653274.6204
12.897586, 14.636252, 6.649436, 1523453653358.2507
12.857203, 14.637702, 6.641705, 1523453653441.8809
12.81697, 14.632606, 6.613309, 1523453653525.6030
12.765131, 14.626269, 6.569424, 1523453653609.2329
12.707877, 14.612131, 6.522885, 1523453653692.6328
12.655714, 14.59398, 6.501719, 1523453653775.8022
12.59967, 14.582114, 6.497343, 1523453653858.6030
12.551587, 14.573151, 6.498531, 1523453653941.3115
12.501377, 14.569132, 6.50667, 1523453654024.1582
12.45528, 14.573781, 6.489416, 1523453654107.0051
12.405492, 14.585665, 6.451567, 1523453654189.8518
12.356531, 14.598104, 6.407617, 1523453654272.7905
12.30904, 14.613653, 6.356305, 1523453654355.9138
12.265656, 14.629925, 6.309254, 1523453654439.3137
12.227012, 14.640251, 6.299634, 1523453654522.8518
12.182533, 14.639103, 6.305777, 1523453654606.3435
12.133564, 14.636241, 6.2998, 1523453654689.6509
12.087395, 14.627524, 6.283244, 1523453654772.9585
12.048269, 14.619547, 6.2365, 1523453654856.4043
12.003026, 14.607617, 6.188581, 1523453654939.8955
11.961575, 14.589196, 6.146414, 1523453655023.2031
11.911144, 14.574113, 6.126347, 1523453655106.2803
11.872004, 14.557437, 6.116765, 1523453655189.0811
11.832524, 14.555264, 6.112602, 1523453655271.8816
11.790427, 14.559318, 6.10302, 1523453655354.6821
11.742008, 14.567512, 6.081315, 1523453655437.3909
11.691504, 14.582111, 6.049734, 1523453655520.0068
11.630245, 14.598219, 6.00478, 1523453655602.6230
11.577596, 14.618394, 5.961089, 1523453655685.4238
11.528588, 14.630408, 5.9402, 1523453655768.5935
11.469576, 14.637655, 5.937957, 1523453655851.9470
11.423395, 14.634674, 5.942389, 1523453655935.5769
11.381823, 14.632083, 5.933473, 1523453656019.4834
11.342344, 14.628577, 5.902194, 1523453656103.5742
11.308614, 14.618346, 5.866367, 1523453656187.6653
11.261568, 14.607594, 5.820593, 1523453656271.4797
11.215837, 14.592432, 5.779825, 1523453656354.9717
11.176652, 14.577524, 5.76495, 1523453656438.3247
11.129602, 14.572998, 5.757865, 1523453656521.4482
11.087583, 14.570214, 5.753059, 1523453656604.4792
11.038416, 14.572207, 5.737753, 1523453656687.2800
10.983585, 14.579518, 5.706573, 1523453656769.8506
10.926925, 14.594645, 5.668039, 1523453656852.4207
10.870814, 14.610145, 5.62684, 1523453656935.1753
10.817356, 14.617144, 5.596761, 1523453657018.2524
10.764141, 14.616845, 5.593816, 1523453657101.7903
10.695051, 14.61301, 5.593949, 1523453657185.2363
10.640134, 14.603553, 5.591117, 1523453657268.5898
10.591539, 14.59111, 5.574061, 1523453657351.9431
10.547421, 14.578744, 5.529827, 1523453657435.4353
10.503316, 14.562771, 5.480231, 1523453657519.1113
10.458616, 14.53673, 5.429233, 1523453657602.6492
10.401165, 14.511754, 5.402441, 1523453657685.9568
10.333587, 14.486762, 5.386968, 1523453657768.8494
10.270267, 14.471816, 5.382532, 1523453657851.6038
10.213635, 14.464467, 5.37052, 1523453657934.6348
10.154487, 14.463727, 5.346393, 1523453658017.8040
10.083611, 14.470522, 5.307195, 1523453658100.9272
9.997947, 14.469821, 5.261131, 1523453658183.9583
9.923433, 14.470981, 5.228536, 1523453658267.1274
9.836141, 14.462301, 5.226936, 1523453658350.3889
9.759352, 14.453096, 5.244682, 1523453658433.6965
9.688064, 14.438532, 5.244132, 1523453658517.1880
9.619983, 14.427906, 5.235044, 1523453658600.7720
9.549272, 14.396174, 5.226427, 1523453658684.4480
9.48878, 14.359728, 5.225415, 1523453658768.0320
9.432253, 14.324791, 5.239147, 1523453658851.5237
9.379834, 14.293428, 5.251833, 1523453658935.1074
9.314795, 14.264311, 5.250455, 1523453659018.6458
9.249436, 14.242168, 5.255859, 1523453659101.8147
9.175167, 14.219143, 5.250428, 1523453659184.5232
9.086641, 14.193153, 5.249525, 1523453659266.7710
9.001158, 14.177044, 5.24605, 1523453659348.8806
8.925677, 14.161641, 5.235766, 1523453659431.2202
8.850063, 14.146463, 5.241071, 1523453659513.7905
8.762565, 14.125669, 5.240281, 1523453659596.4072
8.676425, 14.086532, 5.242837, 1523453659679.1157
8.604182, 14.04083, 5.250644, 1523453659762.0083
8.543536, 14.002761, 5.245103, 1523453659845.2698
8.491058, 13.955393, 5.234251, 1523453659928.9460
8.440333, 13.896124, 5.22788, 1523453660012.7603
8.400697, 13.837476, 5.221698, 1523453660096.5747
8.374292, 13.773909, 5.234154, 1523453660180.5276
8.346172, 13.708803, 5.238802, 1523453660264.5723
8.31919, 13.65359, 5.236016, 1523453660348.8933
8.297483, 13.610699, 5.230444, 1523453660433.3064
8.268818, 13.553474, 5.228544, 1523453660517.3052
8.240623, 13.490619, 5.236691, 1523453660600.9351
8.211968, 13.425526, 5.227707, 1523453660684.1965
8.183906, 13.363972, 5.218709, 1523453660767.4580
8.162487, 13.311873, 5.214585, 1523453660850.9495
8.138041, 13.274832, 5.220891, 1523453660934.8101
8.111254, 13.221787, 5.233416, 1523453661018.6245
8.085725, 13.154016, 5.227851, 1523453661102.0706
8.067239, 13.090946, 5.217803, 1523453661185.1021
8.050551, 13.039553, 5.22165, 1523453661268.0408
8.035449, 12.993737, 5.204186, 1523453661351.1179
8.031195, 12.95818, 5.18782, 1523453661434.4717
8.032187, 12.926766, 5.166345, 1523453661518.0095
8.04491, 12.898692, 5.134909, 1523453661601.5474
8.063192, 12.873174, 5.091105, 1523453661685.0854
8.089987, 12.844569, 5.04753, 1523453661768.4849
8.113529, 12.818748, 5.032617, 1523453661851.8386
8.126893, 12.778358, 5.036548, 1523453661934.8235
8.140192, 12.724841, 5.042134, 1523453662017.3936
8.142041, 12.672544, 5.042029, 1523453662099.7339
8.141708, 12.620014, 5.033428, 1523453662182.0737
8.14106, 12.578613, 5.016297, 1523453662264.5520
8.132703, 12.542551, 4.986009, 1523453662347.2603
8.120785, 12.503977, 4.942547, 1523453662430.1531
8.110349, 12.463588, 4.893859, 1523453662513.0459
8.101405, 12.427137, 4.849999, 1523453662596.2153
8.089094, 12.39114, 4.82539, 1523453662679.6611
8.080618, 12.352898, 4.825351, 1523453662763.3372
8.081549, 12.316144, 4.837915, 1523453662846.8750
8.081013, 12.280916, 4.830798, 1523453662930.3667
8.088069, 12.243951, 4.814776, 1523453663013.7666
8.09186, 12.202159, 4.786788, 1523453663097.0740
8.101276, 12.159549, 4.751483, 1523453663180.2893
8.115389, 12.119088, 4.715093, 1523453663263.4126
8.128167, 12.072838, 4.672442, 1523453663346.4434
8.147125, 12.034526, 4.656745, 1523453663429.7048
8.160579, 11.989944, 4.660863, 1523453663512.9663
8.166565, 11.9353, 4.668485, 1523453663595.9973
8.166518, 11.881918, 4.677567, 1523453663678.7981
8.16193, 11.825831, 4.661806, 1523453663761.4146
8.149941, 11.772135, 4.638506, 1523453663844.0308
8.135236, 11.71945, 4.59924, 1523453663926.7856
8.108667, 11.666507, 4.545437, 1523453664009.7246
8.087658, 11.615602, 4.487268, 1523453664092.8477
8.063242, 11.577679, 4.456172, 1523453664176.3396
8.048826, 11.534895, 4.448081, 1523453664259.9238
8.045355, 11.48783, 4.461381, 1523453664343.5078
8.048514, 11.44418, 4.449636, 1523453664427.0920
8.052018, 11.402716, 4.427614, 1523453664510.7678
8.061431, 11.36745, 4.389637, 1523453664594.6284
8.078685, 11.327198, 4.343447, 1523453664678.3508
8.095427, 11.273586, 4.294272, 1523453664761.7966
8.117103, 11.225796, 4.280907, 1523453664844.8738
8.127831, 11.172909, 4.277194, 1523453664927.6743
8.132979, 11.123598, 4.276359, 1523453665010.5210
8.13166, 11.076035, 4.268423, 1523453665093.5061
8.12081, 11.020494, 4.243137, 1523453665176.3992
8.097733, 10.961984, 4.198236, 1523453665259.2456
8.076897, 10.892105, 4.14886, 1523453665342.1384
8.061933, 10.841199, 4.09873, 1523453665425.4463
8.0412, 10.78882, 4.066855, 1523453665509.1221
8.043759, 10.752306, 4.076891, 1523453665593.0286
8.044301, 10.710988, 4.083806, 1523453665676.7510
8.045758, 10.660029, 4.071362, 1523453665760.2427
8.055954, 10.606841, 4.039389, 1523453665843.6885
8.058382, 10.565795, 3.991689, 1523453665927.3645
8.069015, 10.521803, 3.941648, 1523453666011.1328
8.088386, 10.479053, 3.91979, 1523453666094.9014
8.100896, 10.425117, 3.91359, 1523453666178.2549
8.108144, 10.371338, 3.913152, 1523453666261.2397
8.106439, 10.324136, 3.911668, 1523453666344.1328
8.100546, 10.265986, 3.891458, 1523453666426.8408
8.091546, 10.212117, 3.861354, 1523453666509.4111
8.081041, 10.162867, 3.815409, 1523453666592.0281
8.072243, 10.106577, 3.76996, 1523453666674.8289
8.065565, 10.063437, 3.71407, 1523453666758.0901
8.051101, 10.018064, 3.692656, 1523453666841.5820
8.044382, 9.972713, 3.693284, 1523453666925.2581
8.051121, 9.935922, 3.68913, 1523453667009.0261
8.060713, 9.889861, 3.66537, 1523453667092.9326
8.078702, 9.848452, 3.622621, 1523453667176.8855
8.090284, 9.800441, 3.569482, 1523453667260.5618
8.104562, 9.739297, 3.520417, 1523453667343.9614
8.118522, 9.685266, 3.512744, 1523453667426.9924
8.127184, 9.623565, 3.509056, 1523453667509.7468
8.130124, 9.570049, 3.509493, 1523453667592.5474
8.123874, 9.515056, 3.498876, 1523453667675.3945
8.099692, 9.466767, 3.464837, 1523453667758.1951
8.086587, 9.40399, 3.413867, 1523453667840.9033
8.070232, 9.350302, 3.358342, 1523453667923.8887
8.051869, 9.306289, 3.315047, 1523453668007.4265
8.043945, 9.268995, 3.310467, 1523453668091.3789
8.035945, 9.244488, 3.317039, 1523453668175.6082
8.04255, 9.211207, 3.314085, 1523453668259.8372
8.053488, 9.170728, 3.288534, 1523453668343.6975
8.071532, 9.129425, 3.257545, 1523453668427.3279
8.085876, 9.081329, 3.213426, 1523453668510.5891
8.098087, 9.023194, 3.174232, 1523453668593.4819
8.107453, 8.979001, 3.163937, 1523453668676.0522
8.112926, 8.925267, 3.159439, 1523453668758.6223
8.115279, 8.877506, 3.159697, 1523453668841.2844
8.106325, 8.832576, 3.154566, 1523453668924.1313
8.094075, 8.77988, 3.129884, 1523453669006.8398
8.072363, 8.717049, 3.08421, 1523453669089.3638
8.049277, 8.65304, 3.027165, 1523453669171.9338
8.022384, 8.605557, 2.973377, 1523453669254.8726
8.002521, 8.563227, 2.938279, 1523453669338.4565
7.991238, 8.523708, 2.934691, 1523453669422.4087
7.990755, 8.480585, 2.944139, 1523453669506.3149
7.995914, 8.437235, 2.936515, 1523453669590.0830
8.003284, 8.394188, 2.908476, 1523453669673.8054
8.017313, 8.353045, 2.873288, 1523453669757.4355
8.037294, 8.309724, 2.837689, 1523453669840.6970
8.057356, 8.260118, 2.799817, 1523453669923.8203
8.071873, 8.20992, 2.790535, 1523453670006.8513
8.084498, 8.153018, 2.792492, 1523453670089.7437
8.088356, 8.096478, 2.791905, 1523453670172.5444
8.085242, 8.043972, 2.775079, 1523453670255.2529
8.072918, 7.986902, 2.749168, 1523453670337.8232
8.066566, 7.933569, 2.712589, 1523453670420.3936
8.056791, 7.879418, 2.653111, 1523453670503.1023
8.0459, 7.838326, 2.607954, 1523453670586.4099
8.033936, 7.794204, 2.591982, 1523453670670.2241
8.037581, 7.749129, 2.602218, 1523453670754.2231
8.041535, 7.701486, 2.603473, 1523453670838.0835
8.05596, 7.658815, 2.593048, 1523453670921.8057
8.064464, 7.615327, 2.556474, 1523453671005.5278
8.079903, 7.578437, 2.503637, 1523453671089.2043
8.095111, 7.529223, 2.447293, 1523453671172.6038
8.109368, 7.479739, 2.428272, 1523453671255.6807
8.120454, 7.419939, 2.425253, 1523453671338.4812
8.123341, 7.3648, 2.425806, 1523453671421.2815
8.121817, 7.32315, 2.417554, 1523453671504.2202
8.114532, 7.28186, 2.400482, 1523453671587.2053
8.098341, 7.226837, 2.361938, 1523453671669.9595
8.074612, 7.174273, 2.319054, 1523453671752.5759
8.05624, 7.111347, 2.250704, 1523453671835.3303
8.033651, 7.066438, 2.213398, 1523453671918.5454
8.026215, 7.021969, 2.204187, 1523453672002.0369
8.020526, 6.980336, 2.21615, 1523453672085.6667
8.017656, 6.942179, 2.218702, 1523453672169.3430
8.023663, 6.8948, 2.201245, 1523453672252.9265
8.034837, 6.847815, 2.167381, 1523453672336.5105
8.047976, 6.806691, 2.126156, 1523453672420.0486
8.056791, 6.754694, 2.071945, 1523453672503.3560
8.069695, 6.699298, 2.053453, 1523453672586.5249
8.075479, 6.635874, 2.052913, 1523453672669.4177
8.074637, 6.564708, 2.059829, 1523453672752.2183
8.070348, 6.497124, 2.064449, 1523453672835.1570
8.063769, 6.436141, 2.064078, 1523453672918.2339
8.043636, 6.363637, 2.049671, 1523453673001.2649
8.007816, 6.28768, 2.033372, 1523453673084.2957
7.989946, 6.221092, 2.035409, 1523453673167.1882
7.965858, 6.155098, 2.037306, 1523453673249.9426
7.954011, 6.081453, 2.037004, 1523453673332.6050
7.941202, 6.023821, 2.039182, 1523453673415.4517
7.934716, 5.976756, 2.021861, 1523453673498.6206
7.924258, 5.925499, 2.014065, 1523453673582.1123
7.928844, 5.879899, 1.999882, 1523453673665.9265
7.9363, 5.821867, 1.977694, 1523453673749.9253
7.954872, 5.761978, 1.951125, 1523453673833.8779
7.974589, 5.700318, 1.906186, 1523453673917.8301
8.005616, 5.627091, 1.853751, 1523453674001.6904
8.02548, 5.571889, 1.841409, 1523453674085.8733
8.034385, 5.483088, 1.851888, 1523453674169.8254
8.037641, 5.379604, 1.865979, 1523453674253.4097
8.036051, 5.286145, 1.880723, 1523453674336.7170
8.025087, 5.185127, 1.8654, 1523453674419.7480
8.009073, 5.095338, 1.828456, 1523453674502.5947
7.990905, 5.019804, 1.830903, 1523453674585.3950
7.981136, 4.936404, 1.837259, 1523453674668.3340
7.973246, 4.861681, 1.855575, 1523453674751.3645
7.962299, 4.799132, 1.86755, 1523453674834.7183
7.955035, 4.738317, 1.855306, 1523453674918.5327
7.943303, 4.665478, 1.84517, 1523453675002.5312
7.933795, 4.574397, 1.850774, 1523453675086.4836
7.921205, 4.511384, 1.865369, 1523453675170.2515
7.907795, 4.452684, 1.872514, 1523453675254.0659
7.898643, 4.407488, 1.885946, 1523453675337.8804
7.881535, 4.363199, 1.884722, 1523453675421.5566
7.847173, 4.297506, 1.877311, 1523453675504.7258
7.795724, 4.234054, 1.869467, 1523453675587.2964
7.739447, 4.175533, 1.862424, 1523453675669.5442
7.671032, 4.118072, 1.858918, 1523453675751.7461
7.602715, 4.072726, 1.863829, 1523453675833.9941
7.552249, 4.023419, 1.87523, 1523453675916.4263
7.511107, 3.975961, 1.883441, 1523453675999.0425
7.468545, 3.92175, 1.879354, 1523453676082.0273
7.417391, 3.871423, 1.862355, 1523453676165.2427
7.376856, 3.814611, 1.850734, 1523453676248.4580
7.340271, 3.753222, 1.867426, 1523453676331.9036
7.32055, 3.696497, 1.888899, 1523453676415.6719
7.282442, 3.655792, 1.900364, 1523453676499.5320
7.238642, 3.606425, 1.90093, 1523453676583.1157
7.179537, 3.560946, 1.903981, 1523453676666.2852
7.119363, 3.513907, 1.901846, 1523453676749.0859
7.062226, 3.488346, 1.887173, 1523453676831.9788
6.993235, 3.462496, 1.856574, 1523453676915.0098
6.943639, 3.448214, 1.862543, 1523453676998.0867
6.875636, 3.427653, 1.85811, 1523453677080.9792
6.821181, 3.405143, 1.859801, 1523453677163.8259
6.78045, 3.37447, 1.870437, 1523453677246.9490
6.740779, 3.336464, 1.864055, 1523453677330.5789
6.716355, 3.311386, 1.868767, 1523453677414.7158
6.688607, 3.272039, 1.865335, 1523453677499.3137
6.674864, 3.221515, 1.872952, 1523453677584.0493
6.661649, 3.169072, 1.883008, 1523453677668.5090
6.64887, 3.107358, 1.888718, 1523453677752.9683
6.642691, 3.055107, 1.905096, 1523453677837.2896
6.616943, 3.002487, 1.925322, 1523453677921.2424
6.596075, 2.959164, 1.920572, 1523453678004.6416
6.55509, 2.930651, 1.914966, 1523453678087.3501
6.516571, 2.905668, 1.905313, 1523453678169.4595
6.47331, 2.904693, 1.892184, 1523453678251.3386
6.444048, 2.902572, 1.890209, 1523453678333.1255
6.404025, 2.891235, 1.904181, 1523453678414.9585
6.370554, 2.879322, 1.909699, 1523453678496.8838
6.346227, 2.868886, 1.91453, 1523453678578.9473
6.320876, 2.851851, 1.909371, 1523453678661.1030
6.27658, 2.829962, 1.908691, 1523453678743.3967
6.242391, 2.812534, 1.917967, 1523453678825.9673
6.216738, 2.784456, 1.915686, 1523453678909.0447
6.20781, 2.762128, 1.904444, 1523453678992.5366
6.179368, 2.753197, 1.899462, 1523453679076.0745
6.149387, 2.755266, 1.89737, 1523453679159.2437
6.122829, 2.761603, 1.8954, 1523453679242.1826
6.101227, 2.767047, 1.896487, 1523453679325.0291
6.084301, 2.776927, 1.899892, 1523453679408.0144
6.074085, 2.796409, 1.892053, 1523453679491.0454
6.072914, 2.816689, 1.895332, 1523453679574.1687
6.07115, 2.839369, 1.886974, 1523453679657.4761
6.080507, 2.84931, 1.886432, 1523453679741.0142
6.080552, 2.86923, 1.881265, 1523453679824.8284
6.08083, 2.878823, 1.876349, 1523453679908.9189
6.077247, 2.885533, 1.867646, 1523453679993.1479
6.082563, 2.892433, 1.872395, 1523453680077.5151
6.090668, 2.895569, 1.872647, 1523453680161.9290
6.105217, 2.895379, 1.882657, 1523453680246.4343
6.11588, 2.891502, 1.885829, 1523453680330.9858
6.130903, 2.892021, 1.865613, 1523453680415.6758
6.147723, 2.862751, 1.884369, 1523453680500.3657
6.168231, 2.827635, 1.894153, 1523453680584.7791
6.184207, 2.795662, 1.891534, 1523453680668.8237
6.187457, 2.746731, 1.888055, 1523453680752.6382
6.195722, 2.704235, 1.890104, 1523453680836.2683
6.197018, 2.658833, 1.884001, 1523453680919.6680
6.193783, 2.610022, 1.875156, 1523453681002.8835
6.181936, 2.586519, 1.899127, 1523453681085.8687
6.176318, 2.554751, 1.904179, 1523453681168.6689
6.171024, 2.528494, 1.908492, 1523453681251.1934
6.172929, 2.516664, 1.918302, 1523453681333.3953
6.170552, 2.511965, 1.920968, 1523453681415.4124
6.181215, 2.510619, 1.917722, 1523453681497.4763
6.194562, 2.503361, 1.9168, 1523453681579.6780
6.206561, 2.485179, 1.90087, 1523453681662.2021
6.218637, 2.477379, 1.890926, 1523453681744.8645
6.227146, 2.465354, 1.891095, 1523453681827.5732
6.233832, 2.456278, 1.885488, 1523453681910.2817
6.240631, 2.436865, 1.881756, 1523453681993.0825
6.248915, 2.421486, 1.872505, 1523453682075.9753
6.251082, 2.408645, 1.875819, 1523453682159.0522
6.25573, 2.39825, 1.877874, 1523453682242.0835
6.258583, 2.402469, 1.866938, 1523453682324.9766
6.254461, 2.406207, 1.861017, 1523453682408.0078
6.253574, 2.390499, 1.86448, 1523453682491.3616
6.256035, 2.369206, 1.868457, 1523453682575.0378
6.260447, 2.366654, 1.865656, 1523453682658.5300
6.264422, 2.377053, 1.850959, 1523453682741.5610
6.264157, 2.385642, 1.868991, 1523453682824.3618
6.264749, 2.398639, 1.872092, 1523453682907.1626
6.266562, 2.399569, 1.863253, 1523453682990.1936
6.259845, 2.399264, 1.860297, 1523453683073.3628
6.265237, 2.396172, 1.864011, 1523453683156.6243
6.262465, 2.398934, 1.867938, 1523453683239.9780
6.263235, 2.401017, 1.874756, 1523453683323.2856
6.262277, 2.409179, 1.873924, 1523453683406.5933
6.26424, 2.418284, 1.867562, 1523453683489.8550
6.26756, 2.424191, 1.873101, 1523453683573.1167
6.26586, 2.425536, 1.87262, 1523453683656.4702
6.262876, 2.431299, 1.873196, 1523453683739.8701
6.264042, 2.427605, 1.876219, 1523453683823.3157
6.262387, 2.428453, 1.871935, 1523453683906.7617
6.255833, 2.422962, 1.887565, 1523453683990.1611
6.25376, 2.42176, 1.872133, 1523453684073.5151
6.248737, 2.413927, 1.874242, 1523453684156.8228
6.251069, 2.405488, 1.872037, 1523453684240.1763
6.247046, 2.399252, 1.868185, 1523453684323.5298
6.234481, 2.394346, 1.876602, 1523453684406.7456
6.230838, 2.395175, 1.879025, 1523453684489.9153
6.228434, 2.398205, 1.87612, 1523453684573.0386
6.229142, 2.393954, 1.877096, 1523453684656.2083
6.226876, 2.392267, 1.882559, 1523453684739.2856
6.221438, 2.395053, 1.884385, 1523453684822.4092
6.222475, 2.399638, 1.876807, 1523453684905.4863
6.225234, 2.39711, 1.878146, 1523453684988.5637
6.228086, 2.404137, 1.878168, 1523453685071.6870
6.223254, 2.403619, 1.882672, 1523453685154.8103
6.227928, 2.411608, 1.887614, 1523453685237.9341
6.222967, 2.417098, 1.885032, 1523453685321.0571
6.222548, 2.422887, 1.882825, 1523453685404.2266
6.217534, 2.425174, 1.890907, 1523453685487.3496
6.216987, 2.428282, 1.885142, 1523453685570.5652
6.217516, 2.430442, 1.883877, 1523453685653.7344
6.223307, 2.429234, 1.887815, 1523453685736.9497
6.218202, 2.431756, 1.87962, 1523453685820.1187
6.218542, 2.434649, 1.876725, 1523453685903.3804
6.218076, 2.43314, 1.886721, 1523453685986.6880
6.215359, 2.43523, 1.903641, 1523453686070.0417
6.208382, 2.435569, 1.889672, 1523453686153.3037
6.203128, 2.432327, 1.887016, 1523453686236.6113
6.195548, 2.427932, 1.881825, 1523453686319.9648
6.196917, 2.42884, 1.893428, 1523453686403.4111
6.194565, 2.421988, 1.894989, 1523453686486.8569
6.190139, 2.422599, 1.896569, 1523453686570.3027
6.184752, 2.417008, 1.892032, 1523453686653.6567
6.177195, 2.415806, 1.894822, 1523453686736.9641
6.177487, 2.411663, 1.889441, 1523453686820.3179
6.177109, 2.405499, 1.895326, 1523453686903.6255
6.170487, 2.403176, 1.889228, 1523453686986.8408
6.167656, 2.403962, 1.888445, 1523453687070.0566
6.159193, 2.403701, 1.892509, 1523453687153.2722
6.156443, 2.400407, 1.894502, 1523453687236.4878
6.155921, 2.403635, 1.89116, 1523453687319.7954
6.154384, 2.403783, 1.893952, 1523453687403.1492
6.15152, 2.39668, 1.889364, 1523453687486.5493
6.144621, 2.392416, 1.892724, 1523453687569.9028
6.155379, 2.384281, 1.906308, 1523453687653.1643
6.147377, 2.406685, 1.899706, 1523453687736.3340
6.146931, 2.417219, 1.905815, 1523453687819.5493
6.151509, 2.416334, 1.901389, 1523453687902.8108
6.159372, 2.412671, 1.896918, 1523453687986.2107
6.162167, 2.409839, 1.891977, 1523453688069.5186
6.170463, 2.400345, 1.893567, 1523453688152.7798
6.17264, 2.401325, 1.891823, 1523453688235.9033
6.169563, 2.404177, 1.888233, 1523453688319.0266
6.165901, 2.396797, 1.895562, 1523453688402.2422
6.1658, 2.391155, 1.89932, 1523453688485.6418
6.165135, 2.381873, 1.896662, 1523453688569.1340
6.158812, 2.372103, 1.901751, 1523453688652.5796
6.154764, 2.369857, 1.900005, 1523453688735.8875
6.146751, 2.365017, 1.898226, 1523453688819.0107
6.145736, 2.361386, 1.900113, 1523453688902.0417
6.147885, 2.355469, 1.898103, 1523453688985.0269
6.141649, 2.350653, 1.895766, 1523453689067.9658
6.143752, 2.33639, 1.892851, 1523453689150.9512
6.147033, 2.333631, 1.891529, 1523453689233.9824
6.147023, 2.3309, 1.893298, 1523453689317.0137
6.146791, 2.331925, 1.891236, 1523453689400.2290
6.139275, 2.325964, 1.898756, 1523453689483.4446
6.139566, 2.324267, 1.901142, 1523453689566.7065
6.135496, 2.32562, 1.895727, 1523453689650.0139
6.13917, 2.321119, 1.895768, 1523453689733.3677
6.135303, 2.329308, 1.890113, 1523453689816.7676
6.133754, 2.331259, 1.894731, 1523453689900.2590
6.136252, 2.328133, 1.896586, 1523453689983.7512
