1523463933999.0000
9.489033, 2.517863, 2.075657, 1523463933999.0000
9.487246, 2.516168, 2.082769, 1523463934082.1704
9.492138, 2.51223, 2.087956, 1523463934165.3413
9.493892, 2.509731, 2.0876, 1523463934248.5581
9.491261, 2.506891, 2.076224, 1523463934331.7747
9.494903, 2.499497, 2.091386, 1523463934414.9912
9.496183, 2.502541, 2.083111, 1523463934498.3000
9.49629, 2.495613, 2.085013, 1523463934581.5630
9.500219, 2.495871, 2.079435, 1523463934664.9175
9.501209, 2.49601, 2.081311, 1523463934748.2263
9.494026, 2.497051, 2.084671, 1523463934831.6272
9.495464, 2.494849, 2.096135, 1523463934914.9819
9.490655, 2.500054, 2.08566, 1523463934998.3369
9.489226, 2.497106, 2.081456, 1523463935081.6919
9.492061, 2.501344, 2.086857, 1523463935165.1392
9.491459, 2.495585, 2.081367, 1523463935248.5400
9.490986, 2.491142, 2.087806, 1523463935331.8948
9.485316, 2.486813, 2.071096, 1523463935415.3420
9.485764, 2.485972, 2.0734, 1523463935498.6968
9.484712, 2.47855, 2.079954, 1523463935582.0056
9.484296, 2.474052, 2.079604, 1523463935665.2222
9.474369, 2.466413, 2.071937, 1523463935748.3469
9.468848, 2.464368, 2.075578, 1523463935831.5635
9.471678, 2.466006, 2.076564, 1523463935914.7800
9.451859, 2.448436, 2.089326, 1523463935998.0430
9.446648, 2.442983, 2.07407, 1523463936081.2598
9.426748, 2.435619, 2.074717, 1523463936164.4766
9.421771, 2.426818, 2.077974, 1523463936247.7854
9.400644, 2.426064, 2.060805, 1523463936331.0940
9.383501, 2.422983, 2.055498, 1523463936414.4949
9.359795, 2.421658, 2.053962, 1523463936497.8960
9.33599, 2.43395, 2.042984, 1523463936581.2512
9.306362, 2.454319, 2.040719, 1523463936664.6062
9.271441, 2.477675, 2.032249, 1523463936748.0073
9.239326, 2.512934, 2.016737, 1523463936831.5007
9.211482, 2.562228, 2.021735, 1523463936914.9939
9.189245, 2.61396, 2.014043, 1523463936998.3489
9.177881, 2.672434, 2.022941, 1523463937081.5654
9.184005, 2.725628, 2.045923, 1523463937164.6904
9.171732, 2.759326, 2.058126, 1523463937248.0457
9.169915, 2.807629, 2.037084, 1523463937331.7695
9.151213, 2.860777, 2.051468, 1523463937415.6313
9.13581, 2.896154, 2.05012, 1523463937499.4011
9.09444, 2.940707, 2.033605, 1523463937582.9404
9.051067, 2.991012, 2.020641, 1523463937666.3416
8.987917, 3.036232, 2.016689, 1523463937749.5122
8.930726, 3.081005, 2.026553, 1523463937832.5906
8.878294, 3.128202, 2.052093, 1523463937915.8535
8.83784, 3.187391, 2.045396, 1523463937999.3008
8.808981, 3.243682, 2.050304, 1523463938082.5637
8.77949, 3.300544, 2.057432, 1523463938165.5042
8.764501, 3.363337, 2.034857, 1523463938248.3521
8.748392, 3.447488, 2.023212, 1523463938331.1079
8.740186, 3.520881, 2.019637, 1523463938413.7253
8.735797, 3.60082, 2.033975, 1523463938496.0205
8.729014, 3.673167, 2.048735, 1523463938578.2236
8.727835, 3.730924, 2.053969, 1523463938660.7034
8.72164, 3.803111, 2.055578, 1523463938743.6897
8.69516, 3.879597, 2.046501, 1523463938827.0444
8.667221, 3.965115, 2.027424, 1523463938910.4456
8.635474, 4.04985, 2.030336, 1523463938993.8926
8.60476, 4.137798, 2.025033, 1523463939077.4316
8.573209, 4.21577, 2.045433, 1523463939161.1094
8.558602, 4.29776, 2.04259, 1523463939245.1096
8.549607, 4.373142, 2.055834, 1523463939329.0637
8.53975, 4.448649, 2.056037, 1523463939412.5566
8.524946, 4.538178, 2.049735, 1523463939495.6814
8.523268, 4.620342, 2.03844, 1523463939578.5752
8.528457, 4.699881, 2.035481, 1523463939661.4233
8.53194, 4.783219, 2.050301, 1523463939744.2253
8.533278, 4.857704, 2.058348, 1523463939827.0273
8.524692, 4.943071, 2.053393, 1523463939909.8291
8.511911, 5.03962, 2.061775, 1523463939992.8616
8.499163, 5.123628, 2.054695, 1523463940075.9861
8.488126, 5.209326, 2.038096, 1523463940159.2949
8.476528, 5.306846, 2.030014, 1523463940242.7419
8.467999, 5.389515, 2.048959, 1523463940326.3733
8.453915, 5.476408, 2.065837, 1523463940410.3733
8.475128, 5.566597, 2.075356, 1523463940494.5115
8.465748, 5.653662, 2.068424, 1523463940578.3271
8.452895, 5.74128, 2.054461, 1523463940661.7283
8.452839, 5.831152, 2.019926, 1523463940744.8066
8.446283, 5.933391, 2.02315, 1523463940827.7007
8.454567, 6.023201, 2.039088, 1523463940910.6870
8.480035, 6.102484, 2.078706, 1523463940993.9041
8.495908, 6.175811, 2.118673, 1523463941076.9824
8.499057, 6.246129, 2.153921, 1523463941159.9685
8.50534, 6.298791, 2.195317, 1523463941243.0471
8.509957, 6.355145, 2.216898, 1523463941326.1255
8.504185, 6.41749, 2.213959, 1523463941409.2039
8.491768, 6.480143, 2.204023, 1523463941492.2363
8.479504, 6.560228, 2.195596, 1523463941575.3608
8.456489, 6.645677, 2.202718, 1523463941658.5315
8.427205, 6.722171, 2.242312, 1523463941741.7019
8.400177, 6.80106, 2.289361, 1523463941825.1489
8.386354, 6.867485, 2.327194, 1523463941908.9185
8.381307, 6.924741, 2.371494, 1523463941992.7341
8.387259, 6.979245, 2.388426, 1523463942076.4114
8.390438, 7.036815, 2.412167, 1523463942159.9043
8.387941, 7.08899, 2.411877, 1523463942243.1670
8.385139, 7.143738, 2.413597, 1523463942326.2915
8.388287, 7.190181, 2.436441, 1523463942409.3237
8.404695, 7.238692, 2.48546, 1523463942492.2180
8.413263, 7.286714, 2.522217, 1523463942574.9277
8.415852, 7.334538, 2.54924, 1523463942657.6836
8.416698, 7.378336, 2.572274, 1523463942740.5774
8.411115, 7.428205, 2.581199, 1523463942823.6096
8.402401, 7.480072, 2.585627, 1523463942906.7800
8.391458, 7.535311, 2.587718, 1523463942989.9507
8.382084, 7.587964, 2.615573, 1523463943073.3054
8.373157, 7.638784, 2.654033, 1523463943156.8909
8.37171, 7.683105, 2.706054, 1523463943240.7524
8.368052, 7.722124, 2.751187, 1523463943324.7065
8.364615, 7.75724, 2.788284, 1523463943408.3838
8.362953, 7.805225, 2.792154, 1523463943491.9690
8.371877, 7.853471, 2.783589, 1523463943575.4619
8.372266, 7.918852, 2.79017, 1523463943658.6323
8.374947, 7.967623, 2.812217, 1523463943741.5261
8.386505, 8.02002, 2.868224, 1523463943824.3743
8.39471, 8.057613, 2.909648, 1523463943907.0837
8.397163, 8.097325, 2.945316, 1523463943989.9319
8.395145, 8.140362, 2.96028, 1523463944072.8262
8.387616, 8.197891, 2.95945, 1523463944155.8123
8.382265, 8.255416, 2.959072, 1523463944238.9365
8.381488, 8.318725, 2.965848, 1523463944322.1992
8.377946, 8.370947, 2.990841, 1523463944405.5542
8.369172, 8.416188, 3.037036, 1523463944489.1394
8.367414, 8.455741, 3.089226, 1523463944573.0010
8.372642, 8.494584, 3.133485, 1523463944656.9089
8.37498, 8.535279, 3.157894, 1523463944740.6323
8.390238, 8.589554, 3.153012, 1523463944824.2637
8.398844, 8.640959, 3.150975, 1523463944907.6643
8.396997, 8.702431, 3.165831, 1523463944990.6504
8.405553, 8.754314, 3.1972, 1523463945073.4526
8.41611, 8.804471, 3.241909, 1523463945156.1162
8.422657, 8.854472, 3.279327, 1523463945238.8259
8.434305, 8.906455, 3.312949, 1523463945321.7200
8.441887, 8.956348, 3.326415, 1523463945404.6599
8.438541, 9.012918, 3.331089, 1523463945487.6924
8.437212, 9.075363, 3.332788, 1523463945570.8630
8.434784, 9.132591, 3.342497, 1523463945654.2180
8.428092, 9.179951, 3.379948, 1523463945737.7109
8.423667, 9.226788, 3.424627, 1523463945821.4343
8.42549, 9.262004, 3.464733, 1523463945905.1118
8.422818, 9.295321, 3.506911, 1523463945988.6968
8.424265, 9.334639, 3.520518, 1523463946072.3281
8.433147, 9.375151, 3.517371, 1523463946155.9133
8.427248, 9.425737, 3.518565, 1523463946239.2683
8.419819, 9.482957, 3.534244, 1523463946322.3928
8.435056, 9.530033, 3.567978, 1523463946405.6094
8.454231, 9.574482, 3.612272, 1523463946488.6880
8.465309, 9.608799, 3.655994, 1523463946571.4897
8.466947, 9.647811, 3.688415, 1523463946654.2456
8.467224, 9.687075, 3.699918, 1523463946737.0938
8.463756, 9.738622, 3.697135, 1523463946819.9414
8.455077, 9.794062, 3.695756, 1523463946902.8357
8.44202, 9.858042, 3.709025, 1523463946985.7756
8.428041, 9.917909, 3.73824, 1523463947068.9463
8.422489, 9.969555, 3.782286, 1523463947152.5315
8.425133, 10.007105, 3.825533, 1523463947236.3928
8.425761, 10.041543, 3.867218, 1523463947320.2546
8.439194, 10.075518, 3.88346, 1523463947404.1165
8.448453, 10.119952, 3.882183, 1523463947487.8398
8.44572, 10.171844, 3.883693, 1523463947571.2410
8.453316, 10.221478, 3.900665, 1523463947654.4575
8.470273, 10.273037, 3.948317, 1523463947737.6279
8.488305, 10.32042, 3.994225, 1523463947820.6143
8.491078, 10.366229, 4.028632, 1523463947903.4160
8.492693, 10.413644, 4.062381, 1523463947986.1721
8.502045, 10.453456, 4.065952, 1523463948069.1121
8.506063, 10.496042, 4.0519, 1523463948152.2827
8.510229, 10.551601, 4.054558, 1523463948235.4531
8.486121, 10.621377, 4.060613, 1523463948318.5776
8.471099, 10.684278, 4.083408, 1523463948401.7480
8.454652, 10.73693, 4.124277, 1523463948485.1489
8.451633, 10.783712, 4.175555, 1523463948568.9185
8.455247, 10.80584, 4.223656, 1523463948652.8264
8.449306, 10.835317, 4.254888, 1523463948736.5498
8.443759, 10.872097, 4.264792, 1523463948820.1348
8.434835, 10.925843, 4.25664, 1523463948903.4436
8.430461, 10.98762, 4.257074, 1523463948986.5222
8.430807, 11.047522, 4.284814, 1523463949069.5544
8.441398, 11.097059, 4.335224, 1523463949152.4946
8.441613, 11.147028, 4.378034, 1523463949235.2505
8.444715, 11.180206, 4.422111, 1523463949318.1448
8.44094, 11.209702, 4.445728, 1523463949401.0850
8.430031, 11.251372, 4.453804, 1523463949483.9331
8.413709, 11.305457, 4.448325, 1523463949566.8271
8.404844, 11.365091, 4.451783, 1523463949649.9517
8.39772, 11.427402, 4.476459, 1523463949733.3987
8.380423, 11.485871, 4.517709, 1523463949817.0759
8.374583, 11.530834, 4.562142, 1523463949901.0759
8.378393, 11.565295, 4.610226, 1523463949985.1221
8.378205, 11.596274, 4.637306, 1523463950068.9377
8.377698, 11.636515, 4.642389, 1523463950152.5688
8.38242, 11.682005, 4.637298, 1523463950235.9236
8.379466, 11.739979, 4.643252, 1523463950319.0481
8.382413, 11.790981, 4.666317, 1523463950402.0806
8.392126, 11.832724, 4.718423, 1523463950484.9287
8.393054, 11.874187, 4.760164, 1523463950567.5461
8.391365, 11.910056, 4.792743, 1523463950650.1638
8.380313, 11.944882, 4.817638, 1523463950732.8274
8.36744, 11.987495, 4.81588, 1523463950815.6292
8.351611, 12.038298, 4.808263, 1523463950898.7078
8.342143, 12.101089, 4.813031, 1523463950981.7861
8.324286, 12.166925, 4.83075, 1523463951065.0947
8.312875, 12.231698, 4.876669, 1523463951148.7263
8.306728, 12.281059, 4.923342, 1523463951232.5881
8.310845, 12.316223, 4.970869, 1523463951316.5417
8.314086, 12.347122, 4.996112, 1523463951400.3113
8.326014, 12.383415, 4.991737, 1523463951484.0808
8.335052, 12.42651, 4.994196, 1523463951567.6663
8.329581, 12.481978, 5.003898, 1523463951650.8831
8.333992, 12.535376, 5.035897, 1523463951733.9153
8.342208, 12.582555, 5.083798, 1523463951816.8093
8.345626, 12.619228, 5.126412, 1523463951899.5188
8.349309, 12.654014, 5.163143, 1523463951982.3669
8.337843, 12.676932, 5.181709, 1523463952065.2148
8.33442, 12.713875, 5.185154, 1523463952148.2009
8.327205, 12.764112, 5.181174, 1523463952231.2334
8.307565, 12.819949, 5.186912, 1523463952314.2656
8.291159, 12.879782, 5.198586, 1523463952397.3904
8.273519, 12.940887, 5.227296, 1523463952480.6995
8.258373, 12.999938, 5.265637, 1523463952564.1926
8.242189, 13.043021, 5.297712, 1523463952647.7317
8.225536, 13.075886, 5.336908, 1523463952731.1326
8.212404, 13.110704, 5.356545, 1523463952814.4414
8.204013, 13.148211, 5.362064, 1523463952897.7505
8.18254, 13.18977, 5.367907, 1523463952980.9211
8.151825, 13.235715, 5.371142, 1523463953063.8152
8.122252, 13.280962, 5.375485, 1523463953146.5710
8.094794, 13.327647, 5.376163, 1523463953229.4653
8.059908, 13.384788, 5.374698, 1523463953312.2673
8.013568, 13.4261, 5.378942, 1523463953394.9312
7.978572, 13.465236, 5.388506, 1523463953477.7793
7.929827, 13.502645, 5.381719, 1523463953560.9038
7.879262, 13.538372, 5.376945, 1523463953644.3047
7.825304, 13.567604, 5.374522, 1523463953727.8438
7.77034, 13.587595, 5.385399, 1523463953811.5215
7.70909, 13.608757, 5.399752, 1523463953895.2910
7.653331, 13.63616, 5.400048, 1523463953979.0605
7.603846, 13.672574, 5.400947, 1523463954062.9224
7.549307, 13.700443, 5.405295, 1523463954146.7378
7.500299, 13.734716, 5.405341, 1523463954230.3691
7.446927, 13.771856, 5.394571, 1523463954313.9084
7.383911, 13.817296, 5.390395, 1523463954397.1709
7.323061, 13.850101, 5.39058, 1523463954480.1572
7.2687, 13.880983, 5.400336, 1523463954563.1436
7.213355, 13.920971, 5.400892, 1523463954646.1758
7.1482, 13.960748, 5.397522, 1523463954729.2078
7.08728, 13.992352, 5.398292, 1523463954812.4707
7.025066, 14.024451, 5.384923, 1523463954895.9639
6.969546, 14.053227, 5.387514, 1523463954979.6875
6.88984, 14.075443, 5.375252, 1523463955063.4573
6.814822, 14.086964, 5.3789, 1523463955146.9966
6.732269, 14.099804, 5.367095, 1523463955230.3975
6.643743, 14.115746, 5.366769, 1523463955313.7983
6.56509, 14.135981, 5.397238, 1523463955397.1533
6.500552, 14.150026, 5.441265, 1523463955480.4622
6.452932, 14.172498, 5.48071, 1523463955563.9551
6.401323, 14.197601, 5.512643, 1523463955647.4021
6.356273, 14.204457, 5.530346, 1523463955730.7109
6.301044, 14.216852, 5.541341, 1523463955814.0198
6.250115, 14.224424, 5.560393, 1523463955897.1907
6.194021, 14.234012, 5.58854, 1523463955980.4072
6.143013, 14.233901, 5.629919, 1523463956063.4395
6.097389, 14.231538, 5.675282, 1523463956146.3337
6.055576, 14.235751, 5.70268, 1523463956229.3662
6.01715, 14.239419, 5.720732, 1523463956312.4905
5.974319, 14.235943, 5.725966, 1523463956395.5688
5.921975, 14.233782, 5.727335, 1523463956478.6016
5.87045, 14.226302, 5.727834, 1523463956561.7258
5.800907, 14.219588, 5.747259, 1523463956645.0347
5.748803, 14.209937, 5.784723, 1523463956728.5742
5.700668, 14.210252, 5.828504, 1523463956812.4819
5.658658, 14.207239, 5.863037, 1523463956896.4360
5.6146, 14.201676, 5.897431, 1523463956980.0674
5.576478, 14.197096, 5.901489, 1523463957063.6064
5.523389, 14.191887, 5.899101, 1523463957146.9617
5.467056, 14.183996, 5.908075, 1523463957230.0403
5.406349, 14.183603, 5.943554, 1523463957312.9343
5.365297, 14.187091, 6.001975, 1523463957395.6443
5.321623, 14.194757, 6.040776, 1523463957478.3081
5.275333, 14.200827, 6.064841, 1523463957561.0637
5.213906, 14.196494, 6.076419, 1523463957643.9119
5.165002, 14.189831, 6.072845, 1523463957726.8979
5.100188, 14.186213, 6.069806, 1523463957810.1609
5.038087, 14.178165, 6.088571, 1523463957893.5159
4.985801, 14.167291, 6.131127, 1523463957977.1008
4.936112, 14.169197, 6.169936, 1523463958061.0088
4.894682, 14.167288, 6.21675, 1523463958145.0088
4.860615, 14.163692, 6.254604, 1523463958228.8706
4.821271, 14.157365, 6.26752, 1523463958312.5940
4.768477, 14.152379, 6.268196, 1523463958396.1331
4.706441, 14.151189, 6.269617, 1523463958479.3032
4.644506, 14.151502, 6.300509, 1523463958562.1514
4.585945, 14.15338, 6.353211, 1523463958644.7234
4.549272, 14.159477, 6.398131, 1523463958727.2488
4.506398, 14.164443, 6.430094, 1523463958809.9585
4.460005, 14.159208, 6.438227, 1523463958892.9448
4.408606, 14.159901, 6.448299, 1523463958976.1616
4.347064, 14.160311, 6.446869, 1523463959059.6084
4.283857, 14.153169, 6.470438, 1523463959143.0557
4.230625, 14.151857, 6.506141, 1523463959226.6873
4.185023, 14.163917, 6.536892, 1523463959310.6411
4.137946, 14.182898, 6.575203, 1523463959394.5955
4.087567, 14.185235, 6.608458, 1523463959478.1809
4.039788, 14.187788, 6.615331, 1523463959561.3518
3.971709, 14.177852, 6.627523, 1523463959644.0615
3.909958, 14.171315, 6.655717, 1523463959726.4026
3.860218, 14.163996, 6.705117, 1523463959808.6057
3.817027, 14.154866, 6.73703, 1523463959890.7163
3.761947, 14.145496, 6.764737, 1523463959972.8733
3.710091, 14.123734, 6.76997, 1523463960055.3528
3.660161, 14.101245, 6.766605, 1523463960138.1089
3.606562, 14.082463, 6.770885, 1523463960221.0488
3.550404, 14.046844, 6.790886, 1523463960304.2195
3.483201, 14.001158, 6.800814, 1523463960387.8044
3.412318, 13.973055, 6.837049, 1523463960471.8506
3.34583, 13.948119, 6.890449, 1523463960556.0808
3.297331, 13.931483, 6.93503, 1523463960640.0347
3.256747, 13.912996, 6.957212, 1523463960724.0344
3.193565, 13.895235, 6.947845, 1523463960808.1267
3.123931, 13.865163, 6.934698, 1523463960891.7122
3.059169, 13.824309, 6.961304, 1523463960974.6985
3.010269, 13.80499, 6.987432, 1523463961057.5923
2.929085, 13.782136, 6.967727, 1523463961140.7627
2.849175, 13.739703, 6.962713, 1523463961223.9331
2.766263, 13.699772, 6.954297, 1523463961307.2415
2.687542, 13.663206, 6.944972, 1523463961390.6882
2.611357, 13.615807, 6.945077, 1523463961474.0432
2.551831, 13.560091, 6.964183, 1523463961557.2136
2.485848, 13.496642, 7.001643, 1523463961640.4302
2.428819, 13.455181, 7.039619, 1523463961723.9229
2.371788, 13.425456, 7.080814, 1523463961807.4619
2.326085, 13.3971, 7.105547, 1523463961890.6787
2.274806, 13.358314, 7.109014, 1523463961973.8489
2.221673, 13.321115, 7.10775, 1523463962057.0652
2.170627, 13.287922, 7.13272, 1523463962140.1436
2.132183, 13.261574, 7.183626, 1523463962222.9912
2.093154, 13.224288, 7.218716, 1523463962305.4707
2.056504, 13.17932, 7.255922, 1523463962387.9500
2.021678, 13.142079, 7.278428, 1523463962470.7056
1.976166, 13.102022, 7.272571, 1523463962553.6917
1.939689, 13.064067, 7.271811, 1523463962636.8159
1.90106, 13.00794, 7.290552, 1523463962720.1707
1.86444, 12.957615, 7.322947, 1523463962803.8477
1.81917, 12.918653, 7.368545, 1523463962887.9395
1.780995, 12.894204, 7.417638, 1523463962972.0315
1.751334, 12.87093, 7.449065, 1523463963055.8931
1.722674, 12.834063, 7.459215, 1523463963139.6160
1.690385, 12.776156, 7.459494, 1523463963223.0171
1.667974, 12.718445, 7.484458, 1523463963305.8186
1.648655, 12.678699, 7.519346, 1523463963388.3899
1.618721, 12.629122, 7.560192, 1523463963470.9609
1.585242, 12.583656, 7.596431, 1523463963553.8550
1.565762, 12.53273, 7.625302, 1523463963636.8411
1.560051, 12.495138, 7.635114, 1523463963719.7810
1.5453, 12.428602, 7.631304, 1523463963802.8132
1.527605, 12.356607, 7.626207, 1523463963886.0759
1.520224, 12.282315, 7.628575, 1523463963969.4304
1.517011, 12.205016, 7.635571, 1523463964052.8774
1.506709, 12.125547, 7.637583, 1523463964136.4626
1.487099, 12.059025, 7.652772, 1523463964220.1858
1.46779, 11.996334, 7.663968, 1523463964303.7710
1.448629, 11.930256, 7.662324, 1523463964387.1719
1.43188, 11.844622, 7.662243, 1523463964470.3425
1.404536, 11.75781, 7.680998, 1523463964553.3289
1.380564, 11.693748, 7.727213, 1523463964636.2229
1.364977, 11.628868, 7.758864, 1523463964719.2092
1.351537, 11.562064, 7.790542, 1523463964802.2876
1.352981, 11.49762, 7.812172, 1523463964885.4124
1.35718, 11.424128, 7.821658, 1523463964968.4910
1.357516, 11.356291, 7.816538, 1523463965051.5693
1.354454, 11.281241, 7.815882, 1523463965134.8323
1.350376, 11.19628, 7.834265, 1523463965218.2795
1.345898, 11.120398, 7.869239, 1523463965302.0029
1.341043, 11.056142, 7.910785, 1523463965385.9109
1.327746, 11.004758, 7.954074, 1523463965469.8647
1.313233, 10.958867, 7.966095, 1523463965553.6802
1.30678, 10.899345, 7.967251, 1523463965637.3577
1.30845, 10.83965, 7.977854, 1523463965720.6665
1.306046, 10.771641, 8.008151, 1523463965803.7910
1.311697, 10.707209, 8.052124, 1523463965886.5928
1.317503, 10.651714, 8.089265, 1523463965969.3491
1.318939, 10.59356, 8.127502, 1523463966052.2893
1.321303, 10.537266, 8.144454, 1523463966135.3677
1.33612, 10.475693, 8.143698, 1523463966218.4458
1.346127, 10.412411, 8.168102, 1523463966301.5242
1.35516, 10.352013, 8.200444, 1523463966384.7869
1.36054, 10.303809, 8.239985, 1523463966468.3721
1.351904, 10.256499, 8.290862, 1523463966552.3259
1.351009, 10.221519, 8.33696, 1523463966636.1877
1.355393, 10.179375, 8.358716, 1523463966720.0032
1.367547, 10.131962, 8.361345, 1523463966803.7729
1.381628, 10.077579, 8.368862, 1523463966887.2661
1.380417, 10.024828, 8.397026, 1523463966970.6208
1.365989, 9.972939, 8.443769, 1523463967053.6995
1.360995, 9.927428, 8.481103, 1523463967136.5938
1.372095, 9.875149, 8.515104, 1523463967219.4417
1.3941, 9.824445, 8.524575, 1523463967302.2439
1.422894, 9.765232, 8.515937, 1523463967384.9998
1.447875, 9.693531, 8.510074, 1523463967467.8938
1.481693, 9.618347, 8.522587, 1523463967550.8340
1.511777, 9.543086, 8.566882, 1523463967634.0969
1.527728, 9.485041, 8.599941, 1523463967717.7744
1.531564, 9.436252, 8.645484, 1523463967801.6360
1.535929, 9.39911, 8.686582, 1523463967885.4058
1.550038, 9.357499, 8.702047, 1523463967969.1296
1.57386, 9.309256, 8.704308, 1523463968052.6687
1.602979, 9.250201, 8.730515, 1523463968135.8394
1.620685, 9.192693, 8.790005, 1523463968218.8254
1.629564, 9.144797, 8.828404, 1523463968301.7197
1.645641, 9.098672, 8.866745, 1523463968384.6138
1.663168, 9.052241, 8.903272, 1523463968467.5540
1.702145, 9.009208, 8.910329, 1523463968550.4482
1.737977, 8.957497, 8.913831, 1523463968633.3882
1.767138, 8.898055, 8.908945, 1523463968716.5588
1.800848, 8.83949, 8.913001, 1523463968799.8213
1.843647, 8.779411, 8.917567, 1523463968883.2222
1.873805, 8.72435, 8.920561, 1523463968966.8074
1.894092, 8.669222, 8.928108, 1523463969050.5305
1.915407, 8.61184, 8.928057, 1523463969133.8855
1.949159, 8.53539, 8.919391, 1523463969216.8721
1.973821, 8.458221, 8.919376, 1523463969299.8123
2.003796, 8.393603, 8.918456, 1523463969382.6143
2.030443, 8.318792, 8.934999, 1523463969465.4622
2.050435, 8.254483, 8.982937, 1523463969548.2639
2.076051, 8.209062, 9.029136, 1523463969630.9277
2.11267, 8.161289, 9.068344, 1523463969713.6836
2.147011, 8.12037, 9.082904, 1523463969796.5776
2.202523, 8.064837, 9.076546, 1523463969879.4717
2.251579, 8.011722, 9.06903, 1523463969962.5039
2.296108, 7.963956, 9.094311, 1523463970045.8589
2.345746, 7.911827, 9.13566, 1523463970129.6284
2.375165, 7.873815, 9.189837, 1523463970213.9507
2.384262, 7.843411, 9.244575, 1523463970298.3655
2.387132, 7.807155, 9.282007, 1523463970382.6880
2.396952, 7.764806, 9.296591, 1523463970466.9185
2.423391, 7.71885, 9.294336, 1523463970550.9185
2.459423, 7.676598, 9.309612, 1523463970634.4114
2.489021, 7.638639, 9.350229, 1523463970717.4902
2.509453, 7.609902, 9.408428, 1523463970800.2002
2.530915, 7.58924, 9.450258, 1523463970882.8181
2.559128, 7.56774, 9.482442, 1523463970965.4358
2.598155, 7.545709, 9.486041, 1523463971048.1458
2.644175, 7.510282, 9.486873, 1523463971130.9937
2.691086, 7.468331, 9.480151, 1523463971214.2566
2.730033, 7.424139, 9.48964, 1523463971297.8877
2.784536, 7.382815, 9.513922, 1523463971381.6113
2.821, 7.351633, 9.560522, 1523463971465.5190
2.837993, 7.312313, 9.605822, 1523463971549.7034
2.844004, 7.281192, 9.645481, 1523463971633.8416
2.847709, 7.252333, 9.667141, 1523463971717.8877
2.859501, 7.216699, 9.669113, 1523463971801.8875
2.87845, 7.177088, 9.659495, 1523463971885.6570
2.917752, 7.139192, 9.658756, 1523463971968.7812
2.970396, 7.087123, 9.662015, 1523463972051.3069
3.016842, 7.035174, 9.682981, 1523463972133.6021
3.049185, 6.983284, 9.687578, 1523463972216.0354
3.091321, 6.936575, 9.696028, 1523463972298.5608
3.144293, 6.893244, 9.694709, 1523463972380.9019
3.214936, 6.856491, 9.684491, 1523463972463.1047
3.282816, 6.813249, 9.681513, 1523463972545.5381
3.360194, 6.774716, 9.666228, 1523463972628.2939
3.448955, 6.736066, 9.669007, 1523463972711.2339
3.531658, 6.719431, 9.679516, 1523463972794.3582
3.607115, 6.686575, 9.692784, 1523463972877.8052
3.670765, 6.653678, 9.702052, 1523463972961.1602
3.74648, 6.640259, 9.699654, 1523463973043.9619
3.841467, 6.62777, 9.694579, 1523463973126.6257
3.942249, 6.613931, 9.675526, 1523463973209.3354
4.023254, 6.592643, 9.681596, 1523463973292.0913
4.092058, 6.584584, 9.686704, 1523463973374.7090
4.170922, 6.587248, 9.693137, 1523463973457.3264
4.257666, 6.586142, 9.699332, 1523463973540.2666
4.348156, 6.571856, 9.68904, 1523463973623.8979
4.437679, 6.554415, 9.692258, 1523463973708.2666
4.52722, 6.542053, 9.674721, 1523463973793.0039
4.61893, 6.543589, 9.659075, 1523463973877.7412
4.708715, 6.554276, 9.666404, 1523463973962.4326
4.790301, 6.552465, 9.660838, 1523463974047.3540
4.850656, 6.521643, 9.687268, 1523463974132.4595
4.906711, 6.499837, 9.707353, 1523463974217.1045
4.981937, 6.499685, 9.692003, 1523463974301.0583
5.068704, 6.500217, 9.673609, 1523463974384.4131
5.150551, 6.488409, 9.671288, 1523463974467.3530
5.22754, 6.474033, 9.683621, 1523463974550.0168
5.298886, 6.452866, 9.706136, 1523463974632.4041
5.382916, 6.45686, 9.698198, 1523463974714.6069
5.460815, 6.456363, 9.709161, 1523463974797.0403
5.534255, 6.468776, 9.717051, 1523463974879.5662
5.618767, 6.487528, 9.707292, 1523463974962.3218
5.714728, 6.505372, 9.692651, 1523463975045.2158
5.794941, 6.53366, 9.679269, 1523463975128.2019
5.872284, 6.552413, 9.707325, 1523463975211.6487
5.940754, 6.556792, 9.709544, 1523463975295.2803
6.01796, 6.573936, 9.710402, 1523463975378.6812
6.107556, 6.589097, 9.716562, 1523463975461.8057
6.200309, 6.599187, 9.716284, 1523463975544.8379
6.286222, 6.602856, 9.696195, 1523463975627.9165
6.371941, 6.605381, 9.679797, 1523463975711.0408
6.455385, 6.593285, 9.698374, 1523463975793.9810
6.528252, 6.596577, 9.705107, 1523463975876.5986
6.59828, 6.611354, 9.727877, 1523463975959.3081
6.675677, 6.624001, 9.731472, 1523463976042.2942
6.768542, 6.632658, 9.715952, 1523463976125.6030
6.840162, 6.64796, 9.707434, 1523463976209.0498
6.908839, 6.670939, 9.70927, 1523463976292.4045
6.989416, 6.688691, 9.722036, 1523463976375.9436
7.069316, 6.686583, 9.72703, 1523463976459.8052
7.153923, 6.679636, 9.740887, 1523463976543.4827
7.243027, 6.695069, 9.721004, 1523463976626.6536
7.336847, 6.721439, 9.71285, 1523463976709.5476
7.44093, 6.732675, 9.689324, 1523463976792.5339
7.525626, 6.707603, 9.677843, 1523463976876.0730
7.596336, 6.667828, 9.705949, 1523463976959.7964
7.674357, 6.654064, 9.707429, 1523463977043.0593
7.760248, 6.661539, 9.707835, 1523463977125.9534
7.839823, 6.664849, 9.718576, 1523463977208.9858
7.905818, 6.667058, 9.711975, 1523463977292.0642
7.994049, 6.679147, 9.705204, 1523463977374.9124
8.086129, 6.712426, 9.70736, 1523463977457.6218
8.174894, 6.73564, 9.715835, 1523463977540.5159
8.272676, 6.727752, 9.709911, 1523463977623.9170
8.384027, 6.725137, 9.71167, 1523463977707.3638
8.47072, 6.737757, 9.715613, 1523463977790.4424
8.569513, 6.763088, 9.714691, 1523463977873.2444
8.669489, 6.775525, 9.685737, 1523463977956.2307
8.772887, 6.766027, 9.671772, 1523463978039.5396
8.860682, 6.758407, 9.684416, 1523463978122.9863
8.955743, 6.769196, 9.703671, 1523463978206.3413
9.041415, 6.78537, 9.716087, 1523463978289.7883
9.118638, 6.794588, 9.714066, 1523463978373.5117
9.20878, 6.797245, 9.711807, 1523463978457.2351
9.29493, 6.816159, 9.702482, 1523463978540.8665
9.383745, 6.823514, 9.715005, 1523463978624.4978
9.472235, 6.835137, 9.720077, 1523463978708.3135
9.555278, 6.822294, 9.713559, 1523463978792.4517
9.660832, 6.813079, 9.70288, 1523463978876.3135
9.752909, 6.823987, 9.708944, 1523463978959.5300
9.833503, 6.833949, 9.709132, 1523463979042.4702
9.91855, 6.829424, 9.703555, 1523463979125.4104
10.005704, 6.808063, 9.708794, 1523463979208.3506
10.0896, 6.799716, 9.726353, 1523463979291.1528
10.173152, 6.809968, 9.724611, 1523463979373.8167
10.258138, 6.819191, 9.746358, 1523463979456.6646
10.345208, 6.815381, 9.744642, 1523463979539.9270
10.439729, 6.810761, 9.716081, 1523463979623.5586
10.533979, 6.793995, 9.688128, 1523463979707.3740
10.628798, 6.79844, 9.711182, 1523463979791.2356
10.72151, 6.801157, 9.706393, 1523463979875.2358
10.804522, 6.777627, 9.711778, 1523463979959.3740
10.897069, 6.752017, 9.706483, 1523463980043.2358
10.987038, 6.722868, 9.706959, 1523463980126.7288
11.071867, 6.709814, 9.70093, 1523463980209.8074
11.156995, 6.682296, 9.69778, 1523463980292.6094
11.238544, 6.638889, 9.700706, 1523463980375.3191
11.307291, 6.587393, 9.716717, 1523463980457.9829
11.373617, 6.545853, 9.715724, 1523463980540.7852
11.440483, 6.50155, 9.728409, 1523463980624.0938
11.507021, 6.444077, 9.708243, 1523463980707.8171
11.584781, 6.40594, 9.689047, 1523463980791.4485
11.671252, 6.375704, 9.683668, 1523463980874.8032
11.750071, 6.331266, 9.694577, 1523463980958.1118
11.820401, 6.276117, 9.699186, 1523463981041.9734
11.882885, 6.209323, 9.699132, 1523463981125.9736
11.952413, 6.149396, 9.702997, 1523463981209.5129
12.011255, 6.091179, 9.702557, 1523463981292.5452
12.071601, 6.035972, 9.694637, 1523463981375.3013
12.109934, 5.960441, 9.689116, 1523463981457.9187
12.139095, 5.881427, 9.687631, 1523463981540.4902
12.159818, 5.813161, 9.695498, 1523463981623.1538
12.181886, 5.748646, 9.714621, 1523463981706.0479
12.211145, 5.678299, 9.707923, 1523463981789.0342
12.2552, 5.609145, 9.707178, 1523463981872.0205
12.302998, 5.537055, 9.682446, 1523463981955.0068
12.358823, 5.454812, 9.65351, 1523463982037.8088
12.415668, 5.388891, 9.6795, 1523463982120.7029
12.454146, 5.318849, 9.702878, 1523463982204.1038
12.470025, 5.225303, 9.695252, 1523463982287.8271
12.498755, 5.139497, 9.697968, 1523463982371.3203
12.533696, 5.0609, 9.704214, 1523463982454.3066
12.572068, 4.984241, 9.697158, 1523463982537.1084
12.591059, 4.900394, 9.703344, 1523463982619.9102
12.61135, 4.81301, 9.685742, 1523463982702.5737
12.612925, 4.733694, 9.690913, 1523463982785.2373
12.625059, 4.660332, 9.702419, 1523463982868.0850
12.640315, 4.587858, 9.715543, 1523463982951.2095
12.653136, 4.509291, 9.710295, 1523463983034.6565
12.658241, 4.424094, 9.685349, 1523463983118.5183
12.669764, 4.335207, 9.680856, 1523463983202.4722
12.675069, 4.259352, 9.67606, 1523463983286.3340
12.678075, 4.178502, 9.678362, 1523463983370.4724
12.649004, 4.098652, 9.66427, 1523463983454.8872
12.632263, 4.014853, 9.690207, 1523463983538.9790
12.621602, 3.93417, 9.67701, 1523463983622.4260
12.593697, 3.848095, 9.662801, 1523463983705.3660
12.555992, 3.768829, 9.65869, 1523463983788.0295
12.513233, 3.692751, 9.667996, 1523463983870.6472
12.463506, 3.618587, 9.671611, 1523463983953.4033
12.420362, 3.550888, 9.684547, 1523463984036.2056
12.370346, 3.48043, 9.67958, 1523463984119.2839
12.322423, 3.410373, 9.658092, 1523463984202.5466
12.27166, 3.336409, 9.659301, 1523463984285.8091
12.230305, 3.259501, 9.650822, 1523463984368.8872
12.188831, 3.177597, 9.667278, 1523463984452.0579
12.131744, 3.119596, 9.671798, 1523463984535.7812
12.064907, 3.055748, 9.677073, 1523463984619.7810
11.995578, 2.988546, 9.674048, 1523463984703.2739
11.94521, 2.908916, 9.66932, 1523463984786.2144
11.877349, 2.832083, 9.653804, 1523463984868.8779
11.802184, 2.776192, 9.646073, 1523463984951.5876
11.712725, 2.725324, 9.64272, 1523463985034.2056
11.631835, 2.685255, 9.656222, 1523463985116.8232
11.558031, 2.645262, 9.672676, 1523463985199.5793
11.489845, 2.593592, 9.670362, 1523463985282.7036
11.415576, 2.550686, 9.664182, 1523463985366.1504
11.333918, 2.496746, 9.641369, 1523463985449.6433
11.250065, 2.449976, 9.635966, 1523463985532.8596
11.179449, 2.387644, 9.655728, 1523463985616.0764
11.111032, 2.356433, 9.664993, 1523463985699.7998
11.008229, 2.325856, 9.662024, 1523463985783.7539
10.917767, 2.293118, 9.654963, 1523463985867.2930
10.823043, 2.254152, 9.651781, 1523463985950.2329
10.73425, 2.218015, 9.643009, 1523463986032.8506
10.634779, 2.197463, 9.623948, 1523463986115.4685
10.540811, 2.198199, 9.639292, 1523463986198.2241
10.461749, 2.192722, 9.653217, 1523463986281.0723
10.374796, 2.176838, 9.635303, 1523463986364.0588
10.290926, 2.148834, 9.651773, 1523463986447.3674
10.187136, 2.134079, 9.619495, 1523463986530.9065
10.099662, 2.111951, 9.634098, 1523463986614.3999
10.012322, 2.080754, 9.648735, 1523463986697.8469
9.916845, 2.049129, 9.658566, 1523463986781.3860
9.836034, 2.031697, 9.666047, 1523463986865.2480
9.742625, 2.028112, 9.672431, 1523463986949.1555
9.644028, 2.009855, 9.663071, 1523463987032.6948
9.546588, 1.989968, 9.650466, 1523463987115.7729
9.453176, 1.978406, 9.631956, 1523463987198.6208
9.351365, 1.975269, 9.632322, 1523463987281.5151
9.253266, 1.984856, 9.641019, 1523463987364.2708
9.15955, 1.979805, 9.641016, 1523463987446.8420
9.058899, 1.974725, 9.639774, 1523463987529.6438
8.955903, 1.964551, 9.634771, 1523463987612.9985
8.872202, 1.962105, 9.626366, 1523463987696.7219
8.769411, 1.942276, 9.631812, 1523463987780.6758
8.657877, 1.938141, 9.602882, 1523463987864.4453
8.564991, 1.930046, 9.655447, 1523463987948.3992
8.453614, 1.922965, 9.645575, 1523463988032.3989
8.350576, 1.922601, 9.636387, 1523463988116.3069
8.254741, 1.938899, 9.640821, 1523463988200.0305
8.160897, 1.944868, 9.632014, 1523463988283.2468
8.053782, 1.942237, 9.615408, 1523463988365.9563
7.969428, 1.940922, 9.617816, 1523463988448.2974
7.863882, 1.952672, 9.605462, 1523463988530.6382
7.778755, 1.975834, 9.650946, 1523463988613.3018
7.683704, 1.975665, 9.652214, 1523463988696.3342
7.584774, 1.981566, 9.669492, 1523463988779.6428
7.489757, 1.978018, 9.636713, 1523463988863.1816
7.397835, 1.999049, 9.627017, 1523463988946.9050
7.290365, 1.9925, 9.612301, 1523463989030.5361
7.186824, 1.972177, 9.638261, 1523463989114.0288
7.092948, 1.967142, 9.648196, 1523463989197.7983
6.995569, 1.990378, 9.642536, 1523463989281.7063
6.902994, 2.023405, 9.642382, 1523463989365.3835
6.804065, 2.027192, 9.647664, 1523463989448.4617
6.696244, 2.032458, 9.610448, 1523463989531.1255
6.591421, 2.06553, 9.601187, 1523463989613.8813
6.497357, 2.110044, 9.614816, 1523463989696.7292
6.404139, 2.135911, 9.646049, 1523463989779.6694
6.314637, 2.150634, 9.648067, 1523463989862.8401
6.221235, 2.176963, 9.647285, 1523463989946.3328
6.133436, 2.206673, 9.627641, 1523463990030.0103
6.037991, 2.224257, 9.630537, 1523463990113.6416
5.949513, 2.240798, 9.619421, 1523463990197.1348
5.85354, 2.272998, 9.654593, 1523463990280.9504
5.749435, 2.321897, 9.646787, 1523463990364.9043
5.670533, 2.368231, 9.651788, 1523463990448.6741
5.587279, 2.413417, 9.654309, 1523463990532.1211
5.509419, 2.447034, 9.655016, 1523463990615.1072
5.427936, 2.492573, 9.613687, 1523463990697.8174
5.352712, 2.546216, 9.635794, 1523463990780.3889
5.292117, 2.600843, 9.658193, 1523463990863.1445
5.219123, 2.654743, 9.670088, 1523463990946.1768
5.138249, 2.713058, 9.667012, 1523463991029.3938
5.073843, 2.756466, 9.651386, 1523463991112.7947
5.004918, 2.805575, 9.643604, 1523463991196.2417
4.945199, 2.8613, 9.628118, 1523463991279.7808
4.860054, 2.925796, 9.64208, 1523463991363.1819
4.800069, 2.978299, 9.660901, 1523463991446.6748
4.742605, 3.066601, 9.654344, 1523463991530.3062
4.700766, 3.126088, 9.661469, 1523463991613.8914
4.666095, 3.1868, 9.679253, 1523463991697.0618
4.615776, 3.263949, 9.663617, 1523463991779.8640
4.569893, 3.3362, 9.661658, 1523463991862.3894
4.538676, 3.430378, 9.65361, 1523463991944.9609
4.505982, 3.495988, 9.65882, 1523463992027.5325
4.472792, 3.568642, 9.700448, 1523463992110.2883
4.439879, 3.633862, 9.686214, 1523463992193.2744
4.406778, 3.705681, 9.691699, 1523463992276.5371
4.370312, 3.780621, 9.673738, 1523463992359.9377
4.337703, 3.84567, 9.658095, 1523463992443.5229
4.300915, 3.914794, 9.654066, 1523463992527.1082
4.262161, 3.983701, 9.682821, 1523463992610.5552
4.236596, 4.058977, 9.694164, 1523463992694.2788
4.232709, 4.138403, 9.687815, 1523463992778.1868
4.224695, 4.218623, 9.680438, 1523463992861.7258
4.20321, 4.297023, 9.680993, 1523463992944.7124
4.180701, 4.371776, 9.67508, 1523463993027.2380
4.164131, 4.452216, 9.679498, 1523463993109.6255
4.172766, 4.526827, 9.685036, 1523463993192.1050
4.188483, 4.60419, 9.696637, 1523463993274.8608
4.191636, 4.685028, 9.700641, 1523463993357.9851
4.209203, 4.757621, 9.712735, 1523463993441.5244
4.224782, 4.839467, 9.700434, 1523463993525.3403
4.248607, 4.925263, 9.679887, 1523463993609.3403
4.26628, 5.01077, 9.667278, 1523463993693.2019
4.277615, 5.084531, 9.668337, 1523463993776.7874
4.287109, 5.171231, 9.692657, 1523463993860.4646
4.321478, 5.25038, 9.693605, 1523463993944.5105
4.362409, 5.328909, 9.69549, 1523463994028.4644
4.398414, 5.406642, 9.6958, 1523463994111.8652
4.443317, 5.487394, 9.682401, 1523463994194.8975
4.491386, 5.560981, 9.66763, 1523463994277.6995
4.546966, 5.626832, 9.662818, 1523463994360.3169
4.606157, 5.683866, 9.670871, 1523463994442.7041
4.658378, 5.745466, 9.693766, 1523463994525.1836
4.721993, 5.793349, 9.690493, 1523463994608.3542
4.775902, 5.844866, 9.693988, 1523463994691.8013
4.828185, 5.903648, 9.680472, 1523463994775.1560
4.876812, 5.979311, 9.678486, 1523463994858.4187
4.938416, 6.050421, 9.671688, 1523463994941.6812
5.001483, 6.10185, 9.680478, 1523463995025.1743
5.075334, 6.154983, 9.686646, 1523463995108.9441
5.139573, 6.191188, 9.674783, 1523463995192.7136
5.204951, 6.233297, 9.684359, 1523463995276.2068
5.273654, 6.276278, 9.679081, 1523463995359.3774
5.348616, 6.309448, 9.670818, 1523463995442.4099
5.426853, 6.335989, 9.660517, 1523463995525.1196
5.501075, 6.353856, 9.682806, 1523463995607.6450
5.569699, 6.373573, 9.694852, 1523463995690.1702
5.642567, 6.385355, 9.689735, 1523463995773.1104
5.715988, 6.401362, 9.696977, 1523463995856.4651
5.792481, 6.417318, 9.69066, 1523463995939.9580
5.880745, 6.44424, 9.676302, 1523463996023.2207
5.957644, 6.482358, 9.677069, 1523463996106.2991
6.032197, 6.507101, 9.701226, 1523463996189.3774
6.12007, 6.52704, 9.704457, 1523463996272.9163
6.19224, 6.532062, 9.698494, 1523463996356.7317
6.269396, 6.545717, 9.69486, 1523463996440.3169
6.354134, 6.56044, 9.699909, 1523463996523.4873
6.43878, 6.568149, 9.691527, 1523463996606.5198
6.526957, 6.566169, 9.691628, 1523463996689.3679
6.606143, 6.561809, 9.700071, 1523463996772.0774
6.684374, 6.551379, 9.717849, 1523463996854.7410
6.763002, 6.542757, 9.718005, 1523463996937.6809
6.847527, 6.540438, 9.717768, 1523463997020.7131
6.925297, 6.550291, 9.717042, 1523463997103.7915
7.004687, 6.559898, 9.714387, 1523463997186.9619
7.098962, 6.570402, 9.694967, 1523463997270.1323
7.192808, 6.586175, 9.691941, 1523463997353.3027
7.282748, 6.595653, 9.70592, 1523463997436.7954
7.370427, 6.592515, 9.713834, 1523463997520.6111
7.465617, 6.595964, 9.715147, 1523463997604.2422
7.552577, 6.604364, 9.720275, 1523463997687.4126
7.635696, 6.613772, 9.708211, 1523463997770.3987
7.737401, 6.617389, 9.694639, 1523463997853.3848
7.835581, 6.619165, 9.690465, 1523463997936.4629
7.926785, 6.628154, 9.701706, 1523463998019.1726
8.016412, 6.64314, 9.709493, 1523463998101.7903
8.10826, 6.645039, 9.712627, 1523463998184.8682
8.216285, 6.643371, 9.713087, 1523463998268.3152
8.309934, 6.655406, 9.705608, 1523463998351.9001
8.416169, 6.672801, 9.689889, 1523463998435.4851
8.513888, 6.688466, 9.685722, 1523463998519.1626
8.610883, 6.696593, 9.698696, 1523463998603.1165
8.706138, 6.702843, 9.700137, 1523463998687.1626
8.80722, 6.708693, 9.698872, 1523463998770.9321
8.891285, 6.71836, 9.71244, 1523463998854.3792
8.974004, 6.729688, 9.710473, 1523463998937.5959
9.063745, 6.743455, 9.691795, 1523463999020.7205
9.158541, 6.74323, 9.692546, 1523463999103.8447
9.246464, 6.740991, 9.703797, 1523463999186.9231
9.340459, 6.748996, 9.709435, 1523463999269.9092
9.422994, 6.759693, 9.719388, 1523463999352.9417
9.510792, 6.771749, 9.720084, 1523463999436.2041
9.594125, 6.784375, 9.711869, 1523463999519.6052
9.677245, 6.793923, 9.700316, 1523463999603.0063
9.761057, 6.814077, 9.697331, 1523463999686.3613
9.841049, 6.844516, 9.710019, 1523463999769.6702
9.92514, 6.863691, 9.718925, 1523463999853.1172
10.012691, 6.853902, 9.724651, 1523463999936.8406
10.098769, 6.858584, 9.737547, 1523464000020.3796
10.182258, 6.871553, 9.724584, 1523464000103.5959
10.270051, 6.886644, 9.70673, 1523464000186.5820
10.360308, 6.894965, 9.695261, 1523464000269.3840
10.447172, 6.896081, 9.715971, 1523464000352.0474
10.529186, 6.893875, 9.70909, 1523464000434.6650
10.615644, 6.90826, 9.721076, 1523464000517.4209
10.708007, 6.920965, 9.719975, 1523464000600.4072
10.795603, 6.931984, 9.722978, 1523464000683.6699
10.882557, 6.941467, 9.712951, 1523464000767.1631
10.977656, 6.951986, 9.6977, 1523464000850.7944
11.068249, 6.977402, 9.705425, 1523464000934.3337
11.157787, 7.009638, 9.718158, 1523464001017.7808
11.249847, 7.026221, 9.717126, 1523464001101.4580
11.340572, 7.029678, 9.732769, 1523464001185.0894
11.431297, 7.037325, 9.742911, 1523464001268.3982
11.519548, 7.063651, 9.725082, 1523464001351.4304
11.621044, 7.078749, 9.705256, 1523464001434.3708
11.717369, 7.085837, 9.711127, 1523464001517.2188
11.812407, 7.093186, 9.717487, 1523464001599.9746
11.905452, 7.11081, 9.721723, 1523464001682.7302
11.996578, 7.142328, 9.730906, 1523464001765.5322
12.081669, 7.164716, 9.731824, 1523464001848.5186
12.168595, 7.188615, 9.720207, 1523464001931.7351
12.251915, 7.209342, 9.714853, 1523464002015.2742
12.34342, 7.240707, 9.722189, 1523464002098.9055
12.428406, 7.266565, 9.72434, 1523464002182.6750
12.519637, 7.283247, 9.724821, 1523464002266.5828
12.609529, 7.297645, 9.735845, 1523464002350.3521
12.689267, 7.323255, 9.736824, 1523464002433.7991
12.775118, 7.346603, 9.729951, 1523464002517.0618
12.858438, 7.376832, 9.720089, 1523464002600.1401
12.944996, 7.391228, 9.726731, 1523464002683.1265
13.021872, 7.402041, 9.746813, 1523464002766.0203
13.104267, 7.421322, 9.750643, 1523464002849.0986
13.189957, 7.436855, 9.751372, 1523464002932.4077
13.262949, 7.467726, 9.748941, 1523464003015.9006
13.340373, 7.503398, 9.728239, 1523464003099.3938
13.412778, 7.542398, 9.731792, 1523464003182.8867
13.477253, 7.583526, 9.744484, 1523464003266.4260
13.547492, 7.624304, 9.729513, 1523464003350.1956
13.624591, 7.656185, 9.748899, 1523464003434.0571
13.698136, 7.69174, 9.750151, 1523464003517.7344
13.768308, 7.733202, 9.74101, 1523464003600.9971
13.834044, 7.763922, 9.727171, 1523464003684.0754
13.891348, 7.773105, 9.741123, 1523464003767.1077
13.945421, 7.785628, 9.738666, 1523464003850.0481
14.004827, 7.806405, 9.717519, 1523464003932.9885
14.054184, 7.826113, 9.718092, 1523464004016.2051
14.093519, 7.854056, 9.715927, 1523464004099.5601
14.132697, 7.873867, 9.69361, 1523464004183.2375
14.161215, 7.884575, 9.656219, 1523464004267.2375
14.178931, 7.906765, 9.619879, 1523464004351.1914
14.199927, 7.938005, 9.593586, 1523464004434.9609
14.234177, 8.007139, 9.561236, 1523464004518.2241
14.271181, 8.064713, 9.534786, 1523464004601.2566
14.31384, 8.102065, 9.530807, 1523464004684.3347
14.348943, 8.127164, 9.512673, 1523464004767.2751
14.375998, 8.158654, 9.475584, 1523464004850.0771
14.415587, 8.187874, 9.418531, 1523464004933.0173
14.477381, 8.206435, 9.387313, 1523464005016.4646
14.554933, 8.226537, 9.365299, 1523464005100.3264
14.598543, 8.272614, 9.362146, 1523464005183.8196
14.626987, 8.321226, 9.345469, 1523464005267.1743
14.665391, 8.358854, 9.311302, 1523464005350.7598
14.706897, 8.394842, 9.268229, 1523464005434.4373
14.743338, 8.446924, 9.22629, 1523464005517.8843
14.780976, 8.526438, 9.18214, 1523464005600.9629
14.817719, 8.607658, 9.162225, 1523464005683.5342
14.859805, 8.667119, 9.14973, 1523464005766.1057
14.899695, 8.714516, 9.124078, 1523464005848.6775
14.92897, 8.757504, 9.096988, 1523464005931.2026
14.958191, 8.797502, 9.063334, 1523464006013.9126
15.007812, 8.837302, 9.037294, 1523464006096.8984
15.061202, 8.891196, 9.024295, 1523464006180.0229
15.098414, 8.961353, 9.029155, 1523464006263.0090
15.146571, 9.034872, 9.021421, 1523464006346.1338
15.18392, 9.100997, 9.01133, 1523464006429.3965
15.210191, 9.158283, 9.02751, 1523464006512.7974
15.228546, 9.218017, 9.024306, 1523464006596.2444
15.248105, 9.287615, 9.024709, 1523464006679.5071
15.274309, 9.355201, 9.021737, 1523464006762.6318
15.306336, 9.414767, 9.010669, 1523464006845.6641
15.326414, 9.459787, 9.007958, 1523464006928.5120
15.344587, 9.507762, 9.0143, 1523464007011.3142
15.372212, 9.563834, 8.999067, 1523464007094.4390
15.390519, 9.619564, 8.999134, 1523464007177.6553
15.387992, 9.667048, 8.99422, 1523464007260.8721
15.388037, 9.713107, 8.978977, 1523464007344.2271
15.398462, 9.75351, 8.948916, 1523464007427.9045
15.406556, 9.790227, 8.913886, 1523464007511.6741
15.40763, 9.836867, 8.883717, 1523464007595.3975
15.397479, 9.899978, 8.86334, 1523464007678.7981
15.385285, 9.980071, 8.839311, 1523464007761.7383
15.383689, 10.044923, 8.82316, 1523464007844.4941
15.391657, 10.097889, 8.787227, 1523464007927.2500
15.399087, 10.140462, 8.752201, 1523464008010.0984
15.405169, 10.181952, 8.70535, 1523464008093.0383
15.428923, 10.222286, 8.68213, 1523464008176.3472
15.457287, 10.285743, 8.659898, 1523464008260.0703
15.468958, 10.354308, 8.634151, 1523464008343.6555
15.460929, 10.42427, 8.6207, 1523464008427.1484
15.469717, 10.473854, 8.593728, 1523464008510.8257
15.479116, 10.520609, 8.560035, 1523464008594.7793
15.481133, 10.573962, 8.514307, 1523464008678.5488
15.475967, 10.634735, 8.485354, 1523464008762.0879
15.456443, 10.705602, 8.472837, 1523464008845.3044
15.445474, 10.772608, 8.468779, 1523464008928.2905
15.447153, 10.82679, 8.449519, 1523464009011.2310
15.445915, 10.872788, 8.411286, 1523464009093.8948
15.435631, 10.924242, 8.372066, 1523464009176.3740
15.439448, 10.973923, 8.327125, 1523464009259.1299
15.455985, 11.039868, 8.288282, 1523464009342.5310
15.475611, 11.111514, 8.267983, 1523464009426.4849
15.472094, 11.178683, 8.251712, 1523464009510.3928
15.463402, 11.245601, 8.242613, 1523464009594.3005
15.468673, 11.285329, 8.201794, 1523464009678.4390
15.474617, 11.337333, 8.149379, 1523464009762.6235
15.463315, 11.387964, 8.114884, 1523464009846.3931
15.430551, 11.466071, 8.087194, 1523464009929.6099
15.407414, 11.544456, 8.077442, 1523464010012.5042
15.398758, 11.612995, 8.059863, 1523464010095.2603
15.394164, 11.665466, 8.036304, 1523464010177.7854
15.385526, 11.714284, 8.002559, 1523464010260.1726
15.387955, 11.744789, 7.962157, 1523464010342.5598
15.403945, 11.802104, 7.921662, 1523464010425.5923
15.425117, 11.869637, 7.909816, 1523464010509.2698
15.409995, 11.942839, 7.893039, 1523464010592.7168
15.378717, 12.007843, 7.87188, 1523464010675.9795
15.360491, 12.066258, 7.848513, 1523464010759.4265
15.34884, 12.123408, 7.808065, 1523464010842.9658
15.323933, 12.191794, 7.776599, 1523464010926.4131
15.283002, 12.272498, 7.761324, 1523464011009.5837
15.238678, 12.343605, 7.764069, 1523464011092.3396
15.200687, 12.419532, 7.758104, 1523464011175.0034
15.163157, 12.509029, 7.740621, 1523464011257.6211
15.131826, 12.58645, 7.740293, 1523464011340.2847
15.102891, 12.648332, 7.747395, 1523464011423.0405
15.064051, 12.718809, 7.734435, 1523464011506.0269
15.015793, 12.785639, 7.730179, 1523464011589.1973
14.960004, 12.842693, 7.726043, 1523464011672.3215
14.909211, 12.882248, 7.729682, 1523464011755.6301
14.86755, 12.926948, 7.728701, 1523464011839.2615
14.826609, 12.970755, 7.730162, 1523464011923.3535
14.789697, 13.020366, 7.722284, 1523464012007.6758
14.743031, 13.062168, 7.725, 1523464012091.5835
14.698918, 13.088964, 7.726697, 1523464012175.1689
14.658404, 13.117518, 7.708774, 1523464012258.4778
14.619459, 13.152503, 7.680244, 1523464012341.5562
14.590251, 13.178814, 7.628819, 1523464012424.4502
14.576587, 13.208158, 7.597443, 1523464012507.4827
14.561065, 13.268448, 7.563692, 1523464012591.2522
14.53033, 13.337744, 7.532157, 1523464012675.2058
14.480113, 13.374708, 7.513417, 1523464012758.9292
14.432746, 13.400819, 7.49632, 1523464012842.5144
14.40925, 13.434491, 7.459223, 1523464012926.3301
14.374467, 13.472863, 7.419723, 1523464013010.2380
14.312772, 13.501335, 7.389838, 1523464013093.6387
14.244787, 13.535194, 7.362924, 1523464013176.5327
14.187341, 13.576727, 7.350431, 1523464013259.2888
14.151893, 13.613013, 7.326097, 1523464013341.9067
14.122138, 13.632776, 7.297265, 1523464013424.3398
14.083909, 13.661837, 7.257249, 1523464013506.8196
14.046899, 13.713403, 7.221889, 1523464013589.8057
14.004072, 13.765934, 7.19609, 1523464013673.1604
13.94924, 13.788816, 7.19095, 1523464013756.2849
13.869156, 13.805902, 7.181376, 1523464013839.2253
13.817874, 13.83055, 7.153016, 1523464013922.5339
13.755171, 13.866299, 7.110252, 1523464014005.9346
13.686463, 13.886335, 7.086317, 1523464014089.1509
13.589571, 13.928373, 7.058583, 1523464014172.3674
13.499215, 13.958488, 7.056794, 1523464014255.4458
13.416144, 13.994191, 7.066863, 1523464014338.3857
13.331746, 14.017911, 7.055967, 1523464014421.0493
13.243004, 14.045219, 7.037591, 1523464014503.6206
13.167838, 14.087143, 7.025061, 1523464014586.4683
13.101887, 14.136638, 7.034892, 1523464014669.7771
13.032071, 14.17373, 7.036698, 1523464014753.0403
12.953676, 14.189449, 7.030009, 1523464014835.9802
12.887691, 14.198729, 7.039545, 1523464014918.9204
12.837852, 14.205768, 7.037684, 1523464015002.1833
12.7994, 14.217977, 7.013502, 1523464015085.8611
12.761077, 14.218682, 6.970463, 1523464015169.8608
12.724598, 14.215167, 6.931655, 1523464015253.8147
12.672251, 14.197095, 6.902143, 1523464015337.4922
12.601803, 14.174996, 6.882047, 1523464015420.7551
12.523731, 14.152463, 6.859271, 1523464015503.6951
12.453508, 14.151089, 6.846917, 1523464015586.7275
12.402546, 14.159548, 6.81369, 1523464015669.8521
12.355249, 14.164914, 6.780888, 1523464015752.9304
12.309951, 14.167469, 6.745298, 1523464015836.0088
12.249221, 14.174683, 6.710585, 1523464015919.4097
12.176445, 14.19147, 6.682874, 1523464016003.0872
12.11282, 14.188879, 6.661618, 1523464016086.6262
12.056049, 14.17184, 6.642148, 1523464016170.1655
12.010216, 14.170629, 6.612754, 1523464016253.9353
11.96105, 14.181397, 6.560507, 1523464016337.9353
11.904902, 14.173834, 6.531122, 1523464016421.6128
11.834087, 14.146428, 6.504947, 1523464016504.6914
11.750879, 14.120339, 6.477801, 1523464016587.3550
11.688118, 14.118234, 6.451727, 1523464016670.0649
11.632827, 14.124526, 6.414917, 1523464016752.8213
11.5871, 14.13178, 6.385078, 1523464016835.4387
11.540453, 14.140663, 6.365313, 1523464016918.3792
11.474002, 14.165729, 6.332207, 1523464017001.8262
11.405368, 14.182318, 6.307125, 1523464017085.2729
11.337025, 14.171504, 6.281679, 1523464017168.6277
11.274042, 14.165333, 6.247869, 1523464017252.0288
11.221914, 14.165679, 6.199183, 1523464017335.5679
11.163458, 14.155729, 6.162532, 1523464017419.0613
11.089008, 14.138064, 6.136104, 1523464017502.1399
11.020587, 14.125101, 6.125442, 1523464017584.9419
10.959218, 14.130954, 6.106336, 1523464017667.7898
10.906404, 14.131983, 6.071832, 1523464017750.5457
10.850635, 14.130906, 6.024295, 1523464017833.2095
10.79964, 14.130486, 5.978293, 1523464017916.0112
10.741285, 14.150831, 5.941411, 1523464017999.5039
10.686058, 14.164327, 5.929327, 1523464018083.2734
10.634779, 14.151796, 5.923455, 1523464018166.9507
10.588475, 14.13671, 5.901999, 1523464018250.7661
10.543337, 14.138432, 5.861022, 1523464018334.9041
10.495411, 14.125933, 5.81503, 1523464018418.9041
10.416019, 14.104767, 5.780489, 1523464018502.5813
10.321351, 14.075495, 5.752982, 1523464018585.6597
10.25097, 14.058391, 5.753553, 1523464018668.5078
10.182188, 14.046204, 5.72079, 1523464018751.2178
10.124054, 14.024676, 5.685412, 1523464018833.6509
10.075955, 14.007121, 5.638997, 1523464018916.1768
10.000785, 14.011882, 5.599401, 1523464018999.2554
9.927189, 14.029022, 5.55289, 1523464019082.8406
9.853875, 14.014989, 5.524427, 1523464019166.3796
9.798764, 13.974289, 5.518558, 1523464019249.5964
9.747424, 13.942659, 5.499824, 1523464019332.9053
9.70101, 13.912785, 5.468318, 1523464019416.1682
9.641192, 13.873763, 5.453722, 1523464019499.3850
9.543638, 13.833212, 5.430533, 1523464019582.4636
9.450459, 13.784566, 5.419188, 1523464019665.4497
9.355325, 13.74186, 5.411625, 1523464019748.2979
9.267539, 13.689496, 5.395539, 1523464019831.0076
9.197508, 13.639772, 5.385975, 1523464019913.7637
9.112131, 13.59833, 5.381866, 1523464019996.7039
9.043628, 13.567281, 5.3995, 1523464020079.5981
8.98493, 13.51424, 5.407487, 1523464020162.4001
8.93204, 13.445494, 5.397075, 1523464020245.1099
8.883567, 13.380464, 5.398827, 1523464020327.9119
8.845093, 13.318521, 5.391436, 1523464020411.1746
8.792617, 13.262938, 5.387391, 1523464020494.7598
8.75457, 13.196801, 5.389351, 1523464020578.7136
8.709433, 13.133869, 5.400531, 1523464020662.9438
8.662343, 13.07798, 5.398677, 1523464020747.2664
8.628063, 13.02624, 5.407151, 1523464020831.0820
8.612295, 12.952919, 5.417557, 1523464020914.4373
8.580077, 12.895857, 5.411703, 1523464020997.7461
8.543989, 12.842866, 5.402563, 1523464021080.9165
8.506671, 12.795852, 5.407069, 1523464021163.8108
8.482884, 12.745113, 5.411736, 1523464021246.6130
8.452482, 12.688741, 5.388646, 1523464021329.5532
8.438303, 12.628166, 5.388553, 1523464021412.7239
8.44314, 12.583267, 5.389749, 1523464021495.8945
8.439683, 12.543781, 5.378273, 1523464021579.2957
8.432241, 12.509269, 5.336704, 1523464021663.1113
8.426011, 12.46583, 5.293769, 1523464021747.0652
8.434934, 12.418633, 5.26353, 1523464021830.8809
8.456198, 12.374474, 5.248294, 1523464021914.4661
8.465994, 12.315743, 5.224883, 1523464021997.6831
8.459473, 12.25806, 5.210936, 1523464022080.8074
8.457708, 12.204568, 5.184337, 1523464022163.7935
8.457604, 12.153891, 5.152973, 1523464022246.6877
8.441222, 12.111528, 5.119586, 1523464022329.6279
8.424172, 12.063734, 5.079964, 1523464022412.8447
8.386947, 12.009932, 5.046184, 1523464022496.3838
8.362296, 11.952128, 5.028832, 1523464022580.1533
8.363857, 11.896771, 5.024753, 1523464022663.6465
8.370091, 11.854223, 5.011924, 1523464022747.2317
8.354451, 11.805731, 4.98576, 1523464022831.0012
8.360673, 11.758204, 4.948882, 1523464022914.6328
8.383075, 11.697644, 4.899612, 1523464022997.9875
8.399929, 11.631788, 4.856478, 1523464023081.1582
8.429411, 11.553073, 4.837096, 1523464023164.0981
8.441378, 11.482115, 4.824759, 1523464023246.9924
8.440335, 11.416368, 4.824819, 1523464023330.0249
8.439744, 11.364111, 4.793916, 1523464023412.9651
8.440993, 11.318297, 4.763977, 1523464023495.6748
8.442387, 11.274457, 4.71991, 1523464023578.2922
8.426196, 11.223532, 4.682449, 1523464023661.2783
8.387128, 11.160116, 4.651718, 1523464023744.9558
8.377295, 11.100415, 4.640143, 1523464023828.9097
8.38295, 11.051402, 4.635729, 1523464023912.9092
8.381196, 11.008347, 4.605453, 1523464023997.1396
8.371526, 10.965497, 4.567509, 1523464024081.3701
8.382043, 10.915029, 4.520847, 1523464024165.2319
8.402369, 10.850321, 4.484498, 1523464024248.7251
8.412164, 10.777405, 4.473712, 1523464024331.8496
8.413839, 10.72787, 4.471304, 1523464024414.8357
8.407707, 10.680442, 4.462591, 1523464024497.6838
8.414566, 10.629951, 4.429652, 1523464024580.3474
8.422541, 10.57451, 4.38334, 1523464024662.8728
8.419245, 10.526024, 4.338966, 1523464024745.7209
8.396828, 10.464259, 4.297903, 1523464024829.0759
8.378248, 10.390223, 4.281464, 1523464024912.7073
8.39634, 10.317818, 4.278777, 1523464024996.0620
8.413647, 10.25854, 4.265334, 1523464025079.3708
8.418886, 10.195137, 4.218392, 1523464025163.0942
8.414287, 10.128797, 4.162091, 1523464025246.8640
8.424832, 10.061953, 4.115973, 1523464025330.2192
8.455078, 9.982143, 4.082477, 1523464025413.2512
8.472672, 9.912971, 4.067114, 1523464025496.1917
8.474109, 9.852777, 4.049008, 1523464025579.1318
8.466426, 9.803674, 4.015845, 1523464025662.0720
8.465269, 9.75381, 3.979771, 1523464025744.8740
8.456816, 9.709409, 3.949493, 1523464025827.8145
8.425167, 9.647569, 3.912495, 1523464025911.3535
8.402728, 9.583763, 3.899308, 1523464025995.1692
8.407757, 9.524858, 3.897927, 1523464026078.8467
8.414695, 9.477874, 3.869436, 1523464026162.6624
8.414744, 9.423142, 3.828656, 1523464026246.6165
8.419796, 9.363262, 3.781719, 1523464026330.3862
8.432377, 9.290491, 3.745872, 1523464026413.8333
8.45722, 9.206841, 3.710324, 1523464026496.9116
8.471828, 9.138138, 3.695521, 1523464026579.6675
8.476974, 9.074816, 3.673932, 1523464026662.2852
8.474113, 9.026226, 3.635345, 1523464026744.7185
8.478546, 8.982622, 3.588036, 1523464026827.1514
8.473633, 8.946104, 3.565367, 1523464026910.0454
8.451912, 8.889735, 3.550218, 1523464026993.4468
8.45071, 8.810293, 3.527377, 1523464027076.8479
8.471626, 8.747615, 3.51452, 1523464027160.2952
8.480459, 8.682837, 3.474139, 1523464027243.9724
8.474282, 8.623355, 3.426296, 1523464027327.8804
8.480685, 8.554772, 3.384919, 1523464027411.6958
8.494173, 8.471863, 3.335279, 1523464027495.0046
8.510715, 8.398513, 3.309352, 1523464027578.0369
8.505051, 8.343803, 3.297079, 1523464027661.1152
8.493885, 8.301096, 3.274127, 1523464027744.1477
8.483917, 8.261875, 3.237214, 1523464027826.9036
8.475007, 8.217917, 3.205656, 1523464027909.7976
8.446267, 8.146245, 3.16693, 1523464027993.2908
8.417306, 8.071989, 3.143239, 1523464028076.9685
8.425076, 8.00735, 3.126268, 1523464028160.5076
8.442741, 7.954398, 3.107639, 1523464028244.0007
8.444578, 7.904459, 3.076658, 1523464028327.6782
8.452447, 7.842081, 3.027256, 1523464028411.4014
8.451204, 7.778424, 2.996697, 1523464028495.0327
8.456102, 7.709052, 2.962467, 1523464028578.2954
8.473457, 7.644533, 2.953421, 1523464028661.2356
8.468029, 7.586745, 2.929084, 1523464028743.9915
8.464064, 7.541931, 2.880049, 1523464028826.7012
8.469369, 7.492372, 2.852807, 1523464028909.4109
8.463104, 7.440445, 2.81758, 1523464028992.3049
8.459097, 7.39016, 2.798127, 1523464029075.6138
8.452148, 7.323363, 2.774098, 1523464029158.9688
8.468088, 7.252229, 2.762885, 1523464029242.2314
8.471299, 7.19788, 2.732588, 1523464029325.7249
8.459772, 7.138369, 2.690767, 1523464029409.5867
8.462894, 7.082214, 2.64672, 1523464029493.2637
8.486147, 7.003827, 2.613202, 1523464029576.5725
8.494076, 6.93213, 2.592918, 1523464029659.5127
8.50502, 6.862014, 2.581688, 1523464029742.2683
8.497359, 6.802891, 2.545212, 1523464029825.0242
8.492901, 6.740773, 2.515241, 1523464029907.6880
8.502646, 6.684331, 2.475369, 1523464029990.4436
8.486743, 6.627898, 2.431399, 1523464030073.5681
8.471122, 6.557522, 2.404644, 1523464030157.1533
8.464443, 6.491065, 2.395244, 1523464030240.6465
8.473512, 6.436151, 2.390009, 1523464030324.0938
8.47891, 6.373776, 2.371835, 1523464030407.5408
8.480604, 6.300114, 2.334313, 1523464030490.9878
8.481369, 6.21588, 2.291886, 1523464030574.3428
8.480844, 6.116971, 2.268938, 1523464030657.8821
8.456922, 5.994666, 2.235325, 1523464030741.7437
8.426255, 5.872225, 2.210742, 1523464030825.4673
8.430379, 5.768075, 2.214067, 1523464030908.5457
8.442811, 5.678144, 2.205189, 1523464030990.9790
8.454295, 5.594453, 2.189964, 1523464031073.3201
8.443275, 5.525027, 2.154884, 1523464031155.9839
8.417444, 5.443078, 2.114951, 1523464031239.0164
8.39775, 5.3483, 2.096225, 1523464031322.2791
8.389369, 5.228661, 2.059683, 1523464031405.6338
8.384856, 5.109095, 2.049679, 1523464031489.1270
8.382334, 5.006317, 2.054621, 1523464031572.8506
8.362355, 4.903419, 2.046611, 1523464031656.8967
8.339375, 4.798057, 2.017475, 1523464031740.8503
8.330334, 4.697488, 2.029544, 1523464031824.6201
8.321703, 4.605759, 2.037141, 1523464031908.4817
8.289732, 4.516963, 2.050661, 1523464031992.6658
8.242558, 4.440869, 2.056077, 1523464032076.7578
8.205267, 4.355649, 2.046209, 1523464032160.2507
8.182384, 4.276502, 2.03694, 1523464032243.2368
8.147311, 4.208263, 2.043607, 1523464032326.0847
8.098173, 4.141726, 2.047333, 1523464032408.9326
8.052432, 4.064411, 2.049477, 1523464032491.5962
8.015832, 3.975194, 2.048223, 1523464032574.2136
7.982107, 3.9008, 2.062628, 1523464032657.0156
7.94418, 3.825152, 2.054941, 1523464032740.1863
7.895503, 3.74568, 2.041652, 1523464032823.4490
7.859777, 3.673877, 2.033545, 1523464032906.7573
7.827157, 3.58781, 2.049969, 1523464032989.8357
7.786864, 3.508487, 2.062671, 1523464033073.2368
7.710908, 3.443595, 2.049976, 1523464033157.1902
7.636908, 3.369517, 2.038848, 1523464033241.1443
7.574539, 3.30017, 2.030707, 1523464033324.5452
7.517629, 3.227208, 2.033767, 1523464033407.3469
7.451937, 3.163375, 2.030237, 1523464033489.7803
7.378057, 3.117677, 2.041703, 1523464033572.2139
7.309675, 3.081761, 2.049753, 1523464033654.6931
7.237488, 3.046562, 2.05225, 1523464033737.4490
7.17081, 3.013334, 2.056689, 1523464033820.5735
7.092927, 2.966624, 2.048086, 1523464033903.8362
7.015001, 2.92152, 2.029577, 1523464033987.1907
6.937549, 2.874288, 2.022909, 1523464034070.4075
6.864696, 2.836345, 2.04509, 1523464034153.5779
6.783862, 2.795174, 2.046017, 1523464034237.0710
6.690299, 2.789876, 2.050867, 1523464034321.1172
6.602473, 2.781273, 2.04687, 1523464034404.8403
6.520823, 2.749812, 2.03879, 1523464034487.9189
6.438445, 2.721843, 2.035492, 1523464034570.3982
6.360905, 2.7064, 2.040995, 1523464034652.7852
6.29683, 2.715972, 2.055402, 1523464034735.2185
6.230694, 2.707114, 2.070884, 1523464034817.7900
6.157888, 2.698493, 2.06449, 1523464034900.4998
6.084266, 2.694457, 2.077034, 1523464034983.4856
6.021532, 2.691493, 2.073442, 1523464035066.9785
5.953384, 2.682962, 2.05946, 1523464035150.6096
5.872837, 2.667048, 2.047986, 1523464035234.2407
5.812758, 2.630253, 2.045361, 1523464035317.7336
5.749562, 2.605564, 2.055753, 1523464035401.4568
5.692182, 2.597791, 2.059054, 1523464035485.5488
5.631459, 2.59597, 2.062051, 1523464035569.5945
5.579869, 2.575645, 2.073351, 1523464035653.0413
5.533496, 2.546406, 2.06874, 1523464035736.0737
5.477915, 2.536409, 2.073881, 1523464035819.0596
5.426675, 2.533592, 2.060428, 1523464035902.0920
5.384296, 2.535837, 2.069894, 1523464035985.0320
5.342307, 2.54415, 2.072437, 1523464036067.7878
5.304691, 2.561158, 2.085178, 1523464036150.4980
5.253682, 2.560224, 2.077677, 1523464036233.2078
5.203616, 2.560475, 2.074295, 1523464036316.1479
5.172736, 2.572044, 2.079538, 1523464036399.4109
5.136177, 2.585189, 2.075073, 1523464036482.9038
5.109042, 2.591114, 2.073592, 1523464036566.6274
5.085748, 2.583541, 2.082881, 1523464036650.3970
5.074881, 2.568633, 2.073104, 1523464036734.0742
5.065003, 2.56107, 2.07498, 1523464036817.7056
5.065314, 2.561888, 2.091339, 1523464036901.2908
5.062695, 2.553521, 2.082882, 1523464036984.7375
5.065996, 2.545375, 2.078903, 1523464037068.0002
5.070478, 2.538087, 2.076059, 1523464037151.1707
5.071551, 2.540347, 2.077832, 1523464037234.2949
5.0706, 2.539728, 2.07551, 1523464037317.3733
5.067911, 2.538976, 2.075298, 1523464037400.4058
5.071233, 2.545955, 2.080137, 1523464037483.4380
5.066985, 2.544253, 2.074419, 1523464037566.4243
5.060432, 2.543184, 2.068073, 1523464037649.4565
5.054211, 2.540945, 2.061059, 1523464037732.5811
5.048884, 2.543368, 2.068002, 1523464037815.7058
5.041733, 2.544204, 2.069013, 1523464037898.8765
5.027366, 2.544524, 2.064116, 1523464037982.0930
5.023627, 2.54429, 2.067857, 1523464038065.3560
5.019549, 2.54932, 2.066215, 1523464038148.6184
5.015543, 2.551796, 2.067316, 1523464038231.9275
5.014695, 2.545025, 2.071378, 1523464038315.2363
5.011958, 2.5524, 2.071943, 1523464038398.5449
5.017838, 2.554719, 2.070196, 1523464038481.8074
5.016857, 2.555859, 2.067044, 1523464038565.0698
5.021722, 2.556893, 2.06834, 1523464038648.3325
5.019865, 2.566676, 2.073622, 1523464038731.6875
5.017012, 2.564343, 2.068639, 1523464038814.9963
5.019542, 2.565701, 2.064779, 1523464038898.2590
5.018931, 2.565688, 2.065442, 1523464038981.5217
5.025915, 2.562737, 2.071104, 1523464039064.7842
5.021553, 2.566371, 2.059887, 1523464039148.0469
5.03299, 2.571829, 2.0722, 1523464039231.3098
5.030288, 2.569217, 2.07861, 1523464039314.6187
5.032988, 2.57056, 2.08357, 1523464039397.9272
5.029236, 2.576704, 2.068078, 1523464039481.1440
