1523433081611.0000
9.197337, 2.65015, 2.07339, 1523433081611.0000
9.174371, 2.663358, 2.067827, 1523433081694.3091
9.153437, 2.683681, 2.069448, 1523433081777.6641
9.129923, 2.712826, 2.062492, 1523433081861.2034
9.100176, 2.730255, 2.069559, 1523433081944.6965
9.061233, 2.72689, 2.064219, 1523433082027.8672
9.010639, 2.72458, 2.043853, 1523433082110.7615
8.949066, 2.716046, 2.039836, 1523433082193.4250
8.883286, 2.692862, 2.031081, 1523433082276.0430
8.82204, 2.669467, 2.029954, 1523433082358.7532
8.748033, 2.673102, 2.044161, 1523433082442.0154
8.676016, 2.669893, 2.061483, 1523433082525.5088
8.606668, 2.675026, 2.05661, 1523433082609.1404
8.554921, 2.692588, 2.065375, 1523433082692.8640
8.494716, 2.716085, 2.063834, 1523433082776.6340
8.445518, 2.751262, 2.061832, 1523433082860.4038
8.405049, 2.777216, 2.070503, 1523433082943.9893
8.364799, 2.815617, 2.084378, 1523433083027.5288
8.33742, 2.867249, 2.102096, 1523433083110.9758
8.299631, 2.918351, 2.095977, 1523433083194.5151
8.261178, 2.971018, 2.101984, 1523433083278.5615
8.229476, 3.032477, 2.10683, 1523433083362.7000
8.174446, 3.074982, 2.091425, 1523433083446.9307
8.132057, 3.129697, 2.089458, 1523433083531.0227
8.093031, 3.16785, 2.085317, 1523433083614.7004
8.047097, 3.215689, 2.08347, 1523433083698.0095
7.988816, 3.279937, 2.068749, 1523433083781.1340
7.956841, 3.345133, 2.079028, 1523433083864.3970
7.930503, 3.419292, 2.067272, 1523433083947.1531
7.899037, 3.48945, 2.070661, 1523433084029.5400
7.889069, 3.57709, 2.062008, 1523433084111.6509
7.883083, 3.660645, 2.042787, 1523433084193.5776
7.880954, 3.746508, 2.038204, 1523433084275.3660
7.892414, 3.828503, 2.040572, 1523433084356.9700
7.909258, 3.901429, 2.043532, 1523433084438.5276
7.924333, 3.973253, 2.055682, 1523433084520.3621
7.940565, 4.053861, 2.06733, 1523433084602.6570
7.935288, 4.117138, 2.071148, 1523433084685.3208
7.93405, 4.203569, 2.06061, 1523433084768.3071
7.918948, 4.293866, 2.050104, 1523433084851.4775
7.910018, 4.386173, 2.04505, 1523433084934.7866
7.920404, 4.477026, 2.055944, 1523433085018.6484
7.936951, 4.574175, 2.067048, 1523433085102.6028
7.926516, 4.656863, 2.077158, 1523433085186.1423
7.933867, 4.729193, 2.090641, 1523433085269.6814
7.952626, 4.806407, 2.089455, 1523433085352.9905
7.956925, 4.893946, 2.06159, 1523433085436.1147
7.982624, 4.984841, 2.054597, 1523433085519.1470
8.005513, 5.078813, 2.063117, 1523433085601.9492
8.014006, 5.175528, 2.066346, 1523433085684.6130
8.039309, 5.262288, 2.071463, 1523433085767.7839
8.048612, 5.3577, 2.082393, 1523433085851.0928
8.042274, 5.455281, 2.073156, 1523433085934.5859
8.043183, 5.562706, 2.060983, 1523433086018.0791
8.047519, 5.670397, 2.04294, 1523433086101.7104
8.038129, 5.784121, 2.0268, 1523433086185.3420
8.017279, 5.906834, 2.042002, 1523433086268.7891
8.01797, 6.020896, 2.066798, 1523433086352.8354
8.025317, 6.117183, 2.110768, 1523433086437.1584
8.029104, 6.181396, 2.158465, 1523433086521.4351
8.04753, 6.248312, 2.20672, 1523433086605.6191
8.067327, 6.317774, 2.22176, 1523433086689.5732
8.079948, 6.40733, 2.214334, 1523433086773.2964
8.094549, 6.50075, 2.196265, 1523433086856.6975
8.109143, 6.60655, 2.202761, 1523433086939.9141
8.128113, 6.707697, 2.23024, 1523433087022.9004
8.145484, 6.804963, 2.256979, 1523433087105.6104
8.161575, 6.882948, 2.309501, 1523433087188.3665
8.166041, 6.934473, 2.362103, 1523433087271.2146
8.154669, 6.977938, 2.391634, 1523433087354.1086
8.134443, 7.03377, 2.411774, 1523433087437.1409
8.113154, 7.094602, 2.412766, 1523433087520.2195
8.094153, 7.157593, 2.427123, 1523433087603.4819
8.075705, 7.217398, 2.461184, 1523433087687.0674
8.069401, 7.270506, 2.508032, 1523433087771.1597
8.076658, 7.319787, 2.552321, 1523433087855.3904
8.079272, 7.367472, 2.596258, 1523433087939.4368
8.090183, 7.408594, 2.621616, 1523433088023.3445
8.105316, 7.460663, 2.618576, 1523433088106.9761
8.123433, 7.516641, 2.622403, 1523433088190.3774
8.135495, 7.572221, 2.638578, 1523433088273.5476
8.14388, 7.621085, 2.679849, 1523433088356.2114
8.132769, 7.671126, 2.730064, 1523433088438.5527
8.13901, 7.703985, 2.775607, 1523433088521.1245
8.136645, 7.742363, 2.805519, 1523433088603.7424
8.123311, 7.794722, 2.802431, 1523433088686.4985
8.121337, 7.850216, 2.78989, 1523433088769.5769
8.11481, 7.910235, 2.801664, 1523433088852.7473
8.110614, 7.970018, 2.824989, 1523433088936.3325
8.113882, 8.020073, 2.871582, 1523433089020.5168
8.119331, 8.066886, 2.923701, 1523433089104.7473
8.11245, 8.113123, 2.970689, 1523433089188.7932
8.125036, 8.15735, 2.988449, 1523433089272.7471
8.143168, 8.211082, 2.996435, 1523433089356.2864
8.160238, 8.254001, 2.996992, 1523433089439.5029
8.181176, 8.304011, 2.992541, 1523433089522.5813
8.206805, 8.3605, 3.027109, 1523433089605.4294
8.215293, 8.405174, 3.073654, 1523433089687.8171
8.241944, 8.443013, 3.11147, 1523433089770.4348
8.249828, 8.48166, 3.149646, 1523433089853.1445
8.250185, 8.527508, 3.17028, 1523433089935.9468
8.247313, 8.580436, 3.166687, 1523433090018.8411
8.239308, 8.640959, 3.17107, 1523433090101.6887
8.220589, 8.697161, 3.178605, 1523433090184.6750
8.204679, 8.759345, 3.199188, 1523433090268.0298
8.207134, 8.81006, 3.234625, 1523433090352.0759
8.203959, 8.864904, 3.287564, 1523433090436.0757
8.193224, 8.903385, 3.340571, 1523433090519.7993
8.194533, 8.928189, 3.360944, 1523433090603.3386
8.207042, 8.969862, 3.368558, 1523433090686.6934
8.222168, 9.016885, 3.36113, 1523433090769.9102
8.24377, 9.06841, 3.375475, 1523433090853.1270
8.26604, 9.112889, 3.409299, 1523433090935.9749
8.268721, 9.151086, 3.458699, 1523433091018.4541
8.284802, 9.179497, 3.500995, 1523433091101.1179
8.296867, 9.210175, 3.543624, 1523433091183.9197
8.291204, 9.250561, 3.545792, 1523433091266.7678
8.286794, 9.304267, 3.542641, 1523433091349.6157
8.280861, 9.359148, 3.546064, 1523433091432.4639
8.270438, 9.424896, 3.551445, 1523433091515.4038
8.258065, 9.491116, 3.560709, 1523433091598.7126
8.260626, 9.560144, 3.599814, 1523433091682.7126
8.256381, 9.61149, 3.647604, 1523433091766.9431
8.246622, 9.651636, 3.699147, 1523433091850.9890
8.247188, 9.689157, 3.725729, 1523433091934.8049
8.250153, 9.736073, 3.729416, 1523433092018.3899
8.256217, 9.788544, 3.732589, 1523433092101.8833
8.266816, 9.841804, 3.739332, 1523433092185.3301
8.270947, 9.88856, 3.768881, 1523433092268.3625
8.269138, 9.942689, 3.803999, 1523433092350.9802
8.280045, 9.982508, 3.864598, 1523433092433.8740
8.268932, 10.014833, 3.896885, 1523433092516.5376
8.243732, 10.059347, 3.904149, 1523433092599.2935
8.238761, 10.106913, 3.895554, 1523433092682.2798
8.226164, 10.15905, 3.902249, 1523433092765.2656
8.20959, 10.217224, 3.918457, 1523433092848.6204
8.20359, 10.284519, 3.959809, 1523433092932.4819
8.201757, 10.340411, 4.007012, 1523433093016.8044
8.211447, 10.385946, 4.053763, 1523433093101.1267
8.219314, 10.430426, 4.095499, 1523433093185.1726
8.226666, 10.484396, 4.101585, 1523433093268.8496
8.230566, 10.543803, 4.107568, 1523433093352.1582
8.234833, 10.600082, 4.121153, 1523433093435.2825
8.239941, 10.65494, 4.147795, 1523433093517.9917
8.2372, 10.704977, 4.190855, 1523433093600.4709
8.242781, 10.742484, 4.239665, 1523433093683.1345
8.237375, 10.779882, 4.280936, 1523433093765.7979
8.231924, 10.822478, 4.286147, 1523433093848.6455
8.23657, 10.872828, 4.285226, 1523433093931.6316
8.234632, 10.923351, 4.296458, 1523433094014.7556
8.227879, 10.977676, 4.319623, 1523433094098.1101
8.223714, 11.034856, 4.356914, 1523433094182.0178
8.227202, 11.08139, 4.404305, 1523433094266.2019
8.230063, 11.114737, 4.451516, 1523433094350.1096
8.246357, 11.142957, 4.479913, 1523433094433.8789
8.260888, 11.178121, 4.485549, 1523433094517.2793
8.273717, 11.224835, 4.481119, 1523433094600.4958
8.287103, 11.282089, 4.4842, 1523433094683.6199
8.296047, 11.341657, 4.498075, 1523433094766.4675
8.305033, 11.394081, 4.541947, 1523433094849.1775
8.306765, 11.44155, 4.586936, 1523433094931.6565
8.312103, 11.475111, 4.628708, 1523433095014.2737
8.308152, 11.513371, 4.648204, 1523433095096.8450
8.294692, 11.554058, 4.652654, 1523433095179.6926
8.286229, 11.594041, 4.661495, 1523433095262.7708
8.273679, 11.653263, 4.655209, 1523433095345.9873
8.257213, 11.72002, 4.669662, 1523433095429.4341
8.243307, 11.783091, 4.705081, 1523433095513.1570
8.249595, 11.839768, 4.751429, 1523433095597.5715
8.258021, 11.878499, 4.807528, 1523433095682.1707
8.259871, 11.915271, 4.850466, 1523433095766.3547
8.274303, 11.964557, 4.863905, 1523433095850.3086
8.283391, 12.017864, 4.864354, 1523433095933.8477
8.292674, 12.073561, 4.875159, 1523433096017.1099
8.30619, 12.127984, 4.891237, 1523433096100.2344
8.305037, 12.186028, 4.928248, 1523433096182.7598
8.308985, 12.227713, 4.97577, 1523433096265.2390
8.311291, 12.265553, 5.012377, 1523433096347.7183
8.296893, 12.301674, 5.035938, 1523433096430.1514
8.276764, 12.353219, 5.035312, 1523433096512.5845
8.257637, 12.410313, 5.032767, 1523433096595.2019
8.232845, 12.466343, 5.04132, 1523433096678.1882
8.201107, 12.522278, 5.062473, 1523433096761.4968
8.162974, 12.576444, 5.094763, 1523433096845.4966
8.143806, 12.622905, 5.138144, 1523433096929.6345
8.12876, 12.657631, 5.187853, 1523433097013.6802
8.11592, 12.689013, 5.216876, 1523433097097.4958
8.10958, 12.72997, 5.230176, 1523433097181.0806
8.098149, 12.785446, 5.226614, 1523433097264.4812
8.083187, 12.840108, 5.236522, 1523433097347.5596
8.065551, 12.892735, 5.249927, 1523433097430.3613
8.044827, 12.941212, 5.287161, 1523433097512.8403
8.025988, 12.983429, 5.327048, 1523433097595.4578
8.010396, 13.018637, 5.36245, 1523433097678.3521
7.976854, 13.043696, 5.388712, 1523433097761.2458
7.936199, 13.060376, 5.404761, 1523433097844.1855
7.88925, 13.095069, 5.403159, 1523433097927.0796
7.838148, 13.127409, 5.391523, 1523433098010.2034
7.781026, 13.15925, 5.391682, 1523433098093.5122
7.718039, 13.194801, 5.40131, 1523433098177.0049
7.649411, 13.235124, 5.416737, 1523433098260.9126
7.594275, 13.277429, 5.423587, 1523433098345.0969
7.533313, 13.318889, 5.427302, 1523433098429.0964
7.467419, 13.345063, 5.429008, 1523433098512.4968
7.412744, 13.383814, 5.424404, 1523433098595.6213
7.353767, 13.43035, 5.420534, 1523433098678.5613
7.294596, 13.477147, 5.411747, 1523433098761.5012
7.235847, 13.519049, 5.414525, 1523433098844.4409
7.179786, 13.558802, 5.422075, 1523433098927.0583
7.111414, 13.598747, 5.424608, 1523433099009.4912
7.033202, 13.637334, 5.430157, 1523433099092.2468
6.958782, 13.667912, 5.421352, 1523433099175.1409
6.887645, 13.701606, 5.419608, 1523433099258.4951
6.80744, 13.733044, 5.406721, 1523433099341.9880
6.722969, 13.752312, 5.409656, 1523433099425.5730
6.628739, 13.774086, 5.416452, 1523433099509.3884
6.538159, 13.793886, 5.450427, 1523433099593.7568
6.457165, 13.807669, 5.494248, 1523433099678.1248
6.396, 13.819297, 5.53302, 1523433099762.1707
6.338719, 13.828918, 5.567781, 1523433099845.8018
6.273609, 13.846707, 5.581676, 1523433099929.1565
6.215411, 13.870577, 5.595819, 1523433100012.3267
6.152683, 13.897578, 5.623453, 1523433100095.4048
6.101898, 13.9181, 5.648044, 1523433100177.9763
6.058571, 13.932884, 5.677508, 1523433100260.6399
6.017091, 13.950468, 5.723361, 1523433100343.5339
5.974836, 13.94856, 5.734941, 1523433100426.4275
5.925343, 13.95043, 5.743864, 1523433100509.5518
5.868467, 13.956578, 5.739617, 1523433100592.7219
5.807432, 13.965325, 5.762831, 1523433100676.1687
5.752339, 13.959151, 5.793928, 1523433100759.9377
5.707213, 13.961737, 5.831243, 1523433100844.0298
5.656816, 13.961018, 5.874868, 1523433100927.9375
5.614356, 13.959598, 5.91853, 1523433101011.5686
5.578058, 13.970758, 5.945394, 1523433101094.9692
5.533552, 13.987225, 5.950023, 1523433101178.1392
5.483079, 14.004982, 5.964624, 1523433101261.2173
5.434041, 14.024676, 5.990873, 1523433101344.1570
5.386793, 14.024415, 6.028046, 1523433101426.5444
5.354453, 14.037855, 6.054358, 1523433101509.0696
5.307528, 14.052279, 6.088384, 1523433101591.7793
5.27249, 14.048249, 6.114743, 1523433101674.4890
5.220704, 14.045192, 6.110006, 1523433101757.2908
5.165526, 14.052813, 6.112761, 1523433101840.2307
5.106026, 14.049351, 6.124434, 1523433101923.4470
5.051759, 14.046294, 6.155243, 1523433102007.0325
4.986161, 14.050315, 6.197152, 1523433102091.2166
4.931324, 14.057338, 6.230315, 1523433102175.5388
4.882567, 14.05895, 6.266426, 1523433102259.4922
4.842038, 14.068971, 6.279665, 1523433102343.0312
4.78652, 14.07488, 6.294776, 1523433102426.1555
4.738009, 14.090306, 6.304654, 1523433102509.1880
4.675133, 14.10109, 6.335389, 1523433102592.0356
4.629404, 14.094069, 6.369469, 1523433102674.3767
4.589952, 14.104351, 6.411939, 1523433102756.9021
4.554359, 14.110616, 6.445487, 1523433102839.5657
4.515304, 14.110474, 6.46909, 1523433102922.3208
4.461803, 14.114646, 6.469853, 1523433103005.3071
4.408823, 14.117042, 6.470498, 1523433103088.3857
4.352811, 14.108903, 6.48445, 1523433103171.5098
4.299827, 14.107615, 6.519379, 1523433103255.0950
4.238798, 14.106515, 6.552696, 1523433103339.0486
4.180893, 14.094173, 6.604185, 1523433103422.9563
4.139746, 14.083981, 6.63436, 1523433103506.6794
4.093215, 14.082886, 6.644982, 1523433103590.1724
4.040963, 14.086867, 6.647706, 1523433103673.5271
3.98625, 14.091908, 6.653388, 1523433103756.8354
3.914551, 14.10287, 6.675549, 1523433103840.1440
3.867323, 14.108808, 6.715308, 1523433103922.9458
3.826932, 14.128498, 6.761676, 1523433104005.9319
3.791502, 14.131576, 6.805441, 1523433104088.9177
3.763473, 14.12757, 6.829166, 1523433104171.7656
3.727217, 14.121217, 6.836324, 1523433104254.7979
3.68562, 14.1161, 6.840375, 1523433104337.7378
3.645244, 14.105242, 6.855963, 1523433104420.6775
3.598446, 14.088931, 6.870792, 1523433104503.7554
3.551279, 14.080855, 6.896179, 1523433104587.2483
3.505466, 14.07251, 6.921351, 1523433104670.9717
3.46688, 14.059725, 6.954016, 1523433104754.5566
3.44521, 14.055569, 6.978914, 1523433104838.0496
3.421378, 14.056006, 6.998841, 1523433104921.4043
3.407717, 14.060918, 7.01207, 1523433105004.5745
3.389782, 14.077098, 7.018477, 1523433105087.7449
3.375281, 14.091544, 7.035066, 1523433105170.8689
3.358998, 14.108171, 7.04543, 1523433105253.8547
3.34149, 14.124165, 7.034886, 1523433105336.7024
3.322945, 14.138023, 7.039568, 1523433105419.5039
3.306152, 14.143382, 7.037897, 1523433105502.3518
3.294286, 14.152871, 7.034573, 1523433105585.4758
3.286133, 14.152176, 7.043252, 1523433105668.8767
3.293953, 14.162342, 7.049532, 1523433105752.6460
3.296702, 14.160806, 7.045238, 1523433105836.4153
3.30532, 14.158002, 7.035138, 1523433105920.2302
3.29152, 14.135479, 7.037385, 1523433106003.8152
3.285567, 14.12083, 7.030578, 1523433106087.1702
3.285592, 14.100598, 7.036725, 1523433106170.3401
3.288964, 14.069664, 7.026317, 1523433106253.0959
3.294023, 14.035734, 7.018078, 1523433106335.4824
3.303653, 13.994854, 7.01342, 1523433106417.5933
3.330241, 13.953015, 7.019205, 1523433106499.5654
3.371058, 13.920022, 7.023898, 1523433106581.6760
3.416131, 13.896078, 7.022946, 1523433106664.0168
3.457529, 13.88827, 7.027811, 1523433106746.6804
3.49679, 13.88767, 7.02589, 1523433106829.5286
3.509633, 13.88853, 7.030916, 1523433106912.5608
3.532375, 13.893762, 7.025748, 1523433106995.7769
3.532777, 13.899145, 7.026718, 1523433107079.2239
3.534605, 13.912098, 7.040262, 1523433107162.6704
3.526629, 13.914841, 7.030125, 1523433107246.2092
3.506928, 13.903491, 7.01193, 1523433107330.1626
3.514162, 13.89293, 7.016356, 1523433107414.2546
3.512786, 13.900402, 7.019091, 1523433107498.4846
3.511147, 13.907796, 7.026021, 1523433107583.0374
3.509931, 13.910803, 7.029957, 1523433107667.6821
3.51577, 13.917553, 7.042832, 1523433107752.4197
3.520341, 13.92908, 7.044751, 1523433107837.0183
3.516791, 13.939088, 7.044511, 1523433107921.4788
3.517129, 13.939968, 7.03934, 1523433108005.8469
3.516837, 13.939979, 7.039561, 1523433108090.0315
3.520267, 13.938182, 7.040781, 1523433108173.9846
3.52818, 13.940119, 7.036812, 1523433108257.6157
3.535326, 13.935685, 7.040732, 1523433108340.9243
3.540427, 13.933997, 7.038479, 1523433108424.0486
3.535129, 13.929094, 7.029996, 1523433108507.0344
3.54744, 13.920956, 7.034926, 1523433108590.0205
3.544676, 13.913285, 7.029886, 1523433108673.1907
3.539621, 13.898239, 7.022165, 1523433108756.5916
3.536303, 13.882232, 7.017117, 1523433108840.1763
3.525304, 13.861952, 7.014574, 1523433108923.8538
3.520915, 13.843648, 7.010742, 1523433109007.6230
3.512437, 13.825384, 7.001146, 1523433109091.3923
3.501867, 13.805676, 6.989214, 1523433109175.0696
3.477631, 13.790791, 6.974345, 1523433109258.6545
3.456328, 13.783988, 6.969275, 1523433109342.1013
3.4321, 13.776618, 6.967307, 1523433109425.2715
3.397165, 13.772536, 6.97137, 1523433109508.1191
3.353091, 13.765509, 6.972772, 1523433109590.5522
3.305148, 13.770711, 6.972273, 1523433109672.8010
3.252386, 13.776006, 6.976673, 1523433109755.0037
3.20037, 13.78516, 6.984898, 1523433109837.0684
3.155135, 13.788212, 6.991644, 1523433109919.0408
3.108937, 13.787834, 6.992356, 1523433110001.0591
3.066554, 13.775314, 6.993921, 1523433110083.1699
3.017828, 13.755362, 6.986348, 1523433110165.5110
2.973472, 13.728384, 6.979021, 1523433110248.0359
2.924065, 13.685489, 6.970848, 1523433110330.8376
2.871526, 13.639344, 6.959864, 1523433110413.7776
2.819034, 13.58502, 6.954266, 1523433110496.9939
2.767728, 13.515486, 6.946348, 1523433110580.2102
2.705358, 13.443601, 6.966762, 1523433110663.7493
2.641228, 13.383973, 7.008856, 1523433110747.6108
2.599866, 13.35249, 7.056211, 1523433110831.5645
2.562858, 13.334774, 7.101319, 1523433110915.4722
2.526288, 13.317113, 7.139663, 1523433110999.0110
2.487586, 13.303208, 7.159455, 1523433111082.2734
2.445697, 13.286922, 7.172699, 1523433111165.2134
2.396279, 13.260929, 7.176711, 1523433111248.0149
2.339995, 13.234492, 7.196577, 1523433111330.7246
2.313286, 13.202519, 7.238264, 1523433111412.9272
2.284041, 13.180968, 7.278732, 1523433111495.2681
2.253143, 13.164716, 7.310317, 1523433111577.9778
2.224932, 13.139936, 7.321563, 1523433111660.9177
2.191467, 13.113594, 7.326535, 1523433111744.2261
2.156346, 13.085485, 7.327972, 1523433111827.6265
2.125236, 13.0459, 7.336505, 1523433111911.1194
2.103445, 13.004191, 7.363498, 1523433111994.6121
2.083597, 12.966382, 7.401546, 1523433112078.5662
2.048445, 12.930403, 7.453043, 1523433112162.8425
2.032799, 12.908213, 7.49638, 1523433112246.9343
2.010943, 12.895724, 7.52714, 1523433112330.7959
1.988989, 12.882459, 7.537969, 1523433112414.3347
1.958562, 12.860636, 7.5347, 1523433112497.6892
1.91885, 12.828892, 7.528631, 1523433112580.9519
1.876527, 12.781896, 7.533434, 1523433112663.9377
1.833429, 12.739072, 7.55532, 1523433112746.9238
1.787066, 12.698772, 7.590331, 1523433112829.5874
1.757548, 12.666658, 7.621646, 1523433112912.3430
1.73553, 12.629793, 7.658354, 1523433112995.1909
1.727743, 12.599313, 7.68385, 1523433113078.0391
1.71861, 12.558518, 7.689013, 1523433113160.8406
1.708704, 12.513172, 7.681038, 1523433113243.5964
1.696967, 12.459715, 7.675638, 1523433113326.4900
1.687183, 12.401067, 7.669505, 1523433113409.5679
1.682341, 12.336585, 7.662451, 1523433113492.6462
1.681718, 12.269413, 7.67359, 1523433113576.0010
1.670527, 12.201022, 7.68257, 1523433113659.7244
1.65107, 12.136162, 7.693798, 1523433113743.6321
1.652645, 12.083729, 7.69554, 1523433113827.3091
1.640787, 12.02385, 7.690078, 1523433113910.8943
1.624121, 11.958364, 7.687238, 1523433113994.2490
1.607298, 11.894393, 7.684959, 1523433114077.6033
1.583928, 11.811292, 7.690476, 1523433114161.1426
1.561345, 11.744978, 7.714124, 1523433114244.6353
1.552446, 11.694433, 7.751898, 1523433114327.7134
1.533034, 11.641012, 7.781899, 1523433114410.9299
1.52248, 11.59296, 7.817958, 1523433114494.1465
1.527383, 11.554032, 7.839692, 1523433114577.3625
1.530924, 11.512321, 7.840084, 1523433114660.8555
1.538144, 11.463988, 7.841831, 1523433114744.3481
1.544389, 11.407367, 7.844536, 1523433114827.9329
1.560035, 11.349968, 7.846939, 1523433114911.6101
1.590204, 11.28604, 7.858904, 1523433114995.3335
1.605443, 11.223572, 7.892991, 1523433115079.4712
1.612145, 11.165403, 7.939145, 1523433115163.7012
1.62131, 11.125038, 7.974256, 1523433115247.7466
1.614478, 11.087698, 8.005811, 1523433115331.5620
1.604853, 11.056019, 8.019108, 1523433115415.0547
1.594299, 11.019265, 8.027272, 1523433115498.3630
1.588331, 10.957356, 8.034526, 1523433115581.5793
1.581847, 10.893246, 8.054061, 1523433115664.5659
1.583484, 10.832574, 8.080672, 1523433115747.2292
1.592744, 10.777693, 8.12364, 1523433115829.4780
1.599149, 10.750445, 8.161219, 1523433115911.6812
1.612968, 10.719995, 8.193102, 1523433115993.9758
1.636209, 10.690062, 8.209138, 1523433116076.2710
1.660211, 10.652308, 8.205574, 1523433116158.7500
1.684659, 10.591871, 8.203278, 1523433116241.4138
1.706374, 10.53522, 8.206251, 1523433116324.3538
1.730231, 10.484201, 8.23095, 1523433116407.6621
1.750628, 10.430468, 8.26593, 1523433116491.6160
1.757809, 10.386718, 8.307513, 1523433116576.1226
1.762321, 10.358929, 8.348093, 1523433116660.5830
1.754959, 10.342961, 8.383899, 1523433116744.8130
1.753295, 10.313333, 8.404053, 1523433116828.6746
1.751063, 10.278196, 8.409109, 1523433116912.1213
1.75581, 10.235427, 8.411394, 1523433116995.2917
1.756523, 10.185076, 8.411271, 1523433117078.3237
1.746725, 10.128141, 8.434655, 1523433117161.3096
1.741009, 10.07678, 8.466423, 1523433117244.1572
1.728172, 10.035483, 8.51203, 1523433117327.0513
1.721263, 10.014658, 8.552397, 1523433117409.8989
1.72553, 9.998845, 8.586204, 1523433117492.8391
1.736049, 9.974211, 8.601372, 1523433117575.8252
1.742886, 9.941959, 8.599386, 1523433117658.8572
1.745154, 9.896876, 8.593923, 1523433117742.1196
1.75163, 9.834573, 8.589223, 1523433117825.4744
1.759167, 9.777918, 8.593691, 1523433117908.9670
1.775713, 9.718953, 8.622035, 1523433117992.6904
1.786499, 9.663311, 8.662583, 1523433118076.7366
1.797756, 9.61493, 8.700047, 1523433118160.6902
1.802952, 9.577662, 8.738502, 1523433118244.4595
1.797793, 9.544647, 8.766564, 1523433118327.9062
1.78571, 9.515474, 8.774621, 1523433118411.1226
1.775079, 9.477239, 8.782587, 1523433118494.1084
1.768593, 9.432793, 8.775476, 1523433118576.8640
1.760683, 9.38133, 8.778886, 1523433118659.3894
1.741086, 9.328218, 8.802246, 1523433118741.8220
1.724195, 9.283339, 8.836221, 1523433118824.1631
1.71553, 9.245187, 8.875613, 1523433118906.5962
1.717358, 9.222034, 8.918665, 1523433118988.9832
1.728528, 9.201869, 8.944713, 1523433119071.4624
1.74439, 9.180057, 8.959106, 1523433119154.2178
1.775204, 9.151637, 8.958962, 1523433119236.9734
1.801, 9.118872, 8.957085, 1523433119319.9131
1.831611, 9.071999, 8.954033, 1523433119403.0830
1.870859, 9.024228, 8.940867, 1523433119486.3914
1.912921, 8.971335, 8.937507, 1523433119569.8840
1.958644, 8.912269, 8.947152, 1523433119653.6992
1.991904, 8.851491, 8.963956, 1523433119737.8833
2.01688, 8.792534, 8.971737, 1523433119822.2517
2.047617, 8.735816, 8.980693, 1523433119906.3433
2.071512, 8.673553, 8.976377, 1523433119990.1584
2.093276, 8.606194, 8.969857, 1523433120073.6047
2.115428, 8.535023, 8.971911, 1523433120156.7751
2.137395, 8.451523, 8.982737, 1523433120239.8535
2.161868, 8.382798, 9.012856, 1523433120322.5630
2.177635, 8.323527, 9.054043, 1523433120405.1345
2.182505, 8.282382, 9.095279, 1523433120487.9363
2.202187, 8.248464, 9.12851, 1523433120570.7839
2.234662, 8.215639, 9.13666, 1523433120653.7239
2.274351, 8.181924, 9.131556, 1523433120736.8020
2.324911, 8.145103, 9.132641, 1523433120819.7881
2.382136, 8.108061, 9.132987, 1523433120902.9583
2.437418, 8.080547, 9.167871, 1523433120986.4973
2.478569, 8.046434, 9.203181, 1523433121070.7732
2.504873, 8.02308, 9.258582, 1523433121155.3262
2.528599, 8.007605, 9.300584, 1523433121239.6946
2.542799, 7.979424, 9.322591, 1523433121323.9246
2.551615, 7.943145, 9.335956, 1523433121407.8320
2.572851, 7.894774, 9.339276, 1523433121491.4170
2.59641, 7.845637, 9.340281, 1523433121574.8176
2.626785, 7.791286, 9.364028, 1523433121657.8496
2.64545, 7.75354, 9.396268, 1523433121740.3289
2.656976, 7.715606, 9.445457, 1523433121822.8079
2.661688, 7.698827, 9.483705, 1523433121905.1492
2.682951, 7.680614, 9.506279, 1523433121987.4902
2.713708, 7.659261, 9.513009, 1523433122070.0154
2.75209, 7.630633, 9.517446, 1523433122152.8630
2.794629, 7.600982, 9.519054, 1523433122235.9412
2.843174, 7.580354, 9.529867, 1523433122319.2039
2.915392, 7.569772, 9.555202, 1523433122402.6040
2.959465, 7.545884, 9.588127, 1523433122486.4658
3.000039, 7.528397, 9.634569, 1523433122570.2812
3.02753, 7.518617, 9.671742, 1523433122653.8660
3.047681, 7.512111, 9.702814, 1523433122737.2207
3.064561, 7.487298, 9.706174, 1523433122820.6213
3.076899, 7.44999, 9.710584, 1523433122904.0681
3.098387, 7.409174, 9.710545, 1523433122987.6069
3.127476, 7.35849, 9.70303, 1523433123071.1458
3.162838, 7.289062, 9.695414, 1523433123154.7305
3.198532, 7.236304, 9.70193, 1523433123238.0850
3.243672, 7.195709, 9.724075, 1523433123320.9785
3.278848, 7.165735, 9.728575, 1523433123403.8262
3.318081, 7.123459, 9.733049, 1523433123486.7200
3.371404, 7.098993, 9.726989, 1523433123569.4292
3.421453, 7.07012, 9.728783, 1523433123652.2307
3.48686, 7.040451, 9.707055, 1523433123735.0325
3.55714, 7.012763, 9.698339, 1523433123817.9724
3.626611, 6.984718, 9.711529, 1523433123901.2805
3.679403, 6.945796, 9.713068, 1523433123985.0498
3.727896, 6.912157, 9.721117, 1523433124068.7734
3.78291, 6.881432, 9.721909, 1523433124151.9900
3.837015, 6.842285, 9.743102, 1523433124235.1140
3.876752, 6.802348, 9.749137, 1523433124317.9158
3.931758, 6.758632, 9.732832, 1523433124400.7175
3.984215, 6.708525, 9.729657, 1523433124483.5193
4.022857, 6.672891, 9.731052, 1523433124566.0906
4.082372, 6.625004, 9.734088, 1523433124648.9385
4.133339, 6.576465, 9.756443, 1523433124732.0625
4.198759, 6.55199, 9.745338, 1523433124815.3247
4.250627, 6.52873, 9.745353, 1523433124898.9097
4.317034, 6.515359, 9.729559, 1523433124982.5408
4.377204, 6.508009, 9.72168, 1523433125066.2637
4.445645, 6.496465, 9.738575, 1523433125150.0789
4.511844, 6.473955, 9.738431, 1523433125234.2166
4.576129, 6.448509, 9.747141, 1523433125318.1704
4.642487, 6.434437, 9.744844, 1523433125401.7556
4.701988, 6.412563, 9.73868, 1523433125485.2024
4.773272, 6.386264, 9.736158, 1523433125568.2808
4.832366, 6.360386, 9.729638, 1523433125651.2671
4.886932, 6.330519, 9.728917, 1523433125733.9763
4.966611, 6.316963, 9.698246, 1523433125816.5017
5.03027, 6.296138, 9.713985, 1523433125899.2112
5.085083, 6.279567, 9.734613, 1523433125982.1050
5.137112, 6.28371, 9.728146, 1523433126065.0449
5.208661, 6.284268, 9.726683, 1523433126148.3076
5.270587, 6.297866, 9.712361, 1523433126231.7083
5.338307, 6.328013, 9.701692, 1523433126315.1555
5.413188, 6.368372, 9.704684, 1523433126398.5562
5.485964, 6.392469, 9.71197, 1523433126482.2793
5.558912, 6.398488, 9.725092, 1523433126566.1865
5.637612, 6.41674, 9.725033, 1523433126649.8176
5.708723, 6.421098, 9.730646, 1523433126733.4487
5.782912, 6.417411, 9.729466, 1523433126816.8955
5.858425, 6.423469, 9.718889, 1523433126900.3884
5.939993, 6.416234, 9.713804, 1523433126983.8352
6.018928, 6.409397, 9.711047, 1523433127067.1895
6.090171, 6.419429, 9.72339, 1523433127150.0833
6.15342, 6.43622, 9.740095, 1523433127232.9771
6.211401, 6.436257, 9.741193, 1523433127316.1477
6.274826, 6.449264, 9.750255, 1523433127399.2720
6.340324, 6.457726, 9.747079, 1523433127482.4885
6.410822, 6.471564, 9.738138, 1523433127565.6125
6.476492, 6.490296, 9.731989, 1523433127648.7371
6.538932, 6.5028, 9.729475, 1523433127731.9995
6.610231, 6.516354, 9.739592, 1523433127815.3545
6.692292, 6.520577, 9.739444, 1523433127898.7092
6.772328, 6.527206, 9.744109, 1523433127982.0637
6.851977, 6.529516, 9.74136, 1523433128065.3262
6.941907, 6.532254, 9.744469, 1523433128148.3120
7.034976, 6.529585, 9.727602, 1523433128231.2061
7.117414, 6.535785, 9.728344, 1523433128313.8696
7.193308, 6.55203, 9.73795, 1523433128396.1182
7.28074, 6.560649, 9.73843, 1523433128478.6895
7.354468, 6.554045, 9.743003, 1523433128561.6753
7.419713, 6.563283, 9.738964, 1523433128644.8457
7.486252, 6.567753, 9.732298, 1523433128728.2466
7.554226, 6.582664, 9.719307, 1523433128811.6934
7.617995, 6.599022, 9.718531, 1523433128895.2783
7.671599, 6.616726, 9.732797, 1523433128978.9553
7.72125, 6.629654, 9.740797, 1523433129062.8167
7.788922, 6.625671, 9.739024, 1523433129146.6780
7.856027, 6.629136, 9.736638, 1523433129230.1707
7.908824, 6.627181, 9.734292, 1523433129313.6177
7.961974, 6.620394, 9.740544, 1523433129396.7422
8.023882, 6.610793, 9.722753, 1523433129479.8201
8.080912, 6.600926, 9.703297, 1523433129562.7598
8.14103, 6.585588, 9.712547, 1523433129645.6536
8.18835, 6.570142, 9.716256, 1523433129728.5015
8.238845, 6.55914, 9.724, 1523433129811.3499
8.295938, 6.555473, 9.722465, 1523433129894.2437
8.351713, 6.544734, 9.723636, 1523433129977.3679
8.409997, 6.537308, 9.728052, 1523433130060.6301
8.483844, 6.540445, 9.71052, 1523433130143.9387
8.548252, 6.559306, 9.703232, 1523433130227.0632
8.605004, 6.576298, 9.710872, 1523433130310.2339
8.665573, 6.593214, 9.710122, 1523433130393.5884
8.72501, 6.601027, 9.699035, 1523433130477.1272
8.782279, 6.606218, 9.691813, 1523433130560.6660
8.827443, 6.627378, 9.700885, 1523433130643.8364
8.870981, 6.624128, 9.711814, 1523433130727.0530
8.894368, 6.6213, 9.719593, 1523433130810.2229
8.928592, 6.618504, 9.722106, 1523433130893.4392
8.957046, 6.610846, 9.718773, 1523433130976.7019
8.990959, 6.598424, 9.72656, 1523433131060.0105
9.017801, 6.584562, 9.731353, 1523433131143.1345
9.048213, 6.5846, 9.733444, 1523433131226.1670
9.078895, 6.58634, 9.737938, 1523433131309.1992
9.110269, 6.583022, 9.738153, 1523433131392.3694
9.137261, 6.588524, 9.742644, 1523433131475.7241
9.173073, 6.609373, 9.739985, 1523433131559.2629
9.218556, 6.639098, 9.729963, 1523433131642.7556
9.264712, 6.668204, 9.712929, 1523433131726.4329
9.31239, 6.689272, 9.724344, 1523433131810.2021
9.356676, 6.7071, 9.725272, 1523433131894.3401
9.425533, 6.716735, 9.712542, 1523433131978.4319
9.475823, 6.73595, 9.722922, 1523433132062.2930
9.519828, 6.738421, 9.718964, 1523433132146.0166
9.570233, 6.733203, 9.712625, 1523433132229.6016
9.617921, 6.718136, 9.709459, 1523433132313.0483
9.684229, 6.701957, 9.689894, 1523433132396.4028
9.73855, 6.674738, 9.680532, 1523433132479.4807
9.796433, 6.657905, 9.682495, 1523433132562.1440
9.84886, 6.646117, 9.69952, 1523433132644.3467
9.898187, 6.64601, 9.706656, 1523433132726.3188
9.941236, 6.64447, 9.724389, 1523433132808.4297
9.99938, 6.661653, 9.708594, 1523433132890.7244
10.058144, 6.679243, 9.716524, 1523433132973.4336
10.134416, 6.69836, 9.693239, 1523433133056.3274
10.225731, 6.720352, 9.682313, 1523433133139.4055
10.328924, 6.733987, 9.691113, 1523433133223.0366
10.421841, 6.726078, 9.698773, 1523433133307.2664
10.514308, 6.72079, 9.713735, 1523433133391.5884
10.589826, 6.707752, 9.727865, 1523433133476.0486
10.655854, 6.668689, 9.725812, 1523433133560.3713
10.729423, 6.636328, 9.71502, 1523433133644.3711
10.805571, 6.591448, 9.701418, 1523433133728.0481
10.87462, 6.559371, 9.708688, 1523433133811.1724
10.952594, 6.531717, 9.723705, 1523433133894.0203
11.009942, 6.494308, 9.742973, 1523433133977.1904
11.080217, 6.468822, 9.746398, 1523433134060.3147
11.159549, 6.457561, 9.745212, 1523433134143.2546
11.23452, 6.429617, 9.73021, 1523433134226.3333
11.308415, 6.401586, 9.724589, 1523433134309.4114
11.401409, 6.364522, 9.722434, 1523433134392.5354
11.479018, 6.323202, 9.723804, 1523433134476.1204
11.550962, 6.258757, 9.723105, 1523433134559.8435
11.627176, 6.204979, 9.72402, 1523433134643.1982
11.686454, 6.143027, 9.724105, 1523433134726.5525
11.741961, 6.090133, 9.720653, 1523433134809.4463
11.796934, 6.030748, 9.711086, 1523433134892.2478
11.840125, 5.965143, 9.70455, 1523433134975.0034
11.882161, 5.89554, 9.718198, 1523433135057.4827
11.926665, 5.828185, 9.726644, 1523433135140.1462
11.961946, 5.760421, 9.743299, 1523433135223.1321
12.004693, 5.699261, 9.744022, 1523433135306.2563
12.045682, 5.636772, 9.733724, 1523433135389.7031
12.095503, 5.558174, 9.716052, 1523433135473.2419
12.159796, 5.488904, 9.720972, 1523433135556.6426
12.21077, 5.401821, 9.728955, 1523433135640.3198
12.238377, 5.305779, 9.734769, 1523433135724.3193
12.275799, 5.222876, 9.725018, 1523433135807.8584
12.302263, 5.139415, 9.731652, 1523433135891.2588
12.318803, 5.056256, 9.725494, 1523433135974.3372
12.338343, 4.972303, 9.715211, 1523433136057.1851
12.338694, 4.883891, 9.713644, 1523433136139.9404
12.354082, 4.790752, 9.715803, 1523433136222.1433
12.365444, 4.708911, 9.717229, 1523433136304.6223
12.356106, 4.630522, 9.734506, 1523433136387.5627
12.367142, 4.543652, 9.722516, 1523433136470.7329
12.36155, 4.428186, 9.70904, 1523433136554.3640
12.360595, 4.352315, 9.683819, 1523433136637.9033
12.370432, 4.250453, 9.683402, 1523433136721.5342
12.353148, 4.16946, 9.6954, 1523433136805.6262
12.330574, 4.098529, 9.700309, 1523433136889.6721
12.325446, 3.984272, 9.70125, 1523433136973.1648
12.296358, 3.914638, 9.703966, 1523433137056.3350
12.270873, 3.830473, 9.698353, 1523433137139.1829
12.235456, 3.763807, 9.691073, 1523433137222.0767
12.194126, 3.70025, 9.699531, 1523433137304.9246
12.164238, 3.634052, 9.710358, 1523433137387.5422
12.132622, 3.564758, 9.723949, 1523433137470.5281
12.083858, 3.496598, 9.718822, 1523433137553.8367
12.040358, 3.402238, 9.714863, 1523433137637.1917
12.002375, 3.332961, 9.705831, 1523433137720.5920
11.962762, 3.250758, 9.693092, 1523433137803.8086
11.920234, 3.166765, 9.684319, 1523433137886.9790
11.872241, 3.085809, 9.702599, 1523433137970.3799
11.813779, 3.024546, 9.708282, 1523433138053.9189
11.742308, 2.944004, 9.70188, 1523433138137.2734
11.667367, 2.881744, 9.688216, 1523433138220.4900
11.598741, 2.821543, 9.679336, 1523433138303.4763
11.528143, 2.766027, 9.667184, 1523433138386.3704
11.438517, 2.727468, 9.668809, 1523433138469.2639
11.366652, 2.678399, 9.682144, 1523433138551.9275
11.299832, 2.619585, 9.697908, 1523433138634.6367
11.234771, 2.591693, 9.708931, 1523433138717.8069
11.172308, 2.5425, 9.708576, 1523433138801.2075
11.106279, 2.499253, 9.699258, 1523433138884.7466
11.033325, 2.441532, 9.684163, 1523433138968.2852
10.947781, 2.382245, 9.67789, 1523433139051.8245
10.872152, 2.340814, 9.697251, 1523433139135.6863
10.801276, 2.306828, 9.689422, 1523433139219.7781
10.710985, 2.263602, 9.692629, 1523433139303.5012
10.621904, 2.226772, 9.679676, 1523433139386.9480
10.551842, 2.208681, 9.67608, 1523433139470.0723
10.470086, 2.180594, 9.680414, 1523433139553.0583
10.381735, 2.16697, 9.677669, 1523433139636.1826
10.276803, 2.152989, 9.68162, 1523433139719.0305
10.177147, 2.128922, 9.677389, 1523433139801.7859
10.107462, 2.114691, 9.704363, 1523433139884.6794
10.049304, 2.086051, 9.701671, 1523433139967.5276
9.968762, 2.061219, 9.692927, 1523433140050.5598
9.880876, 2.040812, 9.682569, 1523433140133.8223
9.793185, 2.002792, 9.685983, 1523433140217.0388
9.707883, 1.987005, 9.68605, 1523433140300.6238
9.628989, 1.964116, 9.679924, 1523433140384.5774
9.551398, 1.962089, 9.67666, 1523433140468.3467
9.44887, 1.942378, 9.66351, 1523433140551.8860
9.34852, 1.934312, 9.700879, 1523433140635.1948
9.265162, 1.918082, 9.677516, 1523433140718.1812
9.187445, 1.910811, 9.674371, 1523433140801.0750
9.111465, 1.909239, 9.673344, 1523433140883.9231
9.044136, 1.894181, 9.68944, 1523433140966.5405
8.967974, 1.883094, 9.70716, 1523433141049.2964
8.888575, 1.880443, 9.697804, 1523433141132.5129
8.810104, 1.853564, 9.697311, 1523433141215.7292
8.731944, 1.824829, 9.693304, 1523433141299.0837
8.640062, 1.794786, 9.686383, 1523433141382.4385
8.54726, 1.763902, 9.671262, 1523433141465.9316
8.45486, 1.73525, 9.689831, 1523433141549.6550
8.363692, 1.72284, 9.678504, 1523433141633.5625
8.258858, 1.694927, 9.67853, 1523433141717.2861
8.16587, 1.666796, 9.671996, 1523433141800.8252
8.073034, 1.652876, 9.673349, 1523433141884.1340
7.996612, 1.637529, 9.673687, 1523433141967.1660
7.909983, 1.631144, 9.660105, 1523433142050.2441
7.835818, 1.620177, 9.672417, 1523433142133.0920
7.756258, 1.600303, 9.692664, 1523433142215.6638
7.687611, 1.589829, 9.695759, 1523433142298.5112
7.609012, 1.575481, 9.701827, 1523433142381.7275
7.537564, 1.565693, 9.694031, 1523433142465.1287
7.426171, 1.547502, 9.666399, 1523433142548.8062
7.326002, 1.53203, 9.65429, 1523433142632.4836
7.227278, 1.512266, 9.652449, 1523433142716.2527
7.140077, 1.502869, 9.672507, 1523433142800.2063
7.049385, 1.496213, 9.670584, 1523433142884.1599
6.950368, 1.469513, 9.67693, 1523433142967.6531
6.848106, 1.468484, 9.669397, 1523433143051.0540
6.766983, 1.476238, 9.667466, 1523433143134.0859
6.671504, 1.48216, 9.657268, 1523433143216.8418
6.586554, 1.496015, 9.649782, 1523433143299.6897
6.492489, 1.506473, 9.665911, 1523433143382.3533
6.409645, 1.516742, 9.680325, 1523433143465.0630
6.343414, 1.53203, 9.696226, 1523433143548.1411
6.245219, 1.552526, 9.695589, 1523433143631.4500
6.171717, 1.563777, 9.683053, 1523433143714.9890
6.095669, 1.56512, 9.671637, 1523433143798.5281
6.002923, 1.578178, 9.67484, 1523433143882.0674
5.909888, 1.59078, 9.680923, 1523433143965.8831
5.82775, 1.616331, 9.695893, 1523433144049.7446
5.735699, 1.638514, 9.689287, 1523433144133.1453
5.651251, 1.669183, 9.686472, 1523433144216.3159
5.579247, 1.7003, 9.69343, 1523433144299.3018
5.501516, 1.731751, 9.678672, 1523433144382.2419
5.431116, 1.776747, 9.673076, 1523433144465.3662
5.361823, 1.824326, 9.681658, 1523433144548.3984
5.284822, 1.86197, 9.68189, 1523433144631.2004
5.216738, 1.900694, 9.695886, 1523433144714.3250
5.159117, 1.95279, 9.704801, 1523433144797.8638
5.076791, 1.996618, 9.683853, 1523433144881.4949
5.00201, 2.042786, 9.671858, 1523433144965.2644
4.919984, 2.090693, 9.670863, 1523433145048.8958
4.8462, 2.145072, 9.655643, 1523433145132.4348
4.789764, 2.198102, 9.671815, 1523433145216.4348
4.737801, 2.267157, 9.686954, 1523433145300.6650
4.673682, 2.33535, 9.690969, 1523433145384.3884
4.615976, 2.397958, 9.683753, 1523433145467.7432
4.566342, 2.459525, 9.68099, 1523433145550.7751
4.525104, 2.523655, 9.689884, 1523433145633.5308
4.492687, 2.590835, 9.675187, 1523433145716.2402
4.465922, 2.659741, 9.688052, 1523433145798.6733
4.428497, 2.718544, 9.695844, 1523433145880.9224
4.40478, 2.795492, 9.7014, 1523433145963.7244
4.374353, 2.878305, 9.710475, 1523433146046.8948
4.345107, 2.960502, 9.702584, 1523433146130.3879
4.318201, 3.042429, 9.684058, 1523433146213.8350
4.261387, 3.127183, 9.669331, 1523433146297.0515
4.220364, 3.208232, 9.678786, 1523433146380.3601
4.198291, 3.288645, 9.689255, 1523433146464.1296
4.178681, 3.373983, 9.694586, 1523433146547.8992
4.136911, 3.460632, 9.701908, 1523433146631.2542
4.129267, 3.546537, 9.692256, 1523433146714.4709
4.109336, 3.62465, 9.69744, 1523433146797.3186
4.093302, 3.704993, 9.691358, 1523433146880.0283
4.077869, 3.793077, 9.67754, 1523433146962.5996
4.071018, 3.887926, 9.683578, 1523433147044.9866
4.056773, 3.960955, 9.69382, 1523433147127.1433
4.057433, 4.02413, 9.716995, 1523433147209.8066
4.059528, 4.095159, 9.721381, 1523433147293.0232
4.0558, 4.164553, 9.719871, 1523433147376.7004
4.047522, 4.249359, 9.710081, 1523433147460.6084
4.035437, 4.34632, 9.698032, 1523433147544.4697
4.013297, 4.438177, 9.692345, 1523433147628.2393
4.004673, 4.523122, 9.713708, 1523433147712.1472
4.01061, 4.609569, 9.726961, 1523433147796.2852
4.014832, 4.699477, 9.718431, 1523433147880.1470
4.019172, 4.775952, 9.716855, 1523433147963.6858
4.032515, 4.845651, 9.725421, 1523433148046.9946
4.039506, 4.919652, 9.721998, 1523433148130.2109
4.07612, 4.983081, 9.710951, 1523433148213.5659
4.10506, 5.049284, 9.71523, 1523433148296.8286
4.126637, 5.10212, 9.732759, 1523433148379.7224
4.137263, 5.163952, 9.740892, 1523433148462.7085
4.174463, 5.235882, 9.732322, 1523433148546.2014
4.197389, 5.306156, 9.731793, 1523433148629.5562
4.200273, 5.394297, 9.722359, 1523433148712.8188
4.233472, 5.487657, 9.71207, 1523433148795.9890
4.256123, 5.576408, 9.704513, 1523433148879.0212
4.282693, 5.648805, 9.714255, 1523433148962.3762
4.324588, 5.714034, 9.722005, 1523433149046.0999
4.368302, 5.775652, 9.719331, 1523433149129.5930
4.413782, 5.844037, 9.719769, 1523433149212.8560
4.461255, 5.888424, 9.720303, 1523433149296.1184
4.508239, 5.932324, 9.711763, 1523433149379.1045
4.56747, 5.974362, 9.703888, 1523433149462.0449
4.623162, 6.013766, 9.696972, 1523433149544.8467
4.678503, 6.049891, 9.713143, 1523433149627.5564
4.72965, 6.084446, 9.721744, 1523433149710.0815
4.785136, 6.119607, 9.717135, 1523433149792.8835
4.854691, 6.137392, 9.721039, 1523433149876.0999
4.931003, 6.179928, 9.729639, 1523433149959.3625
5.009626, 6.218523, 9.72652, 1523433150042.8555
5.08554, 6.260399, 9.699538, 1523433150126.0718
5.169397, 6.297485, 9.69527, 1523433150209.1960
5.239385, 6.333637, 9.719369, 1523433150292.2747
5.313038, 6.363895, 9.730232, 1523433150375.6755
5.400724, 6.382096, 9.733641, 1523433150458.8918
5.472325, 6.410701, 9.729151, 1523433150541.9705
5.549404, 6.412296, 9.729439, 1523433150625.0947
5.622066, 6.408552, 9.722991, 1523433150708.1729
5.697338, 6.403832, 9.712297, 1523433150791.3433
5.775872, 6.389306, 9.715964, 1523433150874.3757
5.844181, 6.381809, 9.733709, 1523433150957.1316
5.918828, 6.376139, 9.737278, 1523433151039.7952
5.997318, 6.358879, 9.729965, 1523433151123.0120
6.07401, 6.345334, 9.73704, 1523433151206.3669
6.149114, 6.341908, 9.733679, 1523433151289.9519
6.234548, 6.339476, 9.716054, 1523433151373.5371
6.319845, 6.349455, 9.704779, 1523433151457.0303
6.406993, 6.361423, 9.712486, 1523433151540.3391
6.487376, 6.364803, 9.733635, 1523433151623.8320
6.56513, 6.361866, 9.732382, 1523433151707.4172
6.656668, 6.356265, 9.734443, 1523433151791.0027
6.733438, 6.348315, 9.738647, 1523433151874.4036
6.810226, 6.35018, 9.736507, 1523433151957.3435
6.892552, 6.345648, 9.716757, 1523433152040.1455
6.977612, 6.329012, 9.712862, 1523433152122.9014
7.050892, 6.311565, 9.728616, 1523433152205.6572
7.126163, 6.302744, 9.73225, 1523433152288.3208
7.206923, 6.285972, 9.737414, 1523433152371.3992
7.284935, 6.27154, 9.738728, 1523433152454.5237
7.36942, 6.257768, 9.731469, 1523433152537.9707
7.4497, 6.246948, 9.713568, 1523433152621.4636
7.553328, 6.247266, 9.695055, 1523433152705.0027
7.633729, 6.238012, 9.699009, 1523433152788.9565
7.716275, 6.232788, 9.711107, 1523433152872.5879
7.788926, 6.247893, 9.705994, 1523433152955.5740
7.858545, 6.239972, 9.723553, 1523433153038.4683
7.931385, 6.243513, 9.722422, 1523433153121.3621
8.010645, 6.244335, 9.713208, 1523433153204.5786
8.090641, 6.239739, 9.70566, 1523433153288.0251
8.162693, 6.236138, 9.722904, 1523433153371.4260
8.232465, 6.255641, 9.725223, 1523433153454.4124
8.310198, 6.263197, 9.739535, 1523433153537.8591
8.387704, 6.27411, 9.736959, 1523433153621.3062
8.469003, 6.304772, 9.727707, 1523433153704.9373
8.560589, 6.326189, 9.715987, 1523433153788.8911
8.654295, 6.364599, 9.7127, 1523433153872.7068
8.740162, 6.409646, 9.722187, 1523433153956.6604
8.834331, 6.427318, 9.736157, 1523433154040.9832
8.926506, 6.439478, 9.741347, 1523433154125.1213
9.010424, 6.467181, 9.734794, 1523433154208.9373
9.092544, 6.482579, 9.730955, 1523433154292.4302
9.168853, 6.50505, 9.733336, 1523433154375.5544
9.24779, 6.517152, 9.72648, 1523433154458.7251
9.329576, 6.524591, 9.737566, 1523433154541.8032
9.409817, 6.537647, 9.740263, 1523433154624.5588
9.485064, 6.563439, 9.735546, 1523433154707.4529
9.557332, 6.571152, 9.742922, 1523433154790.5310
9.625273, 6.59513, 9.743504, 1523433154873.6553
9.715384, 6.607487, 9.738109, 1523433154956.9641
9.806448, 6.638598, 9.714903, 1523433155040.3188
9.891195, 6.661835, 9.715959, 1523433155123.6736
9.966174, 6.691831, 9.723943, 1523433155207.2124
10.049343, 6.696125, 9.736768, 1523433155291.1201
10.14468, 6.716456, 9.737766, 1523433155374.7976
10.237231, 6.732564, 9.741467, 1523433155458.3367
10.325213, 6.73123, 9.741624, 1523433155541.5991
10.406136, 6.738401, 9.738657, 1523433155624.5393
10.490532, 6.729814, 9.725457, 1523433155707.5259
10.575743, 6.723793, 9.736608, 1523433155790.2815
10.660139, 6.731801, 9.744065, 1523433155872.7148
10.733119, 6.73948, 9.76683, 1523433155955.3325
10.806338, 6.735178, 9.767791, 1523433156038.2729
10.896678, 6.749318, 9.764975, 1523433156121.2588
10.991975, 6.747978, 9.730829, 1523433156204.3831
11.09218, 6.758502, 9.721181, 1523433156287.5076
11.182576, 6.772803, 9.732558, 1523433156370.7703
11.25886, 6.775101, 9.733114, 1523433156454.4937
11.354544, 6.763144, 9.736159, 1523433156538.2170
11.439557, 6.759322, 9.744045, 1523433156621.6179
11.518375, 6.755205, 9.750158, 1523433156704.8345
11.587876, 6.750346, 9.748607, 1523433156787.9590
11.672217, 6.738018, 9.737288, 1523433156870.9453
11.750952, 6.726764, 9.720205, 1523433156953.9775
11.825752, 6.708965, 9.733653, 1523433157036.7334
11.904777, 6.708679, 9.739903, 1523433157119.1665
11.976777, 6.706636, 9.736336, 1523433157201.9685
12.05911, 6.697613, 9.751462, 1523433157284.8167
12.136824, 6.701107, 9.7487, 1523433157367.7563
12.211111, 6.701924, 9.747207, 1523433157450.9272
12.291278, 6.713414, 9.725687, 1523433157534.0977
12.369062, 6.727867, 9.738057, 1523433157617.5444
12.454583, 6.745452, 9.741543, 1523433157701.2678
12.537609, 6.757546, 9.73325, 1523433157784.9915
12.615664, 6.778561, 9.733722, 1523433157868.2083
12.675736, 6.801561, 9.750991, 1523433157951.2405
12.741965, 6.812881, 9.752365, 1523433158033.9963
12.806427, 6.834324, 9.753285, 1523433158116.7056
12.874311, 6.850434, 9.736778, 1523433158199.4155
12.9327, 6.863668, 9.747929, 1523433158282.0332
12.992518, 6.892519, 9.754843, 1523433158364.5588
13.065434, 6.915943, 9.760381, 1523433158447.5452
13.129917, 6.944215, 9.756074, 1523433158530.6235
13.181313, 6.987693, 9.752815, 1523433158613.9783
13.238044, 7.031805, 9.746872, 1523433158697.5635
13.292797, 7.084693, 9.734895, 1523433158781.2874
13.345231, 7.13858, 9.732613, 1523433158865.2412
13.393223, 7.187222, 9.744635, 1523433158949.4255
13.444914, 7.230358, 9.748979, 1523433159033.7017
13.500815, 7.281545, 9.748432, 1523433159117.8398
13.541466, 7.327567, 9.756465, 1523433159201.6553
13.583225, 7.367533, 9.757727, 1523433159285.1943
13.626704, 7.415305, 9.74906, 1523433159368.3650
13.673552, 7.463503, 9.747287, 1523433159451.4434
13.726966, 7.505491, 9.741395, 1523433159534.5212
13.781234, 7.552384, 9.742775, 1523433159617.5537
13.834046, 7.599917, 9.741477, 1523433159700.5398
13.891099, 7.655973, 9.736943, 1523433159783.4797
13.954103, 7.701449, 9.737839, 1523433159866.7886
14.002361, 7.744389, 9.747466, 1523433159950.0972
14.042936, 7.785389, 9.753756, 1523433160033.6362
14.082741, 7.826978, 9.742362, 1523433160117.2214
14.103807, 7.859225, 9.722297, 1523433160200.8992
14.140086, 7.881478, 9.683259, 1523433160284.6689
14.160272, 7.931811, 9.640089, 1523433160368.2544
14.18211, 7.993451, 9.608271, 1523433160451.6091
14.201386, 8.068717, 9.569684, 1523433160534.5955
14.236275, 8.132782, 9.556887, 1523433160617.6277
14.27154, 8.185442, 9.550166, 1523433160700.4761
14.306336, 8.228191, 9.497692, 1523433160783.1858
14.34521, 8.260159, 9.460366, 1523433160865.9878
14.393085, 8.279032, 9.422771, 1523433160948.6516
14.443268, 8.294301, 9.382792, 1523433161031.5920
14.500237, 8.307027, 9.369261, 1523433161114.9009
14.551015, 8.347336, 9.362926, 1523433161198.5322
14.585064, 8.392089, 9.352798, 1523433161282.2559
14.611355, 8.444077, 9.317597, 1523433161365.9333
14.633348, 8.49367, 9.268813, 1523433161449.6570
14.648672, 8.571978, 9.226155, 1523433161532.8735
14.663692, 8.651328, 9.185366, 1523433161615.8140
14.69055, 8.724257, 9.180948, 1523433161698.6621
14.715845, 8.783284, 9.171812, 1523433161781.4180
14.754254, 8.832655, 9.144924, 1523433161864.4500
14.803133, 8.888769, 9.100316, 1523433161947.5281
14.845559, 8.932369, 9.062503, 1523433162030.7908
14.891836, 8.981736, 9.051747, 1523433162114.0076
14.939415, 9.040751, 9.035431, 1523433162197.7314
14.977717, 9.120524, 9.039622, 1523433162281.4548
15.003341, 9.198853, 9.029797, 1523433162365.1785
15.031861, 9.281351, 9.029562, 1523433162448.8098
15.04579, 9.362162, 9.025627, 1523433162532.4871
15.061199, 9.436931, 9.023713, 1523433162616.3945
15.079386, 9.523396, 9.024116, 1523433162700.2104
15.083927, 9.604448, 9.031039, 1523433162783.3811
15.092082, 9.67034, 9.030357, 1523433162866.1831
15.102689, 9.718611, 9.028508, 1523433162948.8469
15.116371, 9.769053, 8.999604, 1523433163031.5569
15.134725, 9.810685, 8.968794, 1523433163114.4512
15.161772, 9.843737, 8.92774, 1523433163197.4375
15.186315, 9.873436, 8.889904, 1523433163280.4697
15.211874, 9.914948, 8.871583, 1523433163363.6404
15.247417, 9.975813, 8.840477, 1523433163447.2720
15.265135, 10.041813, 8.835567, 1523433163531.0872
15.276869, 10.107146, 8.81298, 1523433163614.9949
15.285649, 10.157769, 8.782062, 1523433163698.9028
15.29504, 10.213543, 8.730238, 1523433163782.6724
15.300192, 10.285981, 8.689305, 1523433163866.3037
15.296568, 10.369127, 8.659489, 1523433163949.6128
15.308826, 10.442468, 8.649011, 1523433164032.8291
15.317619, 10.504263, 8.631318, 1523433164115.7231
15.328888, 10.556487, 8.593465, 1523433164198.5708
15.348391, 10.604763, 8.553704, 1523433164281.5107
15.373773, 10.647607, 8.508816, 1523433164364.6353
15.404188, 10.701399, 8.482604, 1523433164447.8984
15.435096, 10.77314, 8.463207, 1523433164531.5759
15.447005, 10.837346, 8.455618, 1523433164615.3455
15.45102, 10.893128, 8.432729, 1523433164699.0691
15.455567, 10.945683, 8.390369, 1523433164782.7002
15.452209, 11.005145, 8.348718, 1523433164866.1934
15.433776, 11.078389, 8.303626, 1523433164949.4099
15.421431, 11.153598, 8.291117, 1523433165032.3040
15.417695, 11.213318, 8.283913, 1523433165115.0139
15.412889, 11.269304, 8.263873, 1523433165197.4009
15.419385, 11.323416, 8.217819, 1523433165279.8806
15.431449, 11.375494, 8.167834, 1523433165362.4060
15.45497, 11.420477, 8.138034, 1523433165445.2539
15.480343, 11.479138, 8.115081, 1523433165528.4707
15.478127, 11.551526, 8.105345, 1523433165611.9177
15.472415, 11.612043, 8.094958, 1523433165695.6414
15.461127, 11.671437, 8.064619, 1523433165779.4109
15.445773, 11.727018, 8.017287, 1523433165863.1807
15.428265, 11.788081, 7.970868, 1523433165946.8123
15.398844, 11.843737, 7.926472, 1523433166030.0750
15.370568, 11.918442, 7.901431, 1523433166113.0151
15.356571, 11.98485, 7.890621, 1523433166195.7710
15.348048, 12.040905, 7.866852, 1523433166278.4346
15.344331, 12.101007, 7.831037, 1523433166361.2366
15.343034, 12.166606, 7.785125, 1523433166444.1770
15.342786, 12.223244, 7.770334, 1523433166527.1169
15.331932, 12.28898, 7.760554, 1523433166610.1953
15.30867, 12.359361, 7.762453, 1523433166693.5044
15.272253, 12.43249, 7.772547, 1523433166776.9055
15.241277, 12.486268, 7.76507, 1523433166860.3987
15.214946, 12.535226, 7.759237, 1523433166944.0759
15.189581, 12.572593, 7.760169, 1523433167027.8916
15.156265, 12.607006, 7.744162, 1523433167111.4307
15.130954, 12.645399, 7.736549, 1523433167194.8313
15.107777, 12.65415, 7.761096, 1523433167277.9097
15.093758, 12.657093, 7.771386, 1523433167361.0342
15.086672, 12.647509, 7.777602, 1523433167444.1125
15.079044, 12.651031, 7.782207, 1523433167527.2371
15.070084, 12.66748, 7.774384, 1523433167610.5920
15.064381, 12.678275, 7.778185, 1523433167694.0391
15.055861, 12.681202, 7.778213, 1523433167777.4858
15.046533, 12.689084, 7.775789, 1523433167860.9329
15.03401, 12.693557, 7.771498, 1523433167944.3337
15.022514, 12.705098, 7.766824, 1523433168027.6426
15.008976, 12.705709, 7.763181, 1523433168110.7671
14.997035, 12.700404, 7.76051, 1523433168193.6611
14.980528, 12.695981, 7.758671, 1523433168276.3247
14.973768, 12.687811, 7.763515, 1523433168358.8503
14.973194, 12.675085, 7.771689, 1523433168441.2839
14.975795, 12.66824, 7.771183, 1523433168523.7175
14.987286, 12.659096, 7.776829, 1523433168606.1506
14.994121, 12.656759, 7.786151, 1523433168688.6760
14.997494, 12.669456, 7.787431, 1523433168771.5239
15.003212, 12.674757, 7.790368, 1523433168854.5562
15.000416, 12.669346, 7.788261, 1523433168937.6345
14.98916, 12.669909, 7.774707, 1523433169020.8970
14.976696, 12.671371, 7.773823, 1523433169104.2981
14.976852, 12.657144, 7.769622, 1523433169187.8833
14.974971, 12.64397, 7.77276, 1523433169271.5603
14.983488, 12.616077, 7.775568, 1523433169355.4221
15.001355, 12.587353, 7.778022, 1523433169439.3757
15.027604, 12.549066, 7.780977, 1523433169523.1453
15.053802, 12.517649, 7.784065, 1523433169606.9150
15.080075, 12.484543, 7.778532, 1523433169690.5464
15.101944, 12.458658, 7.77638, 1523433169774.1316
15.122969, 12.429669, 7.776843, 1523433169857.6707
15.142665, 12.400558, 7.773711, 1523433169941.0720
15.161104, 12.387849, 7.771978, 1523433170024.1963
15.171242, 12.38269, 7.779384, 1523433170107.0901
15.180167, 12.366424, 7.765595, 1523433170189.8462
15.183375, 12.348011, 7.765761, 1523433170272.5559
15.193577, 12.336211, 7.761426, 1523433170355.2200
15.213582, 12.318122, 7.768657, 1523433170437.9299
15.224077, 12.30646, 7.774539, 1523433170520.6399
15.227653, 12.294779, 7.772201, 1523433170603.3958
15.232541, 12.29121, 7.75463, 1523433170686.2898
15.238592, 12.302534, 7.756341, 1523433170769.2302
15.24696, 12.314614, 7.751741, 1523433170852.1704
15.267772, 12.305599, 7.757047, 1523433170935.1106
15.273082, 12.342449, 7.768133, 1523433171018.2815
15.282444, 12.367854, 7.768148, 1523433171101.7288
15.298366, 12.393107, 7.773534, 1523433171185.3604
15.313154, 12.426359, 7.777859, 1523433171269.1758
15.331276, 12.449299, 7.776351, 1523433171353.2678
15.347261, 12.481628, 7.779521, 1523433171437.3601
15.357872, 12.511373, 7.777927, 1523433171521.3142
15.3738, 12.536217, 7.772227, 1523433171604.8076
15.384057, 12.576753, 7.772542, 1523433171687.8862
15.388668, 12.608815, 7.770014, 1523433171770.6885
15.385769, 12.632504, 7.776785, 1523433171853.3982
15.379116, 12.65165, 7.778051, 1523433171935.9236
15.375267, 12.66293, 7.779557, 1523433172018.4028
15.360372, 12.662669, 7.779105, 1523433172100.9280
15.346989, 12.675583, 7.791099, 1523433172183.4998
15.342569, 12.672712, 7.784982, 1523433172266.1636
15.332374, 12.672478, 7.781499, 1523433172348.8735
15.327747, 12.671535, 7.775327, 1523433172431.6294
15.316924, 12.670721, 7.770208, 1523433172514.4775
15.303372, 12.66944, 7.766295, 1523433172597.5100
15.282394, 12.667018, 7.761844, 1523433172680.8650
15.251942, 12.660676, 7.756716, 1523433172764.4504
15.221037, 12.654189, 7.761618, 1523433172848.3584
15.189115, 12.645208, 7.768911, 1523433172932.5891
15.164097, 12.638117, 7.776712, 1523433173017.0498
15.134995, 12.640894, 7.766814, 1523433173101.5571
15.111665, 12.643716, 7.759585, 1523433173186.1099
15.08759, 12.650257, 7.761048, 1523433173270.6626
15.061676, 12.654148, 7.759924, 1523433173354.8933
15.044226, 12.654434, 7.760201, 1523433173438.7092
15.031656, 12.652588, 7.756525, 1523433173522.1560
15.032615, 12.654011, 7.760535, 1523433173605.4187
15.044328, 12.646265, 7.772294, 1523433173688.4512
15.058388, 12.648067, 7.772482, 1523433173771.6218
15.071973, 12.653657, 7.777803, 1523433173854.9309
15.081336, 12.652504, 7.781314, 1523433173938.2859
15.091961, 12.651945, 7.781499, 1523433174021.6411
15.091933, 12.654501, 7.782799, 1523433174104.9038
15.091904, 12.662601, 7.779119, 1523433174188.1665
15.08692, 12.663834, 7.780257, 1523433174271.3372
15.07577, 12.666698, 7.781395, 1523433174354.4619
15.057817, 12.661252, 7.776471, 1523433174437.3560
15.033892, 12.659882, 7.770935, 1523433174520.1582
15.004869, 12.666091, 7.765886, 1523433174603.0066
14.981072, 12.664985, 7.760362, 1523433174686.0852
14.948934, 12.674193, 7.754189, 1523433174769.2561
14.91348, 12.694469, 7.749061, 1523433174852.5190
14.881107, 12.717513, 7.742893, 1523433174935.7358
14.848068, 12.747256, 7.735191, 1523433175018.9067
14.812253, 12.793786, 7.719023, 1523433175101.9851
14.787537, 12.837343, 7.718839, 1523433175185.0176
14.767475, 12.892292, 7.729759, 1523433175268.0964
14.744367, 12.927271, 7.739281, 1523433175350.8982
14.715739, 12.968177, 7.741385, 1523433175433.7004
14.693242, 13.011148, 7.745648, 1523433175516.8711
14.665959, 13.042574, 7.753073, 1523433175600.2263
14.633299, 13.073565, 7.751998, 1523433175683.7659
14.600116, 13.101076, 7.743188, 1523433175767.4434
14.569099, 13.12891, 7.720429, 1523433175851.1672
14.543959, 13.153998, 7.68949, 1523433175934.9832
14.515283, 13.164266, 7.652415, 1523433176018.5684
14.472731, 13.165381, 7.622261, 1523433176101.8313
14.423584, 13.17619, 7.596384, 1523433176184.8640
14.368347, 13.192649, 7.577115, 1523433176267.6199
14.31415, 13.226088, 7.565599, 1523433176350.3760
14.273649, 13.25361, 7.543782, 1523433176433.0398
14.244178, 13.274017, 7.50633, 1523433176515.6577
14.222425, 13.299596, 7.462495, 1523433176598.4597
14.203, 13.326775, 7.42259, 1523433176681.2620
14.166482, 13.367924, 7.386994, 1523433176764.2483
14.123732, 13.429668, 7.361107, 1523433176847.7874
14.066436, 13.463539, 7.352704, 1523433176931.3728
14.016957, 13.481771, 7.341776, 1523433177015.0964
13.971155, 13.499011, 7.301717, 1523433177098.7739
13.911664, 13.517533, 7.263044, 1523433177182.3132
13.855391, 13.538076, 7.233108, 1523433177265.8528
13.786438, 13.554348, 7.195977, 1523433177349.1157
13.720282, 13.581296, 7.171625, 1523433177432.2866
13.671567, 13.608301, 7.166736, 1523433177515.3650
13.628114, 13.632129, 7.141879, 1523433177598.3979
13.583279, 13.661649, 7.111142, 1523433177681.5227
13.545944, 13.690569, 7.082545, 1523433177764.7856
13.504229, 13.708704, 7.072735, 1523433177848.0027
13.437035, 13.734768, 7.066282, 1523433177931.3579
13.367673, 13.747723, 7.077424, 1523433178014.8511
13.304305, 13.752501, 7.074589, 1523433178098.4365
13.225164, 13.763615, 7.057068, 1523433178182.0684
13.149195, 13.767263, 7.049705, 1523433178265.6997
13.064737, 13.782251, 7.059726, 1523433178349.6538
12.983161, 13.804925, 7.048111, 1523433178433.7002
12.903574, 13.796299, 7.043516, 1523433178517.4700
12.834035, 13.79762, 7.045563, 1523433178600.9631
12.786095, 13.798132, 7.047976, 1523433178684.1797
12.735468, 13.792238, 7.027277, 1523433178767.0740
12.684587, 13.797028, 6.994189, 1523433178849.8301
12.645791, 13.814548, 6.954483, 1523433178932.6321
12.616279, 13.834506, 6.917222, 1523433179015.4343
12.589288, 13.845083, 6.903554, 1523433179098.2825
12.542368, 13.866599, 6.880663, 1523433179181.4072
12.481247, 13.879409, 6.868725, 1523433179264.8083
12.433002, 13.878003, 6.869146, 1523433179348.4397
12.3859, 13.871393, 6.847719, 1523433179431.9792
12.340203, 13.867579, 6.805648, 1523433179515.4265
12.281821, 13.856565, 6.757315, 1523433179598.6433
12.216781, 13.849267, 6.720861, 1523433179681.8140
12.142751, 13.835944, 6.683297, 1523433179764.9387
12.068995, 13.837902, 6.672985, 1523433179848.1553
12.015002, 13.845418, 6.663944, 1523433179931.1416
11.979541, 13.855616, 6.633098, 1523433180014.0359
11.946214, 13.872509, 6.59274, 1523433180096.8379
11.900928, 13.88871, 6.546309, 1523433180179.5479
11.830744, 13.914879, 6.507554, 1523433180262.7646
11.7726, 13.917679, 6.491621, 1523433180346.1194
11.730104, 13.894282, 6.490753, 1523433180429.4746
11.679898, 13.880701, 6.463539, 1523433180512.9216
11.626599, 13.873804, 6.417708, 1523433180596.4612
11.563541, 13.859734, 6.371401, 1523433180679.8625
11.495124, 13.844573, 6.341054, 1523433180763.1716
11.410783, 13.83138, 6.319002, 1523433180846.2505
11.345234, 13.829123, 6.308407, 1523433180929.2366
11.289246, 13.824994, 6.288122, 1523433181012.0391
11.241305, 13.828268, 6.247752, 1523433181094.9333
11.20528, 13.835414, 6.214185, 1523433181177.9202
11.158874, 13.84155, 6.172657, 1523433181260.9988
11.09278, 13.843368, 6.139757, 1523433181344.2156
11.026217, 13.850259, 6.130076, 1523433181427.7551
10.975695, 13.839552, 6.121739, 1523433181511.5710
10.908355, 13.834781, 6.096674, 1523433181595.5251
10.855352, 13.825047, 6.042979, 1523433181679.5251
10.79563, 13.810818, 5.991479, 1523433181763.2029
10.729894, 13.792953, 5.952816, 1523433181846.4656
10.650907, 13.781094, 5.924109, 1523433181929.5901
10.588422, 13.775389, 5.920992, 1523433182012.6228
10.545075, 13.77287, 5.908194, 1523433182095.5171
10.5057, 13.774101, 5.872444, 1523433182178.5957
10.467443, 13.779976, 5.827727, 1523433182261.6282
10.419554, 13.792213, 5.797901, 1523433182344.7527
10.368655, 13.79906, 5.78254, 1523433182427.9695
10.316988, 13.7783, 5.781693, 1523433182511.1863
10.26245, 13.76002, 5.770393, 1523433182594.5872
10.205883, 13.742682, 5.733473, 1523433182678.1729
10.132954, 13.735724, 5.673599, 1523433182761.8044
10.062657, 13.712785, 5.620178, 1523433182845.1594
9.983627, 13.682344, 5.578765, 1523433182928.2839
9.899643, 13.675088, 5.565572, 1523433183011.3164
9.832188, 13.669346, 5.564799, 1523433183094.2568
9.772833, 13.667259, 5.548114, 1523433183177.2429
9.724117, 13.668566, 5.512706, 1523433183260.1831
9.666927, 13.666671, 5.47566, 1523433183343.1697
9.617887, 13.66699, 5.463521, 1523433183426.0176
9.548137, 13.652417, 5.445837, 1523433183508.8196
9.464153, 13.626161, 5.439892, 1523433183591.8982
9.388469, 13.598877, 5.449059, 1523433183674.9768
9.321465, 13.561445, 5.443028, 1523433183757.8247
9.248247, 13.523041, 5.425949, 1523433183840.6731
9.183764, 13.485929, 5.422503, 1523433183923.7053
9.110495, 13.437881, 5.425544, 1523433184006.8298
9.055492, 13.391209, 5.432899, 1523433184089.3555
9.01673, 13.33542, 5.445313, 1523433184171.4668
8.980982, 13.298465, 5.44571, 1523433184253.6240
8.950697, 13.251293, 5.440919, 1523433184335.9656
8.909628, 13.221559, 5.431108, 1523433184418.6294
8.876934, 13.190599, 5.434991, 1523433184501.5237
8.85917, 13.151047, 5.442049, 1523433184584.4182
8.813145, 13.117103, 5.439536, 1523433184667.8660
8.772394, 13.069366, 5.439081, 1523433184751.4973
8.739704, 13.013283, 5.433615, 1523433184835.4053
8.717046, 12.957164, 5.420513, 1523433184919.4514
8.691518, 12.888246, 5.408045, 1523433185003.6357
8.669818, 12.825937, 5.399822, 1523433185088.0967
8.653144, 12.762292, 5.407498, 1523433185172.9260
8.650038, 12.680961, 5.401192, 1523433185257.3408
8.648357, 12.616369, 5.398365, 1523433185341.3411
8.63966, 12.567256, 5.404637, 1523433185425.1108
8.633094, 12.523147, 5.398669, 1523433185508.5581
8.622641, 12.491475, 5.384476, 1523433185591.8206
8.608604, 12.459161, 5.360577, 1523433185674.9456
8.593268, 12.436286, 5.333658, 1523433185757.9321
8.562245, 12.408766, 5.289686, 1523433185841.1489
8.532803, 12.368039, 5.259864, 1523433185924.4580
8.508591, 12.308364, 5.24028, 1523433186007.9514
8.503547, 12.248806, 5.240881, 1523433186091.4448
8.507069, 12.183742, 5.234643, 1523433186174.8459
8.513326, 12.122022, 5.205165, 1523433186258.2471
8.499659, 12.058925, 5.160123, 1523433186341.6484
8.496888, 11.996585, 5.110521, 1523433186424.9114
8.495215, 11.943762, 5.069931, 1523433186508.1741
8.506351, 11.878028, 5.047969, 1523433186591.2063
8.518853, 11.815527, 5.042147, 1523433186674.1006
8.522826, 11.759872, 5.029414, 1523433186756.8564
8.521702, 11.719624, 4.998831, 1523433186839.6125
8.514499, 11.68355, 4.961666, 1523433186922.4607
8.507937, 11.650024, 4.91207, 1523433187005.2168
8.485933, 11.607432, 4.87296, 1523433187088.2952
8.459191, 11.547393, 4.855801, 1523433187171.7422
8.453177, 11.492532, 4.860269, 1523433187255.4658
8.452709, 11.443364, 4.857122, 1523433187339.3279
8.459798, 11.386253, 4.82191, 1523433187423.0051
8.464515, 11.319612, 4.77305, 1523433187506.5903
8.479072, 11.254152, 4.724829, 1523433187589.9456
8.493105, 11.18324, 4.680978, 1523433187673.2085
8.51065, 11.105036, 4.644884, 1523433187756.2874
8.513078, 11.032629, 4.640103, 1523433187839.3198
8.512765, 10.973773, 4.625519, 1523433187922.3062
8.504064, 10.919549, 4.597309, 1523433188005.2927
8.499135, 10.877441, 4.559889, 1523433188088.3252
8.482514, 10.827724, 4.531199, 1523433188171.4038
8.465766, 10.77563, 4.48966, 1523433188254.8052
8.459622, 10.713136, 4.478011, 1523433188338.4827
8.460775, 10.659101, 4.474638, 1523433188422.3447
8.457182, 10.602983, 4.452073, 1523433188506.1150
8.469572, 10.544139, 4.404824, 1523433188589.9307
8.478286, 10.478457, 4.349222, 1523433188673.6084
8.492172, 10.408562, 4.312053, 1523433188757.0559
8.510383, 10.327889, 4.281429, 1523433188840.0886
8.516949, 10.261318, 4.281617, 1523433188923.1211
8.522192, 10.209655, 4.27106, 1523433189005.9233
8.519738, 10.159886, 4.2419, 1523433189088.7258
8.510201, 10.112763, 4.191171, 1523433189171.4819
8.49332, 10.060405, 4.143138, 1523433189254.3762
8.475815, 10.012341, 4.107664, 1523433189337.4089
8.460668, 9.94984, 4.092803, 1523433189420.7178
8.455323, 9.892076, 4.100248, 1523433189504.4414
8.4545, 9.833374, 4.081836, 1523433189588.1648
8.458793, 9.780455, 4.041786, 1523433189671.7964
8.467702, 9.719825, 3.988838, 1523433189755.2896
8.479759, 9.656126, 3.945818, 1523433189838.5066
8.495341, 9.585406, 3.914737, 1523433189921.4929
8.507859, 9.523269, 3.911236, 1523433190004.2954
8.50763, 9.473836, 3.900502, 1523433190087.0513
8.506553, 9.414508, 3.866785, 1523433190169.8071
8.49692, 9.367349, 3.820889, 1523433190252.7014
8.487354, 9.320951, 3.769036, 1523433190335.5959
8.47169, 9.265726, 3.73794, 1523433190418.7205
8.46285, 9.197394, 3.720726, 1523433190502.0757
8.469327, 9.131673, 3.720503, 1523433190585.7996
8.475185, 9.078062, 3.704394, 1523433190669.5232
8.485387, 9.014874, 3.662109, 1523433190753.2007
8.490818, 8.94783, 3.606135, 1523433190836.7402
8.505884, 8.875545, 3.557713, 1523433190920.0491
8.518583, 8.803596, 3.53039, 1523433191003.1277
8.522934, 8.746065, 3.533105, 1523433191086.1145
8.521654, 8.698654, 3.532098, 1523433191168.8706
8.521115, 8.650421, 3.499784, 1523433191251.6267
8.507203, 8.603119, 3.456516, 1523433191334.4290
8.497959, 8.559296, 3.402768, 1523433191417.0933
8.489043, 8.509413, 3.368023, 1523433191499.8953
8.473108, 8.445971, 3.350749, 1523433191583.0200
8.47938, 8.390503, 3.353159, 1523433191666.4673
8.489896, 8.339952, 3.339547, 1523433191750.0532
8.487388, 8.278559, 3.29205, 1523433191833.7769
8.483798, 8.212114, 3.235389, 1523433191917.5471
8.48899, 8.145644, 3.184705, 1523433192001.1326
8.501882, 8.069423, 3.153093, 1523433192084.4875
8.498499, 8.007355, 3.149139, 1523433192167.8428
8.493652, 7.961217, 3.143764, 1523433192251.0596
8.484714, 7.910868, 3.117872, 1523433192334.0464
8.465858, 7.857271, 3.068745, 1523433192416.9868
8.446676, 7.809825, 3.026839, 1523433192500.0195
8.432187, 7.767323, 3.003392, 1523433192583.3286
8.410406, 7.712747, 2.99147, 1523433192667.0984
8.40305, 7.659178, 2.997852, 1523433192751.1443
8.404042, 7.59822, 2.979416, 1523433192835.1907
8.400204, 7.542285, 2.936, 1523433192919.0986
8.399329, 7.479958, 2.879424, 1523433193002.8228
8.401476, 7.417735, 2.829257, 1523433193086.5466
8.411196, 7.339919, 2.791008, 1523433193170.0403
8.417975, 7.273989, 2.782934, 1523433193253.3955
8.428418, 7.220895, 2.786772, 1523433193336.3818
8.433625, 7.170648, 2.75219, 1523433193419.4143
8.424513, 7.126319, 2.713423, 1523433193502.4929
8.400431, 7.07293, 2.659649, 1523433193585.8486
8.381904, 7.013791, 2.631145, 1523433193669.3882
8.355304, 6.943224, 2.61772, 1523433193753.1580
8.355857, 6.885146, 2.619255, 1523433193836.9741
8.365615, 6.836354, 2.621037, 1523433193920.7439
8.377731, 6.772313, 2.582833, 1523433194004.3755
8.377266, 6.706933, 2.528964, 1523433194087.9612
8.384727, 6.643526, 2.474031, 1523433194171.4084
8.411263, 6.57458, 2.435473, 1523433194254.4412
8.433403, 6.491824, 2.409746, 1523433194337.1511
8.438877, 6.431894, 2.40814, 1523433194419.8613
8.448102, 6.3747, 2.388525, 1523433194502.3411
8.445936, 6.319842, 2.340122, 1523433194584.9595
8.434255, 6.27225, 2.315359, 1523433194667.8538
8.420969, 6.227037, 2.294188, 1523433194750.7480
8.421588, 6.165586, 2.27901, 1523433194833.6423
8.408981, 6.081154, 2.282871, 1523433194916.8596
8.410698, 5.998899, 2.286325, 1523433195000.2148
8.414924, 5.925192, 2.280892, 1523433195083.7083
8.409886, 5.859216, 2.275683, 1523433195167.3398
8.413107, 5.788888, 2.281061, 1523433195251.1099
8.406429, 5.697044, 2.258201, 1523433195335.1101
8.406146, 5.615909, 2.252959, 1523433195418.7417
8.414017, 5.553293, 2.253763, 1523433195501.8662
8.419736, 5.495104, 2.254549, 1523433195584.6223
8.416405, 5.432292, 2.230048, 1523433195667.1941
8.407069, 5.363297, 2.182732, 1523433195749.9045
8.401651, 5.302418, 2.140198, 1523433195832.6606
8.392868, 5.24736, 2.106409, 1523433195915.4629
8.388691, 5.17093, 2.081138, 1523433195998.3574
8.380433, 5.079792, 2.081586, 1523433196081.5742
8.39132, 4.986709, 2.085309, 1523433196164.9753
8.403261, 4.906074, 2.08726, 1523433196248.4690
8.428223, 4.818791, 2.069587, 1523433196332.1008
8.453876, 4.727566, 2.062692, 1523433196415.6863
8.48562, 4.637863, 2.077945, 1523433196499.4565
8.493393, 4.556082, 2.08742, 1523433196583.5029
8.522127, 4.462893, 2.094331, 1523433196667.1345
8.527776, 4.372941, 2.089281, 1523433196750.7200
8.526704, 4.281945, 2.078933, 1523433196833.9370
8.536896, 4.198691, 2.066548, 1523433196916.9697
8.52465, 4.12445, 2.053496, 1523433197000.0947
8.507442, 4.043067, 2.05394, 1523433197083.2197
8.499876, 3.968198, 2.067769, 1523433197166.2065
8.48468, 3.896728, 2.082889, 1523433197249.7000
8.455303, 3.836704, 2.089149, 1523433197333.6082
8.445081, 3.767748, 2.093195, 1523433197417.3782
8.426212, 3.691374, 2.078548, 1523433197501.2405
8.414072, 3.606781, 2.06249, 1523433197585.0105
8.406103, 3.518361, 2.073414, 1523433197668.3655
8.388183, 3.4332, 2.083508, 1523433197751.8589
8.343835, 3.360983, 2.098283, 1523433197835.7668
8.306147, 3.271668, 2.088131, 1523433197919.3525
8.261019, 3.18986, 2.084198, 1523433198002.8000
8.206844, 3.125445, 2.076983, 1523433198085.8323
8.151896, 3.073721, 2.060857, 1523433198168.7268
8.081117, 3.030998, 2.070345, 1523433198251.5288
8.030915, 2.985629, 2.086566, 1523433198333.9165
7.977806, 2.940206, 2.086042, 1523433198416.3499
7.926957, 2.917395, 2.098486, 1523433198499.1064
7.876927, 2.874848, 2.100198, 1523433198581.8164
7.806167, 2.829763, 2.080405, 1523433198664.9412
7.725877, 2.779837, 2.066108, 1523433198748.0195
7.662102, 2.73473, 2.065982, 1523433198831.0059
7.598411, 2.684869, 2.075567, 1523433198914.0847
7.511743, 2.638574, 2.083327, 1523433198997.6702
7.428353, 2.602381, 2.083227, 1523433199080.9792
7.350684, 2.57618, 2.082517, 1523433199164.2422
7.269567, 2.565635, 2.074867, 1523433199247.4592
7.188412, 2.552759, 2.062446, 1523433199330.3074
7.102111, 2.562455, 2.047415, 1523433199413.2019
7.02478, 2.564064, 2.059796, 1523433199496.0503
6.939296, 2.561759, 2.068298, 1523433199578.8066
6.852829, 2.544226, 2.075358, 1523433199661.6550
6.773761, 2.531057, 2.085707, 1523433199744.6416
6.699102, 2.499364, 2.082908, 1523433199827.5359
6.620914, 2.482058, 2.077681, 1523433199910.6606
6.531981, 2.435365, 2.041894, 1523433199993.7395
6.461418, 2.420225, 2.054625, 1523433200076.9563
6.385897, 2.399743, 2.066494, 1523433200160.5420
6.30262, 2.394467, 2.076098, 1523433200244.4961
6.228156, 2.38394, 2.090013, 1523433200328.0815
6.161804, 2.37673, 2.093262, 1523433200411.5291
6.089367, 2.384784, 2.082828, 1523433200494.7920
6.01694, 2.392403, 2.070594, 1523433200577.9167
5.937862, 2.404149, 2.0595, 1523433200660.9492
5.865817, 2.424832, 2.069218, 1523433200743.8435
5.796948, 2.440206, 2.083224, 1523433200826.5537
5.720674, 2.446101, 2.085708, 1523433200909.2637
5.648614, 2.459817, 2.084542, 1523433200992.2961
5.579042, 2.449223, 2.091619, 1523433201075.4668
5.515994, 2.441814, 2.086759, 1523433201158.9143
5.444978, 2.442495, 2.071707, 1523433201242.4998
5.382542, 2.431374, 2.070675, 1523433201326.0854
5.319287, 2.424581, 2.064637, 1523433201409.8093
5.250111, 2.416516, 2.078659, 1523433201493.6250
5.169945, 2.416237, 2.065759, 1523433201577.4875
5.104208, 2.408782, 2.064573, 1523433201661.0725
5.051712, 2.412886, 2.066927, 1523433201744.4277
5.010541, 2.417767, 2.084824, 1523433201827.5063
4.99028, 2.410213, 2.088025, 1523433201910.1704
4.98643, 2.415254, 2.104263, 1523433201992.8345
4.99968, 2.418485, 2.115432, 1523433202075.4526
5.008504, 2.431174, 2.116011, 1523433202158.3010
5.012605, 2.438998, 2.112481, 1523433202241.1953
5.016124, 2.446195, 2.104667, 1523433202324.2744
5.009415, 2.449281, 2.103536, 1523433202407.3530
4.997756, 2.452184, 2.099397, 1523433202490.5237
4.977639, 2.458358, 2.104658, 1523433202573.9248
4.964541, 2.458251, 2.109215, 1523433202657.3723
4.953483, 2.463398, 2.105334, 1523433202740.7734
4.942228, 2.459628, 2.100944, 1523433202824.0825
4.940218, 2.46116, 2.098848, 1523433202907.3918
4.94334, 2.46189, 2.095315, 1523433202990.6548
4.946865, 2.459822, 2.096113, 1523433203073.9639
4.949556, 2.458505, 2.098669, 1523433203157.2271
4.949163, 2.4588, 2.095746, 1523433203240.4438
4.955833, 2.455284, 2.09861, 1523433203323.5684
4.953001, 2.449418, 2.101816, 1523433203406.6472
4.949338, 2.442512, 2.108949, 1523433203489.7720
4.942256, 2.439734, 2.095117, 1523433203572.9431
4.941621, 2.436126, 2.095927, 1523433203656.1604
4.94092, 2.429772, 2.096688, 1523433203739.4695
4.941193, 2.42954, 2.092623, 1523433203822.7786
4.937169, 2.425303, 2.090536, 1523433203906.0417
4.934767, 2.41514, 2.092764, 1523433203989.3967
4.93678, 2.406385, 2.084058, 1523433204072.7979
4.937313, 2.395733, 2.093315, 1523433204156.1069
4.9373, 2.389942, 2.091438, 1523433204239.4619
4.941004, 2.381843, 2.092748, 1523433204322.8633
4.937434, 2.375257, 2.086008, 1523433204406.2185
4.943038, 2.365623, 2.087119, 1523433204489.5740
