1523438565707.0000
8.745257, 2.410475, 2.028634, 1523438565707.0000
8.686017, 2.423824, 2.024631, 1523438565790.1262
8.642949, 2.441228, 2.026179, 1523438565873.2524
8.576511, 2.47653, 2.024214, 1523438565956.4250
8.525823, 2.521781, 2.034454, 1523438566039.5974
8.485201, 2.560321, 2.051471, 1523438566122.7700
8.436583, 2.58909, 2.048062, 1523438566206.0806
8.400808, 2.62659, 2.058573, 1523438566289.9902
8.345587, 2.6598, 2.053111, 1523438566374.1299
8.295792, 2.701974, 2.039489, 1523438566458.4082
8.253011, 2.744782, 2.039336, 1523438566542.7324
8.207305, 2.784084, 2.041284, 1523438566626.7805
8.151322, 2.816126, 2.019351, 1523438566710.8745
8.116418, 2.88191, 2.021761, 1523438566794.7839
8.070811, 2.944782, 2.020097, 1523438566878.2329
8.052837, 3.009644, 2.00675, 1523438566961.3127
8.05367, 3.076735, 1.997748, 1523438567044.0244
8.058314, 3.153219, 1.995825, 1523438567126.1831
8.065457, 3.214013, 1.994477, 1523438567207.8809
8.060842, 3.273481, 2.015967, 1523438567289.0256
8.067887, 3.333472, 2.03096, 1523438567369.9858
8.078249, 3.402381, 2.045683, 1523438567451.2688
8.087443, 3.478028, 2.048195, 1523438567533.0586
8.074086, 3.558375, 2.041106, 1523438567615.1250
8.068199, 3.636842, 2.028927, 1523438567697.5139
8.044797, 3.735391, 2.015055, 1523438567780.1792
8.032002, 3.83398, 2.00995, 1523438567863.1213
8.007086, 3.934136, 2.018186, 1523438567946.3857
7.994614, 4.03965, 2.026045, 1523438568030.1111
7.995453, 4.134068, 2.033177, 1523438568113.8823
7.990883, 4.226443, 2.029789, 1523438568197.1929
7.994584, 4.316737, 2.02786, 1523438568280.6414
8.020026, 4.401013, 2.028871, 1523438568363.9517
8.020063, 4.508924, 2.019633, 1523438568447.2163
8.030579, 4.589793, 2.037951, 1523438568530.2505
8.034486, 4.67484, 2.051989, 1523438568613.3303
8.048997, 4.76567, 2.050733, 1523438568696.8713
8.056139, 4.8462, 2.061482, 1523438568780.7346
8.057248, 4.9394, 2.0508, 1523438568864.6902
8.055637, 5.054363, 2.032101, 1523438568948.6455
8.053662, 5.158122, 2.023448, 1523438569032.7854
8.055153, 5.264417, 2.033241, 1523438569117.5708
8.06992, 5.379144, 2.038581, 1523438569202.4478
8.062518, 5.503447, 2.03069, 1523438569286.5876
8.070223, 5.625898, 2.023551, 1523438569370.1284
8.091011, 5.732566, 2.010925, 1523438569453.2083
8.097704, 5.851365, 2.005608, 1523438569535.9658
8.127952, 5.956943, 2.02206, 1523438569618.4927
8.150124, 6.070232, 2.062614, 1523438569700.6509
8.167652, 6.158236, 2.093513, 1523438569782.9014
8.177438, 6.236684, 2.142256, 1523438569865.1982
8.169058, 6.304214, 2.180038, 1523438569947.5869
8.16336, 6.38132, 2.179896, 1523438570030.2061
8.160728, 6.462228, 2.175107, 1523438570113.0557
8.158515, 6.554169, 2.176577, 1523438570196.1355
8.151076, 6.6517, 2.195381, 1523438570279.5840
8.140586, 6.751057, 2.228684, 1523438570363.6318
8.145955, 6.844384, 2.271431, 1523438570448.0940
8.153316, 6.912983, 2.323215, 1523438570532.4180
8.151652, 6.968997, 2.35619, 1523438570616.5115
8.162445, 7.032557, 2.384052, 1523438570700.2825
8.170075, 7.099969, 2.397099, 1523438570783.7773
8.17816, 7.163417, 2.412135, 1523438570866.9954
8.187184, 7.207981, 2.43475, 1523438570949.8911
8.184295, 7.280927, 2.472995, 1523438571032.0955
8.203088, 7.328062, 2.525888, 1523438571114.4380
8.207754, 7.361426, 2.566228, 1523438571196.7346
8.188792, 7.403872, 2.58494, 1523438571278.9849
8.178072, 7.449106, 2.580964, 1523438571361.3735
8.167543, 7.497905, 2.574028, 1523438571443.8083
8.157968, 7.549895, 2.590508, 1523438571526.7041
8.153773, 7.605674, 2.622434, 1523438571610.1064
8.16442, 7.668418, 2.660237, 1523438571694.3845
8.174671, 7.711978, 2.709723, 1523438571778.9392
8.173756, 7.748683, 2.758335, 1523438571863.3550
8.179852, 7.784463, 2.77722, 1523438571947.6794
8.193448, 7.828155, 2.770522, 1523438572031.6804
8.195811, 7.878436, 2.774973, 1523438572114.9910
8.202116, 7.926117, 2.796383, 1523438572197.8401
8.209537, 7.976965, 2.836738, 1523438572280.1365
8.212414, 8.009533, 2.868948, 1523438572362.2488
8.229547, 8.043798, 2.933855, 1523438572444.6836
8.233935, 8.080933, 2.970798, 1523438572527.2566
8.234807, 8.130638, 2.958952, 1523438572610.0605
8.243945, 8.183584, 2.944242, 1523438572693.1401
8.252942, 8.252452, 2.95093, 1523438572776.4966
8.252789, 8.317532, 2.968157, 1523438572860.1292
8.255066, 8.379804, 3.005076, 1523438572944.3611
8.270175, 8.43801, 3.061208, 1523438573029.1001
8.27157, 8.47014, 3.115207, 1523438573113.5166
8.276722, 8.505516, 3.14579, 1523438573197.7024
8.295383, 8.556092, 3.151236, 1523438573281.5195
8.306324, 8.613961, 3.146102, 1523438573364.8298
8.322634, 8.671245, 3.164645, 1523438573447.8638
8.346254, 8.718141, 3.202378, 1523438573530.3909
8.357583, 8.773504, 3.243486, 1523438573612.5032
8.380647, 8.817125, 3.281392, 1523438573694.8462
8.38728, 8.859066, 3.308236, 1523438573777.1426
8.398388, 8.901958, 3.319588, 1523438573859.6697
8.411953, 8.950377, 3.31618, 1523438573942.6572
8.421614, 9.00542, 3.320873, 1523438574025.6912
8.42304, 9.066515, 3.327018, 1523438574109.0015
8.423009, 9.131811, 3.365363, 1523438574192.7729
8.432792, 9.192974, 3.401193, 1523438574277.0044
8.433393, 9.244033, 3.452891, 1523438574361.1902
8.432081, 9.274093, 3.4895, 1523438574445.1458
8.437403, 9.318529, 3.512601, 1523438574528.9163
8.431592, 9.362848, 3.510349, 1523438574612.4111
8.427388, 9.424405, 3.519476, 1523438574695.6294
8.432462, 9.479816, 3.540696, 1523438574778.5710
8.427986, 9.539442, 3.582242, 1523438574860.9602
8.425201, 9.592674, 3.632453, 1523438574943.2563
8.425389, 9.64356, 3.678146, 1523438575025.7375
8.410429, 9.68105, 3.692527, 1523438575108.2644
8.404675, 9.733445, 3.688643, 1523438575191.1140
8.396691, 9.784682, 3.684912, 1523438575274.1479
8.378158, 9.83938, 3.712842, 1523438575357.4124
8.361851, 9.896203, 3.762517, 1523438575441.3220
8.357228, 9.944525, 3.80942, 1523438575525.8301
8.346535, 9.982103, 3.862589, 1523438575610.3384
8.33945, 10.009208, 3.89736, 1523438575694.6628
8.339093, 10.048717, 3.906311, 1523438575778.6646
8.339389, 10.104798, 3.894769, 1523438575862.1594
8.346738, 10.163193, 3.903912, 1523438575945.3318
8.35924, 10.224549, 3.923396, 1523438576028.3660
8.357931, 10.280165, 3.969186, 1523438576110.7544
8.358749, 10.33034, 4.016915, 1523438576193.0513
8.360723, 10.357828, 4.062006, 1523438576275.3479
8.350426, 10.394567, 4.088103, 1523438576357.5522
8.354037, 10.447883, 4.085022, 1523438576439.9414
8.353694, 10.508141, 4.071544, 1523438576522.6987
8.341411, 10.573496, 4.090805, 1523438576605.6865
8.329115, 10.642277, 4.123727, 1523438576689.2737
8.328808, 10.710242, 4.162182, 1523438576773.5056
8.31777, 10.765959, 4.208156, 1523438576857.7375
8.303023, 10.806828, 4.251694, 1523438576941.8774
8.301295, 10.863883, 4.267549, 1523438577025.8789
8.300148, 10.918548, 4.26434, 1523438577109.6042
8.302972, 10.975007, 4.271888, 1523438577193.0994
8.322413, 11.026874, 4.292904, 1523438577276.4094
8.319631, 11.069259, 4.346684, 1523438577359.0747
8.33121, 11.107279, 4.390509, 1523438577441.6938
8.334472, 11.143622, 4.442361, 1523438577524.4512
8.319234, 11.179845, 4.458229, 1523438577607.0706
8.307338, 11.225437, 4.445758, 1523438577689.6433
8.287516, 11.286208, 4.432488, 1523438577772.1704
8.272585, 11.353032, 4.435833, 1523438577855.1118
8.260049, 11.420269, 4.483057, 1523438577938.6990
8.266404, 11.473209, 4.521864, 1523438578023.1609
8.259027, 11.522157, 4.57469, 1523438578107.6692
8.259035, 11.551568, 4.619158, 1523438578191.9473
8.263215, 11.586449, 4.63757, 1523438578275.8567
8.263612, 11.632772, 4.635442, 1523438578359.4436
8.26936, 11.695062, 4.637815, 1523438578442.5696
8.281606, 11.745718, 4.670006, 1523438578525.5112
8.284966, 11.797169, 4.730167, 1523438578607.7617
8.296391, 11.847528, 4.762523, 1523438578690.0581
8.305925, 11.884517, 4.80943, 1523438578772.4011
8.302991, 11.926399, 4.824749, 1523438578854.7898
8.306419, 11.980626, 4.819341, 1523438578937.5474
8.305261, 12.042516, 4.819586, 1523438579020.3967
8.290189, 12.094424, 4.828794, 1523438579103.5229
8.275641, 12.153141, 4.863632, 1523438579187.0176
8.278132, 12.20455, 4.904649, 1523438579271.2495
8.26743, 12.255917, 4.943551, 1523438579355.5276
8.259303, 12.299737, 4.985123, 1523438579439.7134
8.261261, 12.337348, 5.008137, 1523438579523.5769
8.265151, 12.384553, 5.005762, 1523438579607.1636
8.264585, 12.443034, 4.998612, 1523438579690.5200
8.274885, 12.500866, 5.009835, 1523438579773.6462
8.283608, 12.557487, 5.040349, 1523438579856.3113
8.282613, 12.609795, 5.093332, 1523438579938.5161
8.286219, 12.647816, 5.137398, 1523438580020.9509
8.273991, 12.679345, 5.182061, 1523438580103.4778
8.251359, 12.717511, 5.191463, 1523438580186.1428
8.224991, 12.770871, 5.183431, 1523438580268.8542
8.198299, 12.831061, 5.176544, 1523438580351.6577
8.16831, 12.892925, 5.177577, 1523438580434.6914
8.121108, 12.964821, 5.192395, 1523438580518.0481
8.080116, 13.033543, 5.227304, 1523438580602.0037
8.049544, 13.077369, 5.285068, 1523438580686.0510
8.010923, 13.092433, 5.340557, 1523438580769.8687
7.984505, 13.096447, 5.382262, 1523438580853.5015
7.965434, 13.122376, 5.394172, 1523438580937.0881
7.931224, 13.14943, 5.383558, 1523438581020.4443
7.895111, 13.185141, 5.388466, 1523438581103.7090
7.841553, 13.233229, 5.380239, 1523438581186.6506
7.786508, 13.291019, 5.379065, 1523438581269.6384
7.739586, 13.342641, 5.382934, 1523438581352.8108
7.682352, 13.392063, 5.379516, 1523438581435.7065
7.615516, 13.430848, 5.381142, 1523438581518.4641
7.562112, 13.464051, 5.396999, 1523438581601.1755
7.503551, 13.495582, 5.392037, 1523438581684.1174
7.43631, 13.529773, 5.382823, 1523438581767.4277
7.362053, 13.557714, 5.373356, 1523438581851.1069
7.287477, 13.581355, 5.388772, 1523438581935.0161
7.212184, 13.607452, 5.398371, 1523438582019.3860
7.130364, 13.642648, 5.387369, 1523438582103.9404
7.045552, 13.66866, 5.392117, 1523438582188.2185
6.961251, 13.697866, 5.394701, 1523438582271.9897
6.877194, 13.740195, 5.381783, 1523438582355.3923
6.794795, 13.783864, 5.37512, 1523438582438.6108
6.706034, 13.816676, 5.389875, 1523438582521.6904
6.628904, 13.851972, 5.436618, 1523438582604.3560
6.560663, 13.874158, 5.476789, 1523438582686.8369
6.513669, 13.896695, 5.514104, 1523438582769.5476
6.457347, 13.908545, 5.538368, 1523438582852.3516
6.400261, 13.923734, 5.548056, 1523438582935.4314
6.323219, 13.936926, 5.555887, 1523438583018.7419
6.254025, 13.950522, 5.565226, 1523438583101.9602
6.194382, 13.956634, 5.577507, 1523438583185.4548
6.140795, 13.977272, 5.609347, 1523438583269.6406
6.087138, 13.997355, 5.655902, 1523438583354.0571
6.03137, 14.001536, 5.709133, 1523438583438.2432
5.977507, 14.005882, 5.72917, 1523438583522.0603
5.914143, 14.020869, 5.73835, 1523438583605.5547
5.854782, 14.031487, 5.741281, 1523438583688.6804
5.79578, 14.048353, 5.772783, 1523438583771.6682
5.73798, 14.055523, 5.810227, 1523438583854.1030
5.693441, 14.067614, 5.847364, 1523438583936.3994
5.647067, 14.077282, 5.889853, 1523438584018.9263
5.610959, 14.083, 5.908077, 1523438584101.4072
5.556186, 14.078771, 5.893079, 1523438584184.3030
5.48295, 14.095059, 5.891843, 1523438584267.5208
5.427078, 14.088132, 5.904804, 1523438584351.0615
5.367476, 14.085994, 5.942668, 1523438584435.3855
5.296927, 14.098478, 5.996275, 1523438584520.1240
5.251976, 14.08219, 6.054482, 1523438584604.5862
5.219555, 14.096726, 6.078563, 1523438584688.7717
5.179172, 14.108314, 6.086489, 1523438584772.3584
5.126365, 14.11623, 6.086215, 1523438584855.4385
5.066242, 14.127469, 6.100685, 1523438584938.2415
5.00578, 14.136107, 6.139208, 1523438585020.5381
4.965909, 14.142723, 6.173364, 1523438585102.5117
4.927083, 14.156009, 6.211573, 1523438585184.7161
4.884843, 14.163873, 6.248089, 1523438585266.9663
4.851421, 14.164835, 6.248169, 1523438585349.5391
4.797617, 14.167835, 6.240863, 1523438585432.4346
4.733954, 14.169325, 6.247839, 1523438585515.4685
4.681182, 14.160352, 6.277194, 1523438585598.8706
4.635024, 14.162734, 6.299706, 1523438585683.0100
4.568159, 14.171475, 6.352643, 1523438585767.4722
4.53335, 14.165854, 6.396426, 1523438585851.7500
4.502853, 14.175128, 6.433455, 1523438585935.9358
4.460249, 14.18509, 6.438299, 1523438586019.7065
4.421065, 14.200503, 6.430674, 1523438586103.0627
4.359684, 14.209106, 6.4516, 1523438586186.0498
4.296145, 14.222981, 6.475221, 1523438586268.5767
4.249253, 14.223154, 6.510835, 1523438586350.6887
4.222818, 14.253509, 6.559538, 1523438586432.9854
4.178648, 14.254871, 6.596052, 1523438586515.2817
4.143296, 14.25202, 6.596761, 1523438586597.7622
4.097373, 14.249346, 6.60301, 1523438586680.4734
4.032102, 14.244888, 6.598505, 1523438586763.3687
3.964631, 14.239257, 6.628371, 1523438586846.7249
3.910168, 14.248947, 6.663414, 1523438586930.8186
3.854833, 14.262634, 6.700984, 1523438587015.3269
3.803976, 14.255033, 6.741003, 1523438587099.6506
3.766958, 14.260152, 6.770567, 1523438587183.6521
3.733386, 14.267143, 6.776258, 1523438587267.2849
3.681493, 14.269474, 6.78647, 1523438587350.4106
3.625856, 14.268861, 6.791501, 1523438587433.1221
3.571713, 14.27342, 6.812126, 1523438587515.4644
3.538923, 14.270759, 6.859067, 1523438587597.4846
3.515096, 14.2791, 6.906579, 1523438587679.6890
3.495332, 14.297371, 6.940196, 1523438587762.2161
3.47456, 14.304081, 6.965814, 1523438587845.1577
3.441495, 14.301091, 6.965266, 1523438587928.4216
3.407293, 14.289391, 6.968069, 1523438588011.7778
3.383167, 14.277062, 6.981765, 1523438588095.3645
3.37511, 14.253899, 6.997562, 1523438588178.9048
3.36046, 14.232833, 6.992677, 1523438588262.6299
3.31848, 14.213615, 6.988593, 1523438588346.4468
3.288419, 14.185036, 6.981322, 1523438588430.1255
3.289059, 14.162926, 6.993962, 1523438588513.6201
3.266689, 14.151821, 6.996653, 1523438588596.9302
3.245987, 14.136134, 6.996472, 1523438588679.7795
3.238286, 14.126634, 7.003205, 1523438588762.3064
3.234732, 14.131759, 7.012254, 1523438588844.5107
3.235363, 14.141142, 7.011007, 1523438588926.5308
3.216654, 14.14244, 6.999714, 1523438589008.6887
3.217856, 14.140718, 7.008495, 1523438589090.6628
3.233563, 14.151183, 6.99992, 1523438589172.9133
3.229404, 14.156507, 7.006862, 1523438589255.4861
3.237108, 14.160202, 7.012126, 1523438589338.3813
3.260491, 14.181117, 7.010728, 1523438589421.6455
3.281358, 14.199895, 7.017714, 1523438589505.2783
3.304318, 14.221089, 7.015207, 1523438589589.1875
3.332313, 14.244388, 7.025669, 1523438589673.3735
3.365625, 14.26674, 7.034831, 1523438589757.7437
3.39605, 14.28161, 7.020772, 1523438589842.2061
3.428126, 14.297872, 7.007516, 1523438589926.5762
3.460586, 14.308188, 7.003793, 1523438590010.8079
3.478235, 14.310582, 6.999295, 1523438590094.9939
3.492007, 14.317124, 6.998687, 1523438590179.0410
3.498851, 14.32039, 7.00257, 1523438590263.0425
3.496176, 14.320931, 7.001863, 1523438590346.9055
3.497078, 14.313293, 7.001224, 1523438590430.8147
3.493365, 14.292434, 6.994629, 1523438590515.0005
3.479455, 14.275701, 6.999539, 1523438590599.2324
3.493173, 14.275238, 6.994517, 1523438590683.2800
3.493016, 14.265, 6.995208, 1523438590767.2356
3.489564, 14.257897, 6.991345, 1523438590851.3289
3.492203, 14.252361, 6.990582, 1523438590935.5144
3.487052, 14.241841, 6.984902, 1523438591019.6079
3.486723, 14.233546, 6.984756, 1523438591103.6553
3.469794, 14.215061, 6.982574, 1523438591187.6106
3.461361, 14.203783, 6.967887, 1523438591271.3816
3.434731, 14.190841, 6.976108, 1523438591354.8765
3.403404, 14.178572, 6.980126, 1523438591437.9558
3.367196, 14.168913, 6.979542, 1523438591520.7129
3.321393, 14.163133, 6.987894, 1523438591603.2859
3.282344, 14.157056, 6.994644, 1523438591685.4902
3.246618, 14.144723, 6.98576, 1523438591767.4180
3.213346, 14.131025, 6.974604, 1523438591849.2534
3.189871, 14.109328, 6.970782, 1523438591931.0891
3.159145, 14.076866, 6.967538, 1523438592013.0171
3.127793, 14.037876, 6.954488, 1523438592095.2214
3.075562, 13.996766, 6.943829, 1523438592177.7021
3.05679, 13.940174, 6.935342, 1523438592260.2744
3.021901, 13.883696, 6.927193, 1523438592343.0317
3.001924, 13.841233, 6.938954, 1523438592426.0654
2.964799, 13.791903, 6.946834, 1523438592509.5134
2.923045, 13.758821, 6.947293, 1523438592593.1462
2.891425, 13.713765, 6.961699, 1523438592676.4565
2.851006, 13.679728, 6.958993, 1523438592759.6284
2.807058, 13.652167, 6.953009, 1523438592842.6160
2.747212, 13.610205, 6.947228, 1523438592925.5571
2.677671, 13.568506, 6.949767, 1523438593008.4065
2.59966, 13.536794, 6.977798, 1523438593091.2559
2.536932, 13.509989, 7.020944, 1523438593173.7825
2.484018, 13.47032, 7.06986, 1523438593256.3552
2.427884, 13.437966, 7.106369, 1523438593339.1582
2.395443, 13.409459, 7.110894, 1523438593422.0535
2.347071, 13.362561, 7.112824, 1523438593505.2712
2.290267, 13.317356, 7.126464, 1523438593588.6272
2.261991, 13.276636, 7.172287, 1523438593672.2598
2.213341, 13.248001, 7.205967, 1523438593756.8599
2.172919, 13.213603, 7.255797, 1523438593841.4141
2.152243, 13.192814, 7.287974, 1523438593925.6914
2.110579, 13.168683, 7.290571, 1523438594009.6006
2.068052, 13.125667, 7.289941, 1523438594092.9568
2.009356, 13.082962, 7.310477, 1523438594176.0359
1.9638, 13.045113, 7.361307, 1523438594258.5166
1.940854, 13.013247, 7.404035, 1523438594340.4443
1.903668, 12.994395, 7.446771, 1523438594422.7402
1.873917, 12.956342, 7.478043, 1523438594505.0366
1.845389, 12.925556, 7.473454, 1523438594587.7476
1.800987, 12.87826, 7.46395, 1523438594670.7349
1.775687, 12.843046, 7.45658, 1523438594753.8147
1.730609, 12.750304, 7.484898, 1523438594837.1245
1.683897, 12.690621, 7.524045, 1523438594921.2637
1.642421, 12.64506, 7.57705, 1523438595005.6797
1.63129, 12.618785, 7.6185, 1523438595089.7268
1.618246, 12.595391, 7.656398, 1523438595173.5435
1.603974, 12.575378, 7.651103, 1523438595257.1296
1.573409, 12.528575, 7.650783, 1523438595340.4856
1.546264, 12.477407, 7.644534, 1523438595423.5195
1.529668, 12.416121, 7.644722, 1523438595506.2302
1.481066, 12.330058, 7.66004, 1523438595588.7107
1.455793, 12.270247, 7.667082, 1523438595670.9604
1.425623, 12.216878, 7.660527, 1523438595753.5334
1.398819, 12.142357, 7.65983, 1523438595836.2898
1.373591, 12.051443, 7.650088, 1523438595919.5537
1.359855, 11.960794, 7.637778, 1523438596002.9558
1.351253, 11.858535, 7.628284, 1523438596086.6340
1.351631, 11.753304, 7.659564, 1523438596170.4966
1.348133, 11.666153, 7.686981, 1523438596254.8201
1.343608, 11.609961, 7.718283, 1523438596339.2817
1.343533, 11.561582, 7.769027, 1523438596423.4209
1.332426, 11.515303, 7.809672, 1523438596507.3760
1.314639, 11.468492, 7.821396, 1523438596591.0542
1.311458, 11.412133, 7.81674, 1523438596674.3640
1.307516, 11.350639, 7.825896, 1523438596757.4434
1.295692, 11.294346, 7.849265, 1523438596840.2463
1.29682, 11.245247, 7.889297, 1523438596922.4961
1.289351, 11.196832, 7.933457, 1523438597004.9302
1.287492, 11.155469, 7.971457, 1523438597087.3650
1.29669, 11.105807, 7.990493, 1523438597170.0295
1.296176, 11.050448, 7.986537, 1523438597252.9705
1.30061, 10.996737, 7.984251, 1523438597336.0957
1.314672, 10.937583, 7.996718, 1523438597419.5437
1.327434, 10.86299, 8.033046, 1523438597503.5447
1.326879, 10.79466, 8.071846, 1523438597588.2371
1.333068, 10.761738, 8.132844, 1523438597672.7910
1.342261, 10.743931, 8.178863, 1523438597757.1145
1.336052, 10.71427, 8.19202, 1523438597841.1152
1.335702, 10.667659, 8.183702, 1523438597924.5632
1.328796, 10.602452, 8.174615, 1523438598007.7808
1.321392, 10.532979, 8.191112, 1523438598090.6296
1.320128, 10.470239, 8.233424, 1523438598173.0183
1.318457, 10.416156, 8.286437, 1523438598255.0840
1.316531, 10.369094, 8.328699, 1523438598337.4258
1.318468, 10.336603, 8.354947, 1523438598419.7678
1.328074, 10.293432, 8.354325, 1523438598502.3401
1.331936, 10.253737, 8.34881, 1523438598585.2815
1.34545, 10.190225, 8.364798, 1523438598668.3611
1.36758, 10.128141, 8.39126, 1523438598751.8550
1.38251, 10.068817, 8.431873, 1523438598835.9941
1.391314, 10.028086, 8.491399, 1523438598920.4097
1.394181, 9.996087, 8.540598, 1523438599004.7334
1.396656, 9.963766, 8.556692, 1523438599088.8262
1.403644, 9.91083, 8.548914, 1523438599172.5510
1.413778, 9.857811, 8.545306, 1523438599255.9067
1.421091, 9.785565, 8.546912, 1523438599338.9861
1.420121, 9.71738, 8.568133, 1523438599421.8811
1.423994, 9.664733, 8.625166, 1523438599504.2236
1.425118, 9.615376, 8.678391, 1523438599586.5654
1.420256, 9.5848, 8.719401, 1523438599669.0459
1.435403, 9.551325, 8.744033, 1523438599751.5725
1.445804, 9.512228, 8.746936, 1523438599834.3755
1.458115, 9.461852, 8.743562, 1523438599917.3628
1.485911, 9.389688, 8.746204, 1523438600000.5342
1.516132, 9.324735, 8.7567, 1523438600083.8901
1.551734, 9.256415, 8.793087, 1523438600167.7527
1.570088, 9.196796, 8.840362, 1523438600252.0300
1.586245, 9.159622, 8.893181, 1523438600336.2612
1.602118, 9.131284, 8.936358, 1523438600420.1699
1.60716, 9.096375, 8.951695, 1523438600503.9409
1.616997, 9.053691, 8.939384, 1523438600587.3425
1.637763, 8.984003, 8.926661, 1523438600670.5603
1.645345, 8.912412, 8.914136, 1523438600753.7778
1.652059, 8.833409, 8.918313, 1523438600836.8574
1.660051, 8.77145, 8.934061, 1523438600919.7061
1.680671, 8.703934, 8.943916, 1523438601002.2788
1.696902, 8.625295, 8.932647, 1523438601085.0356
1.715418, 8.557308, 8.935905, 1523438601167.8845
1.742988, 8.493324, 8.934336, 1523438601250.9180
1.783839, 8.428143, 8.941072, 1523438601334.0894
1.83724, 8.349548, 8.941731, 1523438601417.3989
1.890922, 8.298883, 8.946706, 1523438601500.6628
1.956371, 8.238695, 8.967863, 1523438601584.2490
1.992944, 8.174328, 9.017298, 1523438601668.2961
2.022741, 8.138164, 9.054181, 1523438601752.2969
2.048152, 8.10591, 9.099802, 1523438601836.0217
2.065121, 8.068409, 9.112422, 1523438601919.5618
2.093269, 8.030554, 9.11892, 1523438602002.6414
2.132053, 7.976613, 9.119046, 1523438602085.4897
2.172355, 7.922097, 9.144475, 1523438602168.2007
2.202179, 7.8766, 9.176473, 1523438602250.6807
2.223629, 7.858706, 9.21139, 1523438602333.0688
2.237467, 7.82817, 9.252137, 1523438602415.6873
2.259807, 7.811948, 9.287846, 1523438602498.3521
2.287156, 7.795264, 9.290895, 1523438602581.2468
2.329038, 7.766886, 9.287362, 1523438602664.3721
2.380858, 7.727831, 9.277353, 1523438602747.8662
2.431242, 7.69758, 9.291943, 1523438602831.6362
2.478579, 7.666242, 9.324682, 1523438602915.8677
2.509208, 7.632328, 9.371542, 1523438603000.6978
2.527425, 7.610505, 9.424917, 1523438603085.4819
2.54557, 7.597083, 9.46578, 1523438603169.8511
2.571896, 7.578307, 9.478106, 1523438603253.8523
2.604717, 7.550395, 9.475251, 1523438603337.3000
2.658806, 7.513779, 9.479405, 1523438603420.2874
2.705695, 7.474084, 9.491555, 1523438603503.0439
2.742608, 7.425882, 9.520098, 1523438603585.4783
2.782851, 7.394637, 9.58256, 1523438603667.5898
2.800775, 7.356164, 9.623295, 1523438603750.0701
2.809471, 7.331968, 9.67175, 1523438603832.7805
2.82726, 7.308103, 9.690503, 1523438603915.6294
2.864159, 7.287977, 9.688032, 1523438603998.5703
2.912929, 7.258625, 9.679367, 1523438604081.6958
2.956625, 7.22268, 9.683404, 1523438604165.0977
3.019303, 7.178876, 9.663336, 1523438604248.6379
3.082111, 7.144952, 9.667238, 1523438604332.1780
3.151395, 7.119019, 9.680533, 1523438604416.0864
3.201375, 7.076596, 9.6831, 1523438604500.4099
3.245985, 7.048992, 9.690945, 1523438604584.4106
3.295244, 7.018041, 9.703508, 1523438604668.1348
3.357294, 6.954031, 9.701647, 1523438604751.5825
3.409391, 6.905611, 9.68531, 1523438604834.6160
3.474267, 6.843476, 9.677214, 1523438604917.2805
3.518528, 6.795295, 9.687429, 1523438604999.6223
3.581588, 6.747533, 9.684439, 1523438605081.6421
3.648977, 6.702498, 9.694332, 1523438605163.6616
3.705565, 6.657738, 9.701028, 1523438605246.1882
3.77209, 6.618985, 9.707193, 1523438605329.0371
3.834641, 6.586106, 9.69835, 1523438605412.3005
3.889048, 6.564023, 9.681953, 1523438605495.7944
3.96443, 6.542112, 9.673767, 1523438605579.2883
4.059292, 6.515666, 9.684955, 1523438605662.8284
4.141584, 6.493359, 9.698876, 1523438605746.6907
4.214008, 6.462277, 9.698752, 1523438605830.5532
4.283263, 6.449216, 9.709238, 1523438605913.8628
4.353506, 6.436951, 9.703545, 1523438605996.7114
4.427081, 6.425803, 9.681113, 1523438606079.1455
4.504683, 6.410427, 9.6659, 1523438606161.4875
4.57963, 6.396078, 9.676305, 1523438606243.9675
4.644273, 6.382956, 9.681746, 1523438606326.5859
4.722864, 6.378347, 9.68692, 1523438606409.2043
4.798648, 6.371704, 9.673589, 1523438606492.3755
4.869661, 6.367354, 9.684845, 1523438606575.8694
4.94281, 6.378532, 9.673761, 1523438606659.8240
5.024646, 6.387154, 9.66709, 1523438606744.1934
5.107775, 6.414251, 9.657618, 1523438606828.6089
5.201715, 6.44381, 9.659169, 1523438606913.0244
5.278061, 6.479487, 9.673008, 1523438606997.4854
5.362442, 6.500559, 9.683722, 1523438607081.9470
5.441118, 6.528394, 9.672521, 1523438607166.0854
5.514988, 6.553711, 9.684004, 1523438607249.8560
5.582808, 6.569702, 9.683424, 1523438607333.3958
5.654201, 6.575481, 9.687012, 1523438607416.6589
5.732256, 6.579244, 9.6803, 1523438607499.7380
5.789141, 6.579633, 9.686445, 1523438607582.5408
5.856983, 6.581766, 9.693899, 1523438607665.0210
5.913617, 6.578893, 9.689501, 1523438607747.6853
5.980213, 6.5691, 9.68008, 1523438607830.8567
6.052925, 6.577377, 9.678417, 1523438607914.3044
6.134551, 6.597503, 9.69051, 1523438607997.6140
6.227742, 6.622734, 9.662988, 1523438608080.7388
6.30185, 6.643839, 9.695165, 1523438608163.6335
6.366551, 6.699856, 9.701934, 1523438608246.2981
6.440718, 6.733153, 9.697944, 1523438608329.2388
6.512531, 6.739642, 9.710109, 1523438608412.4099
6.581028, 6.74356, 9.715318, 1523438608495.3044
6.65352, 6.743896, 9.710201, 1523438608578.0608
6.734816, 6.729093, 9.705445, 1523438608660.7253
6.816242, 6.719144, 9.680709, 1523438608743.3901
6.945532, 6.700519, 9.64583, 1523438608826.0081
7.019074, 6.685191, 9.666406, 1523438608908.8108
7.086047, 6.671064, 9.687612, 1523438608991.5671
7.172831, 6.67071, 9.694388, 1523438609074.5540
7.253603, 6.660981, 9.697226, 1523438609157.8174
7.333992, 6.662652, 9.703048, 1523438609241.3115
7.420484, 6.660735, 9.68597, 1523438609325.1277
7.508306, 6.648859, 9.675065, 1523438609409.1743
7.595431, 6.652247, 9.679048, 1523438609493.2671
7.676737, 6.648532, 9.691697, 1523438609577.5442
7.755098, 6.638029, 9.696066, 1523438609661.9133
7.837896, 6.629358, 9.692978, 1523438609745.9138
7.90336, 6.620823, 9.709858, 1523438609829.5916
7.970299, 6.605109, 9.698921, 1523438609912.8083
8.04619, 6.591931, 9.676268, 1523438609995.6570
8.127945, 6.576212, 9.666141, 1523438610078.2751
8.210567, 6.545412, 9.675227, 1523438610160.8469
8.28683, 6.519898, 9.69441, 1523438610243.5110
8.372993, 6.506465, 9.692065, 1523438610326.3135
8.45262, 6.485501, 9.699234, 1523438610409.4385
8.537949, 6.470486, 9.69206, 1523438610492.6555
8.623148, 6.451716, 9.679969, 1523438610576.1492
8.721635, 6.433593, 9.664268, 1523438610659.7349
8.814121, 6.438096, 9.669799, 1523438610743.4126
8.904541, 6.423926, 9.679698, 1523438610827.4133
8.994383, 6.404498, 9.681669, 1523438610911.3677
9.097803, 6.403333, 9.673655, 1523438610994.8152
9.185545, 6.396287, 9.680899, 1523438611077.8943
9.264879, 6.391579, 9.678375, 1523438611160.6047
9.328515, 6.38545, 9.691151, 1523438611243.0842
9.400145, 6.371451, 9.685684, 1523438611325.5642
9.481271, 6.365927, 9.680354, 1523438611407.8601
9.571908, 6.358562, 9.703209, 1523438611490.2017
9.634273, 6.371839, 9.714635, 1523438611572.6353
9.718727, 6.388663, 9.698691, 1523438611655.3916
9.816184, 6.401067, 9.683761, 1523438611738.7009
9.913602, 6.414581, 9.680048, 1523438611822.4709
10.006785, 6.44541, 9.685351, 1523438611906.4714
10.105885, 6.445816, 9.672261, 1523438611990.8406
10.203147, 6.455297, 9.689255, 1523438612075.1638
10.280336, 6.466098, 9.707111, 1523438612159.3025
10.355713, 6.449945, 9.70311, 1523438612243.2568
10.445343, 6.439682, 9.702296, 1523438612326.7502
10.508361, 6.438929, 9.67834, 1523438612409.9675
10.581457, 6.399498, 9.68601, 1523438612493.1387
10.661711, 6.360747, 9.69704, 1523438612576.1252
10.740544, 6.321912, 9.708159, 1523438612659.2505
10.807445, 6.280634, 9.722287, 1523438612742.8362
10.881524, 6.244456, 9.727611, 1523438612826.8823
10.972719, 6.212856, 9.714877, 1523438612910.9751
11.061027, 6.179402, 9.697253, 1523438612994.8374
11.15533, 6.145348, 9.693233, 1523438613078.3311
11.241831, 6.106437, 9.684429, 1523438613161.9629
11.319457, 6.049316, 9.678781, 1523438613245.8711
11.398385, 5.990434, 9.690047, 1523438613329.7334
11.480442, 5.935519, 9.688721, 1523438613413.3193
11.546488, 5.884644, 9.685737, 1523438613496.3979
11.616417, 5.818928, 9.68085, 1523438613578.9702
11.673747, 5.744964, 9.673785, 1523438613661.2656
11.723818, 5.666109, 9.667443, 1523438613743.2385
11.785822, 5.608851, 9.698533, 1523438613824.9348
11.831578, 5.553118, 9.70289, 1523438613907.1384
11.891156, 5.490273, 9.719133, 1523438613989.7104
11.945721, 5.42868, 9.706622, 1523438614072.6052
11.997681, 5.359001, 9.701138, 1523438614155.9604
12.053619, 5.28283, 9.695588, 1523438614239.5920
12.100845, 5.207794, 9.687312, 1523438614323.5461
12.141843, 5.141624, 9.690684, 1523438614407.9614
12.179666, 5.043696, 9.697762, 1523438614492.2385
12.21285, 4.9559, 9.714004, 1523438614576.3311
12.229807, 4.870886, 9.706066, 1523438614660.0090
12.242874, 4.783367, 9.676629, 1523438614743.2258
12.24931, 4.700976, 9.671183, 1523438614826.2126
12.256406, 4.623116, 9.673285, 1523438614908.7847
12.260059, 4.548867, 9.693307, 1523438614991.0342
12.266659, 4.480818, 9.70002, 1523438615073.4675
12.246467, 4.413074, 9.709909, 1523438615156.5464
12.239554, 4.332494, 9.706711, 1523438615239.8560
12.22664, 4.246144, 9.685443, 1523438615323.3030
12.230544, 4.154398, 9.665574, 1523438615406.7507
12.21681, 4.05974, 9.657173, 1523438615490.1060
12.202174, 3.968981, 9.658168, 1523438615573.6914
12.161374, 3.901955, 9.668905, 1523438615657.8296
12.129885, 3.825898, 9.66957, 1523438615741.7380
12.100879, 3.749703, 9.677991, 1523438615825.3232
12.060039, 3.67063, 9.670465, 1523438615908.4480
12.015307, 3.604789, 9.658832, 1523438615991.1121
11.964211, 3.537208, 9.654829, 1523438616073.6377
11.898034, 3.480038, 9.660154, 1523438616156.0254
11.830862, 3.426439, 9.679168, 1523438616238.2744
11.762325, 3.362948, 9.679175, 1523438616320.6157
11.69251, 3.308253, 9.681412, 1523438616403.4180
11.622116, 3.240096, 9.675895, 1523438616486.4968
11.546857, 3.168301, 9.659184, 1523438616569.7139
11.484729, 3.094168, 9.644097, 1523438616652.9312
11.431642, 3.020552, 9.634969, 1523438616736.1938
11.372924, 2.959054, 9.658277, 1523438616819.8254
11.299877, 2.897793, 9.66007, 1523438616903.6873
11.23387, 2.83758, 9.663135, 1523438616987.2727
11.155897, 2.793442, 9.655954, 1523438617070.5359
11.083128, 2.74884, 9.656618, 1523438617153.3843
11.00292, 2.69786, 9.640921, 1523438617236.0942
10.903855, 2.666421, 9.635687, 1523438617318.7583
10.81076, 2.627855, 9.644885, 1523438617401.0537
10.727405, 2.599854, 9.654311, 1523438617483.3491
10.657795, 2.569685, 9.657906, 1523438617566.1050
10.576427, 2.530929, 9.663591, 1523438617649.1836
10.507737, 2.486418, 9.660079, 1523438617732.3545
10.403964, 2.435198, 9.634385, 1523438617815.7095
10.324603, 2.375308, 9.63535, 1523438617899.1567
10.250032, 2.312136, 9.643774, 1523438617982.8806
10.17446, 2.27068, 9.62647, 1523438618066.9268
10.086163, 2.224681, 9.64344, 1523438618150.8350
10.010849, 2.177117, 9.654651, 1523438618234.3276
9.938218, 2.138381, 9.647655, 1523438618317.5906
9.859623, 2.096598, 9.629774, 1523438618400.5310
9.774093, 2.064254, 9.627449, 1523438618483.4712
9.690325, 2.041101, 9.637637, 1523438618566.2734
9.62251, 2.002274, 9.652783, 1523438618648.8914
9.552221, 1.970917, 9.665251, 1523438618731.7854
9.478167, 1.943734, 9.672125, 1523438618815.1863
9.401921, 1.905362, 9.666909, 1523438618898.8640
9.307779, 1.862062, 9.641912, 1523438618982.7722
9.213259, 1.826683, 9.631155, 1523438619066.9102
9.129117, 1.787246, 9.636806, 1523438619151.2332
9.056928, 1.750135, 9.65435, 1523438619235.7400
8.957814, 1.714655, 9.641677, 1523438619320.2932
8.869922, 1.690708, 9.634416, 1523438619404.4775
8.793324, 1.669981, 9.651441, 1523438619488.1091
8.695724, 1.645062, 9.637008, 1523438619571.1416
8.603456, 1.632496, 9.631938, 1523438619653.6667
8.513759, 1.616181, 9.623878, 1523438619735.9619
8.459414, 1.612339, 9.635478, 1523438619817.8425
8.389661, 1.606092, 9.645411, 1523438619899.8152
8.293001, 1.619923, 9.635345, 1523438619982.4790
8.221953, 1.646933, 9.652785, 1523438620065.6038
8.136894, 1.639359, 9.654785, 1523438620149.0510
8.05202, 1.631375, 9.634814, 1523438620232.5901
7.971529, 1.620603, 9.620916, 1523438620316.0374
7.90311, 1.575518, 9.635314, 1523438620399.5305
7.844331, 1.559078, 9.598272, 1523438620483.0698
7.745854, 1.561138, 9.626783, 1523438620566.8394
7.659936, 1.556339, 9.639048, 1523438620650.4243
7.574729, 1.55519, 9.648164, 1523438620733.6868
7.492534, 1.566332, 9.637334, 1523438620816.6731
7.405347, 1.587876, 9.633443, 1523438620899.6130
7.318702, 1.61532, 9.624171, 1523438620982.3691
7.243489, 1.628742, 9.633347, 1523438621064.7559
7.175948, 1.632817, 9.64413, 1523438621146.7742
7.111366, 1.640802, 9.646802, 1523438621229.2534
7.044249, 1.6659, 9.657065, 1523438621312.2393
6.971237, 1.684914, 9.669336, 1523438621395.8240
6.906211, 1.696018, 9.659404, 1523438621479.5474
6.857399, 1.687465, 9.635139, 1523438621563.3167
6.797541, 1.680079, 9.65376, 1523438621647.0859
6.743184, 1.672678, 9.649345, 1523438621730.9473
6.673751, 1.648557, 9.6402, 1523438621814.5322
6.604287, 1.665774, 9.608253, 1523438621897.7947
6.555978, 1.67575, 9.621933, 1523438621980.8728
6.519864, 1.684008, 9.622936, 1523438622063.8586
6.492857, 1.690777, 9.641537, 1523438622146.7065
6.454093, 1.682196, 9.630785, 1523438622229.1853
6.417867, 1.690491, 9.6327, 1523438622311.8489
6.381826, 1.700192, 9.633309, 1523438622394.7886
6.342869, 1.697479, 9.637275, 1523438622477.9587
6.301463, 1.693198, 9.625986, 1523438622561.3594
6.262868, 1.705294, 9.624258, 1523438622645.0828
6.211605, 1.70781, 9.629052, 1523438622729.0823
6.158427, 1.710816, 9.594254, 1523438622813.0359
6.115395, 1.724115, 9.603933, 1523438622897.0356
6.066418, 1.743421, 9.626489, 1523438622980.6208
6.011189, 1.765963, 9.589086, 1523438623064.1597
5.956175, 1.806544, 9.574788, 1523438623147.5603
5.888599, 1.841683, 9.590022, 1523438623230.5000
5.828146, 1.873954, 9.598017, 1523438623313.2556
5.779477, 1.902877, 9.620839, 1523438623395.6423
5.719372, 1.925165, 9.621569, 1523438623477.9829
5.658056, 1.942027, 9.638774, 1523438623560.5081
5.595369, 1.960588, 9.64439, 1523438623643.2175
5.537428, 1.974682, 9.630275, 1523438623726.2031
5.475626, 1.990225, 9.616996, 1523438623809.5120
5.409084, 2.000389, 9.618491, 1523438623893.0510
5.33379, 1.983516, 9.58354, 1523438623976.7280
5.249446, 2.001567, 9.572614, 1523438624060.5894
5.187472, 2.036392, 9.632297, 1523438624144.7273
5.103878, 2.056533, 9.642375, 1523438624228.8650
5.03661, 2.072737, 9.65417, 1523438624312.7727
4.95693, 2.106302, 9.641326, 1523438624396.5417
4.871154, 2.140692, 9.614087, 1523438624479.8967
4.808482, 2.188424, 9.62469, 1523438624563.1589
4.743657, 2.236018, 9.638631, 1523438624646.1448
4.686177, 2.283252, 9.655287, 1523438624728.9001
4.627976, 2.323568, 9.652063, 1523438624812.0244
4.573869, 2.364644, 9.652173, 1523438624895.3787
4.519298, 2.413229, 9.65247, 1523438624979.0557
4.439911, 2.446207, 9.647539, 1523438625062.7788
4.387827, 2.492482, 9.6444, 1523438625146.5942
4.32046, 2.524785, 9.651481, 1523438625230.1792
4.271383, 2.579735, 9.654442, 1523438625313.9944
4.229431, 2.654131, 9.647454, 1523438625397.9021
4.198407, 2.711112, 9.644538, 1523438625481.6252
4.157173, 2.776135, 9.651466, 1523438625564.9338
4.130232, 2.870527, 9.622053, 1523438625647.8274
4.111022, 2.94939, 9.601591, 1523438625730.2607
4.105065, 3.031379, 9.599955, 1523438625812.4629
4.106728, 3.115108, 9.619852, 1523438625894.2048
4.108958, 3.192013, 9.635655, 1523438625975.9004
4.114184, 3.250259, 9.639144, 1523438626057.9189
4.11558, 3.320921, 9.64745, 1523438626140.5820
4.122177, 3.402148, 9.63958, 1523438626223.5679
4.122416, 3.490609, 9.631836, 1523438626306.7380
4.120294, 3.585497, 9.640127, 1523438626389.9082
4.109089, 3.672259, 9.649346, 1523438626473.3552
4.134276, 3.763657, 9.669436, 1523438626557.1704
4.132386, 3.854089, 9.667954, 1523438626640.6172
4.140311, 3.928558, 9.660439, 1523438626723.6956
4.154254, 4.018007, 9.663004, 1523438626806.4507
4.17723, 4.101007, 9.652126, 1523438626889.1602
4.209959, 4.19081, 9.646253, 1523438626972.0078
4.251436, 4.282227, 9.64964, 1523438627054.7634
4.276853, 4.363032, 9.666934, 1523438627137.2422
4.297389, 4.446941, 9.672878, 1523438627220.0437
4.318218, 4.53001, 9.691742, 1523438627303.1218
4.326705, 4.6255, 9.687181, 1523438627386.4307
4.344007, 4.72156, 9.668118, 1523438627469.9695
4.352922, 4.812176, 9.642898, 1523438627553.6926
4.369673, 4.901149, 9.643595, 1523438627637.7383
4.399097, 4.987484, 9.665737, 1523438627722.3369
4.429485, 5.085079, 9.671007, 1523438627806.8433
4.456757, 5.177866, 9.67799, 1523438627890.9348
4.481025, 5.264065, 9.674524, 1523438627974.5659
4.506085, 5.354353, 9.672092, 1523438628057.8743
4.539939, 5.447298, 9.646561, 1523438628140.9524
4.582329, 5.542051, 9.585178, 1523438628223.9380
4.636305, 5.622226, 9.618326, 1523438628306.8318
4.677579, 5.690788, 9.667477, 1523438628389.6331
4.720909, 5.768547, 9.680779, 1523438628472.7576
4.757906, 5.842943, 9.684119, 1523438628556.1118
4.796324, 5.925573, 9.681808, 1523438628639.5581
4.84156, 6.004967, 9.673197, 1523438628723.2815
4.873039, 6.08174, 9.657915, 1523438628807.0505
4.916714, 6.154751, 9.649115, 1523438628890.8657
4.978893, 6.231313, 9.667556, 1523438628974.7725
5.045855, 6.298666, 9.685075, 1523438629058.5420
5.120592, 6.360723, 9.675777, 1523438629142.2190
5.196938, 6.397084, 9.686848, 1523438629225.6194
5.25928, 6.439131, 9.675382, 1523438629308.5129
5.323925, 6.479427, 9.6681, 1523438629391.1763
5.383213, 6.50503, 9.674401, 1523438629473.6089
5.448331, 6.537431, 9.687245, 1523438629556.0881
5.500554, 6.563298, 9.696095, 1523438629638.9358
5.568192, 6.574468, 9.699374, 1523438629722.1060
5.632457, 6.608155, 9.687366, 1523438629805.3218
5.709149, 6.635112, 9.664042, 1523438629888.5845
5.786907, 6.657061, 9.659429, 1523438629971.5239
5.855316, 6.70367, 9.666636, 1523438630054.0491
5.939643, 6.727199, 9.676918, 1523438630136.8967
6.022442, 6.70786, 9.679987, 1523438630220.3430
6.118882, 6.717168, 9.683888, 1523438630303.6514
6.225637, 6.712873, 9.699364, 1523438630387.0518
6.313798, 6.711854, 9.679387, 1523438630470.0378
6.395362, 6.714843, 9.675475, 1523438630552.6550
6.482379, 6.70861, 9.673818, 1523438630635.1802
6.568015, 6.698057, 9.683265, 1523438630717.5667
6.658942, 6.698438, 9.699822, 1523438630799.8613
6.743948, 6.698722, 9.716615, 1523438630882.3865
6.824991, 6.703561, 9.714883, 1523438630964.9570
6.920985, 6.717926, 9.704491, 1523438631047.8970
7.007838, 6.718899, 9.697111, 1523438631131.1589
7.095247, 6.728408, 9.682614, 1523438631214.6055
7.198751, 6.730926, 9.695868, 1523438631298.5591
7.296994, 6.719628, 9.69913, 1523438631383.0190
7.393692, 6.706968, 9.736351, 1523438631467.5251
7.477093, 6.691915, 9.727082, 1523438631551.8010
7.570653, 6.684794, 9.706493, 1523438631635.6624
7.672421, 6.672316, 9.690364, 1523438631719.1086
7.772501, 6.645463, 9.667507, 1523438631802.3250
7.862699, 6.625908, 9.689277, 1523438631885.1724
7.949306, 6.608033, 9.709931, 1523438631967.7896
8.034903, 6.58325, 9.707643, 1523438632050.8213
8.118711, 6.543758, 9.705499, 1523438632134.2676
8.203177, 6.518159, 9.696967, 1523438632217.8984
8.294982, 6.494447, 9.694572, 1523438632301.5752
8.392936, 6.489419, 9.678426, 1523438632385.0217
8.492192, 6.49214, 9.686826, 1523438632468.3760
8.583385, 6.478011, 9.68527, 1523438632551.9148
8.685747, 6.466572, 9.696568, 1523438632635.1765
8.779799, 6.468602, 9.708558, 1523438632717.8398
8.862759, 6.466846, 9.713292, 1523438632800.3643
8.936192, 6.44336, 9.705558, 1523438632882.7974
9.033038, 6.433214, 9.692871, 1523438632965.6912
9.1246, 6.414467, 9.702185, 1523438633048.8149
9.22849, 6.419826, 9.696975, 1523438633131.6165
9.325414, 6.420049, 9.687241, 1523438633214.5559
9.412856, 6.415154, 9.691187, 1523438633297.6799
9.507957, 6.418524, 9.701285, 1523438633381.1265
9.600011, 6.420125, 9.685977, 1523438633464.8491
9.699406, 6.43653, 9.683896, 1523438633548.6179
9.801148, 6.465675, 9.684879, 1523438633632.5710
9.906779, 6.472704, 9.685214, 1523438633716.8931
10.013721, 6.47444, 9.694819, 1523438633801.3069
10.114159, 6.486008, 9.703666, 1523438633885.3984
10.196988, 6.484492, 9.705533, 1523438633969.2600
10.291009, 6.489843, 9.70235, 1523438634052.6599
10.38413, 6.490778, 9.666724, 1523438634135.8298
10.486429, 6.478303, 9.668215, 1523438634218.6770
10.579401, 6.484578, 9.684775, 1523438634301.0637
10.668239, 6.483107, 9.691059, 1523438634383.6807
10.757424, 6.482787, 9.725442, 1523438634466.4360
10.847626, 6.493119, 9.722061, 1523438634549.4219
10.941125, 6.509844, 9.706245, 1523438634632.5916
11.039555, 6.52693, 9.6938, 1523438634715.8535
11.139457, 6.54706, 9.697351, 1523438634799.3459
11.229237, 6.551672, 9.702062, 1523438634883.2068
11.347252, 6.563323, 9.704634, 1523438634967.2061
11.447317, 6.584464, 9.711055, 1523438635050.7903
11.541504, 6.600944, 9.715652, 1523438635134.0525
11.634423, 6.614955, 9.692873, 1523438635216.9460
11.727, 6.630113, 9.683856, 1523438635299.6550
11.819089, 6.642637, 9.688067, 1523438635382.2720
11.906251, 6.656076, 9.707284, 1523438635464.7510
11.998328, 6.680483, 9.711614, 1523438635547.3220
12.104764, 6.698871, 9.707297, 1523438635630.3071
12.201804, 6.724355, 9.70667, 1523438635713.5232
12.286569, 6.752362, 9.691878, 1523438635797.1079
12.380239, 6.797196, 9.680968, 1523438635880.7385
12.463299, 6.849638, 9.681315, 1523438635964.5540
12.55041, 6.901827, 9.666164, 1523438636048.7837
12.625536, 6.944409, 9.706762, 1523438636133.0588
12.709893, 6.99445, 9.712729, 1523438636216.7356
12.774495, 7.045475, 9.7199, 1523438636299.9509
12.838586, 7.089552, 9.712101, 1523438636382.8904
12.906368, 7.132607, 9.716337, 1523438636465.9219
12.98644, 7.170775, 9.69344, 1523438636549.0459
13.047182, 7.214247, 9.718915, 1523438636631.8474
13.11152, 7.259314, 9.725863, 1523438636714.7866
13.195266, 7.301637, 9.743451, 1523438636798.1409
13.258656, 7.351153, 9.735989, 1523438636881.7717
13.331366, 7.407696, 9.72074, 1523438636965.6782
13.402167, 7.45627, 9.702692, 1523438637049.6775
13.466893, 7.504039, 9.702131, 1523438637133.9075
13.547804, 7.552119, 9.702368, 1523438637218.4592
13.630873, 7.603022, 9.703907, 1523438637302.7351
13.699959, 7.648645, 9.696448, 1523438637386.6418
13.769629, 7.685722, 9.710054, 1523438637469.9500
13.827516, 7.713951, 9.713338, 1523438637552.7512
13.892606, 7.732891, 9.711549, 1523438637635.3215
13.945048, 7.773328, 9.712637, 1523438637717.1091
14.000655, 7.795434, 9.705951, 1523438637799.2192
14.065428, 7.810572, 9.703519, 1523438637881.6516
14.101746, 7.851428, 9.697152, 1523438637964.0837
14.130524, 7.880463, 9.693165, 1523438638046.9309
14.166702, 7.925146, 9.669827, 1523438638129.9163
14.184751, 7.961057, 9.632753, 1523438638212.9939
14.209398, 7.999079, 9.59459, 1523438638296.2554
14.24006, 8.059, 9.54283, 1523438638379.5635
14.271957, 8.124691, 9.526582, 1523438638462.7793
14.306466, 8.178596, 9.515009, 1523438638545.9949
14.332463, 8.224778, 9.499152, 1523438638629.0725
14.364164, 8.260537, 9.470701, 1523438638712.1501
14.390608, 8.294168, 9.412894, 1523438638795.1814
14.424011, 8.318344, 9.379658, 1523438638878.3516
14.483172, 8.353938, 9.333789, 1523438638962.1206
14.521267, 8.40625, 9.334304, 1523438639046.0273
14.549087, 8.457018, 9.317566, 1523438639130.3027
14.582287, 8.498002, 9.277929, 1523438639214.6704
14.609383, 8.551878, 9.222485, 1523438639298.6697
14.638127, 8.616278, 9.177631, 1523438639382.2539
14.669003, 8.68633, 9.159856, 1523438639465.3777
14.704161, 8.738633, 9.151456, 1523438639548.3633
14.746878, 8.793798, 9.136706, 1523438639631.1184
14.796232, 8.84313, 9.094068, 1523438639713.8730
14.849105, 8.894538, 9.054444, 1523438639796.7202
14.911228, 8.941101, 9.024588, 1523438639879.6597
14.974744, 9.008621, 9.014059, 1523438639962.8750
15.018088, 9.092697, 9.028591, 1523438640046.1367
15.05792, 9.167072, 9.031805, 1523438640129.6294
15.090487, 9.243503, 9.023469, 1523438640212.9827
15.12489, 9.328777, 8.992843, 1523438640296.1064
15.158373, 9.425639, 8.996149, 1523438640379.5066
15.203846, 9.508082, 9.004403, 1523438640463.4595
15.24572, 9.585783, 9.010177, 1523438640547.4585
15.265462, 9.654996, 9.00781, 1523438640630.8125
15.286282, 9.715286, 8.999411, 1523438640713.7053
15.313744, 9.768881, 8.962481, 1523438640796.5063
15.333292, 9.806663, 8.933786, 1523438640879.1694
15.350893, 9.819842, 8.897052, 1523438640961.9241
15.373862, 9.828569, 8.872863, 1523438641044.8633
15.418956, 9.878345, 8.83615, 1523438641128.2634
15.449679, 9.954924, 8.821494, 1523438641212.1238
15.466228, 10.009214, 8.810259, 1523438641296.3535
15.486801, 10.04883, 8.7877, 1523438641380.8135
15.494995, 10.103321, 8.744854, 1523438641464.8584
15.5059, 10.164206, 8.691961, 1523438641548.6736
15.512004, 10.238534, 8.655257, 1523438641632.3037
15.522852, 10.298512, 8.655913, 1523438641715.7036
15.542386, 10.34826, 8.653237, 1523438641798.7351
15.547751, 10.400568, 8.625335, 1523438641881.6279
15.564837, 10.449438, 8.588828, 1523438641964.4749
15.577737, 10.490642, 8.549321, 1523438642047.4141
15.600198, 10.544028, 8.502748, 1523438642130.6301
15.631634, 10.607169, 8.461401, 1523438642214.3062
15.651741, 10.690884, 8.445821, 1523438642298.2588
15.655192, 10.765258, 8.442021, 1523438642382.2576
15.663869, 10.828553, 8.416524, 1523438642466.4409
15.668714, 10.891047, 8.379542, 1523438642550.6704
15.667169, 10.951333, 8.325216, 1523438642634.5769
15.649194, 11.017883, 8.28622, 1523438642717.9771
15.636497, 11.08361, 8.271981, 1523438642801.0542
15.631814, 11.139396, 8.263752, 1523438642883.8552
15.628974, 11.181019, 8.25252, 1523438642966.3799
15.634134, 11.224528, 8.232347, 1523438643048.9043
15.649292, 11.260376, 8.190554, 1523438643131.4746
15.661561, 11.295086, 8.143056, 1523438643214.2756
15.67208, 11.340598, 8.109653, 1523438643297.4453
15.672282, 11.392352, 8.087101, 1523438643380.8455
15.657886, 11.460915, 8.085065, 1523438643464.2913
15.649457, 11.530231, 8.07123, 1523438643548.0142
15.649959, 11.594327, 8.033804, 1523438643631.9668
15.648354, 11.660748, 7.975275, 1523438643715.8735
15.634586, 11.729637, 7.933998, 1523438643799.3657
15.620616, 11.799249, 7.89534, 1523438643882.5349
15.613143, 11.866119, 7.883786, 1523438643965.3359
15.601103, 11.921317, 7.876541, 1523438644047.8142
15.596077, 11.969998, 7.851798, 1523438644130.2927
15.587607, 12.026667, 7.816579, 1523438644212.6787
15.586152, 12.073826, 7.782146, 1523438644295.2031
15.582718, 12.122829, 7.759283, 1523438644377.9580
15.568459, 12.193673, 7.740236, 1523438644461.0813
15.542045, 12.255799, 7.73987, 1523438644544.2507
15.510122, 12.309636, 7.754003, 1523438644627.6509
15.48531, 12.363242, 7.754007, 1523438644711.1887
15.46213, 12.415759, 7.750709, 1523438644794.8650
15.440016, 12.45694, 7.753468, 1523438644878.8176
15.413816, 12.503621, 7.752606, 1523438644962.8625
15.387669, 12.552436, 7.748485, 1523438645046.9536
15.375903, 12.575258, 7.76024, 1523438645130.6760
15.371612, 12.592981, 7.764086, 1523438645214.1216
15.378946, 12.603848, 7.76778, 1523438645297.3374
15.394034, 12.601707, 7.784975, 1523438645380.3689
15.401688, 12.606459, 7.778118, 1523438645463.2156
15.403953, 12.632688, 7.773992, 1523438645546.2009
15.402597, 12.644691, 7.778443, 1523438645629.0940
15.396279, 12.657112, 7.777932, 1523438645711.8945
15.389074, 12.681623, 7.767908, 1523438645794.6492
15.386612, 12.700969, 7.763342, 1523438645877.4041
15.380085, 12.716676, 7.760193, 1523438645960.1582
15.374744, 12.730574, 7.755801, 1523438646042.9131
15.365323, 12.734947, 7.753428, 1523438646125.7141
15.355886, 12.729171, 7.75092, 1523438646208.2383
15.338869, 12.720707, 7.738969, 1523438646290.4863
15.322225, 12.70197, 7.742301, 1523438646372.6877
15.315665, 12.674068, 7.74502, 1523438646455.1199
15.309062, 12.642282, 7.750414, 1523438646537.8743
15.299273, 12.608539, 7.753959, 1523438646620.8591
15.289503, 12.578902, 7.751915, 1523438646704.0740
15.282377, 12.551597, 7.751243, 1523438646787.4736
15.275257, 12.527573, 7.749042, 1523438646870.9192
15.276312, 12.492971, 7.750116, 1523438646954.2725
15.282374, 12.465964, 7.753492, 1523438647037.3955
15.291353, 12.436788, 7.755916, 1523438647120.3809
15.299322, 12.425198, 7.755434, 1523438647203.2737
15.309841, 12.4215, 7.759186, 1523438647286.0742
15.329146, 12.424404, 7.760348, 1523438647368.8748
15.348929, 12.41498, 7.769011, 1523438647451.8132
15.339292, 12.415667, 7.762169, 1523438647534.9822
15.334951, 12.425314, 7.75131, 1523438647618.3821
15.332791, 12.430765, 7.751214, 1523438647701.9656
15.353066, 12.436898, 7.75096, 1523438647785.6416
15.380872, 12.443912, 7.754594, 1523438647869.3633
15.416121, 12.448489, 7.763136, 1523438647953.2695
15.450495, 12.462341, 7.76323, 1523438648037.3601
15.473861, 12.476327, 7.757341, 1523438648121.6350
15.504461, 12.483042, 7.759384, 1523438648206.0020
15.534325, 12.490528, 7.757698, 1523438648290.3691
15.564839, 12.497469, 7.755473, 1523438648374.5518
15.582864, 12.506965, 7.746125, 1523438648458.5042
15.620186, 12.513874, 7.739117, 1523438648542.0415
15.653512, 12.519788, 7.739901, 1523438648625.2102
15.666256, 12.543242, 7.743278, 1523438648708.1028
15.668479, 12.559706, 7.743934, 1523438648790.6270
15.670302, 12.574095, 7.753914, 1523438648872.9204
15.666293, 12.590958, 7.766771, 1523438648955.1677
15.649779, 12.589952, 7.763971, 1523438649037.5540
15.634907, 12.589405, 7.757672, 1523438649120.2158
15.619184, 12.614707, 7.746096, 1523438649203.1545
15.600293, 12.623781, 7.747167, 1523438649286.3696
15.569779, 12.645331, 7.753626, 1523438649369.9531
15.542996, 12.653294, 7.759761, 1523438649453.7671
15.502885, 12.673953, 7.762012, 1523438649537.7656
15.463504, 12.690556, 7.761222, 1523438649621.8560
15.43123, 12.708015, 7.767395, 1523438649705.9463
15.403707, 12.728448, 7.760355, 1523438649789.8989
15.371504, 12.742763, 7.761198, 1523438649873.6208
15.348777, 12.752573, 7.753004, 1523438649957.1584
15.325081, 12.755538, 7.757748, 1523438650040.3738
15.305109, 12.752539, 7.76011, 1523438650123.5430
15.302826, 12.746768, 7.758249, 1523438650206.5742
15.297175, 12.744895, 7.762434, 1523438650289.6509
15.311874, 12.736848, 7.766381, 1523438650372.8203
15.325318, 12.727409, 7.771025, 1523438650456.1274
15.335219, 12.742154, 7.767955, 1523438650539.7112
15.35127, 12.754024, 7.761283, 1523438650623.4795
15.360324, 12.775164, 7.748435, 1523438650707.2476
15.365666, 12.800805, 7.744295, 1523438650791.0156
15.36703, 12.818165, 7.745927, 1523438650874.9224
15.370917, 12.833836, 7.750612, 1523438650958.9207
15.369535, 12.840514, 7.746784, 1523438651042.9653
15.362216, 12.854733, 7.741745, 1523438651126.9639
15.354775, 12.865706, 7.742836, 1523438651210.8240
15.341823, 12.877766, 7.739343, 1523438651294.5000
15.320647, 12.890388, 7.731529, 1523438651377.8071
15.297077, 12.908792, 7.731569, 1523438651460.9763
15.273335, 12.925887, 7.726166, 1523438651544.1917
15.230867, 12.948224, 7.723072, 1523438651627.4526
15.171789, 12.972794, 7.717027, 1523438651710.5295
15.104323, 12.998185, 7.70918, 1523438651793.3765
15.028916, 13.016471, 7.704753, 1523438651876.2231
14.968242, 13.053867, 7.713184, 1523438651959.2539
14.924988, 13.070074, 7.726032, 1523438652042.2849
14.881967, 13.085456, 7.737366, 1523438652125.2695
14.840103, 13.104731, 7.734, 1523438652208.0703
14.806275, 13.123508, 7.722666, 1523438652290.6406
14.781948, 13.147285, 7.703105, 1523438652373.1646
14.770993, 13.165865, 7.673199, 1523438652455.5967
14.7665, 13.186306, 7.634942, 1523438652538.2126
14.756631, 13.22568, 7.602719, 1523438652621.1978
14.75054, 13.263897, 7.580336, 1523438652704.5972
14.713443, 13.322062, 7.556919, 1523438652788.2732
14.674584, 13.357862, 7.565028, 1523438652871.9033
14.621847, 13.39124, 7.562835, 1523438652955.2568
14.570848, 13.42859, 7.54147, 1523438653038.5183
14.530927, 13.468726, 7.507089, 1523438653121.8718
14.500222, 13.49477, 7.469146, 1523438653205.0408
14.46111, 13.511911, 7.424298, 1523438653288.0720
14.415645, 13.533786, 7.381529, 1523438653370.8264
14.3616, 13.559173, 7.356761, 1523438653453.4424
14.324616, 13.594088, 7.347518, 1523438653536.1509
14.304234, 13.620383, 7.324702, 1523438653618.8127
14.282409, 13.65768, 7.29041, 1523438653701.4751
14.26306, 13.692429, 7.25492, 1523438653784.2756
14.2268, 13.736782, 7.220413, 1523438653867.4451
14.186374, 13.785612, 7.214871, 1523438653950.9824
14.149549, 13.813966, 7.221456, 1523438654034.7510
14.106058, 13.846956, 7.205651, 1523438654118.7493
14.052795, 13.874259, 7.169847, 1523438654202.5173
13.988085, 13.899017, 7.129713, 1523438654286.0547
13.935737, 13.912539, 7.101137, 1523438654369.4084
13.875398, 13.941244, 7.077753, 1523438654453.0381
13.809507, 13.970866, 7.064072, 1523438654536.4377
13.72933, 13.990063, 7.064849, 1523438654619.2842
13.643277, 14.010058, 7.059527, 1523438654701.8083
13.567408, 14.037958, 7.040761, 1523438654784.3323
13.518404, 14.063926, 7.040545, 1523438654866.8101
13.473623, 14.072005, 7.047767, 1523438654949.0120
13.403178, 14.103992, 7.046203, 1523438655031.8586
13.337914, 14.131325, 7.040647, 1523438655115.1658
13.27377, 14.138255, 7.044219, 1523438655198.6577
13.222045, 14.146217, 7.043067, 1523438655282.4717
13.165805, 14.147354, 7.03953, 1523438655366.3782
13.108103, 14.144234, 7.039969, 1523438655450.6069
13.045323, 14.152421, 7.03887, 1523438655535.1587
12.980602, 14.154703, 7.037665, 1523438655619.4795
12.928637, 14.155582, 7.033506, 1523438655703.4319
12.875772, 14.155036, 7.029059, 1523438655786.8315
12.821122, 14.155199, 7.015538, 1523438655869.8623
12.771386, 14.163594, 6.986936, 1523438655952.7092
12.733814, 14.182323, 6.946957, 1523438656035.5095
12.701125, 14.201465, 6.905064, 1523438656118.3562
12.656163, 14.231062, 6.875453, 1523438656201.2944
12.590623, 14.256678, 6.862467, 1523438656284.3718
12.530128, 14.266684, 6.864116, 1523438656367.7253
12.474527, 14.264462, 6.857226, 1523438656451.3093
12.417856, 14.256949, 6.824934, 1523438656534.7551
12.370739, 14.257965, 6.770241, 1523438656618.2002
12.320392, 14.240976, 6.716696, 1523438656701.3232
12.272324, 14.220327, 6.684907, 1523438656784.1699
12.210778, 14.210079, 6.674722, 1523438656866.8787
12.157475, 14.208743, 6.670041, 1523438656949.4946
12.102866, 14.212109, 6.642988, 1523438657032.2029
12.047246, 14.218048, 6.611869, 1523438657114.9114
11.993955, 14.228001, 6.560493, 1523438657197.7117
11.940551, 14.244879, 6.515606, 1523438657280.7888
11.866938, 14.262152, 6.482909, 1523438657364.1880
11.793193, 14.283297, 6.474019, 1523438657448.0942
11.736004, 14.28911, 6.471225, 1523438657532.1848
11.683765, 14.294072, 6.450921, 1523438657616.3218
11.63192, 14.29827, 6.41015, 1523438657700.1357
11.588349, 14.288701, 6.367687, 1523438657783.4888
11.53207, 14.26864, 6.326862, 1523438657866.4275
11.462106, 14.258327, 6.301839, 1523438657949.2742
11.403375, 14.253811, 6.304363, 1523438658031.9822
11.358849, 14.257356, 6.292586, 1523438658114.5984
11.302577, 14.264355, 6.251771, 1523438658197.2605
11.257539, 14.269054, 6.209167, 1523438658279.8762
11.218435, 14.282532, 6.172789, 1523438658362.7234
11.175963, 14.29384, 6.139242, 1523438658446.0308
11.106343, 14.303579, 6.120734, 1523438658529.7986
11.050237, 14.30324, 6.121484, 1523438658613.7971
11.00145, 14.307446, 6.093011, 1523438658698.0723
10.951617, 14.306613, 6.051102, 1523438658782.1165
10.899868, 14.296559, 6.00273, 1523438658865.7466
10.843214, 14.273708, 5.964645, 1523438658948.9155
10.784012, 14.257332, 5.93658, 1523438659031.7158
10.722322, 14.238169, 5.924677, 1523438659114.0557
10.674651, 14.225682, 5.911889, 1523438659196.1653
10.639798, 14.21657, 5.879532, 1523438659278.3662
10.610625, 14.218239, 5.839311, 1523438659360.8901
10.581491, 14.225667, 5.800753, 1523438659443.7830
10.541222, 14.237899, 5.778949, 1523438659527.1365
10.498031, 14.257219, 5.777594, 1523438659610.9504
10.473846, 14.248344, 5.794936, 1523438659694.8105
10.44487, 14.239463, 5.797658, 1523438659778.6707
10.409269, 14.219429, 5.795488, 1523438659862.3464
10.381371, 14.194305, 5.791565, 1523438659945.9302
10.363657, 14.170715, 5.788402, 1523438660029.5139
10.344233, 14.136333, 5.782066, 1523438660113.0977
10.323037, 14.095833, 5.768267, 1523438660196.4512
10.28088, 14.058216, 5.747496, 1523438660279.6660
10.248409, 14.021722, 5.737952, 1523438660362.7891
10.216157, 13.987788, 5.723587, 1523438660445.7280
10.182834, 13.962556, 5.696048, 1523438660528.5742
10.157994, 13.939107, 5.657581, 1523438660611.1902
10.135514, 13.921836, 5.620079, 1523438660693.7603
10.104086, 13.911441, 5.580413, 1523438660776.4224
10.049376, 13.90273, 5.551425, 1523438660859.6375
9.996176, 13.878975, 5.547081, 1523438660943.2666
9.962067, 13.844494, 5.545784, 1523438661027.0347
9.916858, 13.813387, 5.522096, 1523438661110.7104
9.862849, 13.776938, 5.484097, 1523438661194.2480
9.804575, 13.743536, 5.458346, 1523438661277.5554
9.740957, 13.715997, 5.437217, 1523438661360.8164
9.680855, 13.679526, 5.419793, 1523438661444.0315
9.600814, 13.62499, 5.416069, 1523438661526.7397
9.536416, 13.576948, 5.413559, 1523438661609.3103
9.488407, 13.522989, 5.406285, 1523438661691.5576
9.436398, 13.473001, 5.38594, 1523438661773.8049
9.373065, 13.432452, 5.371108, 1523438661856.3750
9.295028, 13.388426, 5.389389, 1523438661939.3140
9.234779, 13.335352, 5.398919, 1523438662022.2061
9.182855, 13.278191, 5.404054, 1523438662105.4214
9.131119, 13.22591, 5.410034, 1523438662188.7285
9.087488, 13.168182, 5.405279, 1523438662272.2659
9.048315, 13.104543, 5.395664, 1523438662356.2180
9.023031, 13.037233, 5.386922, 1523438662440.3083
8.99684, 12.959052, 5.384658, 1523438662524.5833
8.980041, 12.88855, 5.399748, 1523438662609.1345
8.954715, 12.813896, 5.398854, 1523438662693.5012
8.931371, 12.721032, 5.382068, 1523438662777.1770
8.932221, 12.656921, 5.39612, 1523438662860.3459
8.927402, 12.611507, 5.387908, 1523438662943.2847
8.909825, 12.564593, 5.370093, 1523438663026.1770
8.879825, 12.526936, 5.338391, 1523438663109.1155
8.853293, 12.500308, 5.307586, 1523438663192.0542
8.819985, 12.471828, 5.2655, 1523438663275.1311
8.778132, 12.418579, 5.233857, 1523438663358.4382
8.749726, 12.343773, 5.213686, 1523438663442.1604
8.731075, 12.268334, 5.202667, 1523438663525.9282
8.722749, 12.201166, 5.185764, 1523438663609.9727
8.714448, 12.140304, 5.156857, 1523438663694.1096
8.706229, 12.090542, 5.114372, 1523438663778.2002
8.714349, 12.031222, 5.066745, 1523438663861.9683
8.734784, 11.966231, 5.037471, 1523438663945.3674
8.757365, 11.900438, 5.024835, 1523438664028.4441
8.769802, 11.835866, 5.017628, 1523438664111.2446
8.773497, 11.789602, 5.005765, 1523438664193.7686
8.766003, 11.740194, 4.963273, 1523438664276.2463
8.744686, 11.688828, 4.914744, 1523438664358.7239
8.715134, 11.646739, 4.875422, 1523438664441.5703
8.68147, 11.596717, 4.839945, 1523438664524.6934
8.658349, 11.520793, 4.82408, 1523438664608.2769
8.644754, 11.47157, 4.837865, 1523438664692.0449
8.637013, 11.420937, 4.82479, 1523438664775.9512
8.632374, 11.362604, 4.784063, 1523438664859.8113
8.619162, 11.297504, 4.724329, 1523438664943.4873
8.63783, 11.224525, 4.678558, 1523438665026.7947
8.656436, 11.15034, 4.644772, 1523438665109.8713
8.659402, 11.087451, 4.639362, 1523438665192.7178
8.661589, 11.04001, 4.638022, 1523438665275.1956
8.650614, 10.982369, 4.602121, 1523438665357.5349
8.633693, 10.926101, 4.547388, 1523438665439.9668
8.609875, 10.877143, 4.49386, 1523438665522.5369
8.570519, 10.799644, 4.450033, 1523438665605.5215
8.538272, 10.730231, 4.436153, 1523438665689.1052
8.51935, 10.677188, 4.440156, 1523438665772.9656
8.517856, 10.614074, 4.431777, 1523438665856.8718
8.515262, 10.563075, 4.392413, 1523438665940.7314
8.520935, 10.506351, 4.339636, 1523438666024.1311
8.542699, 10.446422, 4.291655, 1523438666107.2078
8.549561, 10.381179, 4.265958, 1523438666190.0537
8.544714, 10.331635, 4.273634, 1523438666272.8542
8.543753, 10.287908, 4.271879, 1523438666355.5164
8.534786, 10.235642, 4.238104, 1523438666438.2246
8.517253, 10.185183, 4.190285, 1523438666521.0710
8.491986, 10.137141, 4.146884, 1523438666604.1477
8.452544, 10.07139, 4.097247, 1523438666687.6392
8.415794, 9.988711, 4.074526, 1523438666771.5452
8.413615, 9.921945, 4.070449, 1523438666855.6355
8.417164, 9.866111, 4.059254, 1523438666939.7256
8.415921, 9.807337, 4.021451, 1523438667023.5857
8.419981, 9.738572, 3.965307, 1523438667107.2615
8.437542, 9.670965, 3.913524, 1523438667190.5681
8.458506, 9.60096, 3.886668, 1523438667273.5527
8.461474, 9.537667, 3.884467, 1523438667356.2610
8.467875, 9.488584, 3.880932, 1523438667438.8308
8.458029, 9.435689, 3.856783, 1523438667521.4927
8.437535, 9.385281, 3.814701, 1523438667604.2468
8.421422, 9.34145, 3.763681, 1523438667687.1392
8.399746, 9.286756, 3.725506, 1523438667770.2615
8.380649, 9.215429, 3.705335, 1523438667853.8455
8.364447, 9.154267, 3.70663, 1523438667937.9360
8.354385, 9.104077, 3.698859, 1523438668022.2566
8.357459, 9.054601, 3.661467, 1523438668106.4395
8.365335, 9.000161, 3.605121, 1523438668190.3455
8.385809, 8.941744, 3.548892, 1523438668273.7908
8.405679, 8.88034, 3.512423, 1523438668356.9597
8.412198, 8.827206, 3.510116, 1523438668439.9905
8.405043, 8.778932, 3.502247, 1523438668522.8826
8.401387, 8.727726, 3.487517, 1523438668605.7288
8.384308, 8.671206, 3.443331, 1523438668688.3447
8.371172, 8.616818, 3.393497, 1523438668771.0986
8.341352, 8.55504, 3.351187, 1523438668854.1292
8.331319, 8.489799, 3.341684, 1523438668937.2981
8.328943, 8.439519, 3.349097, 1523438669020.8354
8.322572, 8.390299, 3.336085, 1523438669104.7412
8.335706, 8.327748, 3.293874, 1523438669188.4629
8.354017, 8.266322, 3.233298, 1523438669271.9082
8.37394, 8.203223, 3.179631, 1523438669354.9854
8.395399, 8.14091, 3.146326, 1523438669437.8315
8.40616, 8.08543, 3.142625, 1523438669520.6782
8.402491, 8.032476, 3.133651, 1523438669603.3401
8.400617, 7.976271, 3.102231, 1523438669686.0483
8.388889, 7.922663, 3.05793, 1523438669768.8489
8.368156, 7.868346, 3.008346, 1523438669851.9717
8.347733, 7.810582, 2.971127, 1523438669935.4172
8.321275, 7.748123, 2.955972, 1523438670019.0469
8.317945, 7.695947, 2.962873, 1523438670103.0452
8.309878, 7.641395, 2.952134, 1523438670187.1355
8.316837, 7.583742, 2.913949, 1523438670271.0874
8.324988, 7.525032, 2.866091, 1523438670354.6711
8.344601, 7.461396, 2.82205, 1523438670437.7478
8.355225, 7.394296, 2.790092, 1523438670520.5020
8.362287, 7.329746, 2.781877, 1523438670603.1641
8.362538, 7.277315, 2.779382, 1523438670685.6880
8.366505, 7.221351, 2.749597, 1523438670768.1196
8.355222, 7.161805, 2.695302, 1523438670850.6436
8.344285, 7.110057, 2.642361, 1523438670933.4897
8.316451, 7.048349, 2.599141, 1523438671016.7048
8.294378, 6.977989, 2.582149, 1523438671100.2886
8.296439, 6.918734, 2.585837, 1523438671184.1943
8.301332, 6.875316, 2.576084, 1523438671268.3770
8.311252, 6.831033, 2.541385, 1523438671352.5134
8.310698, 6.776521, 2.499273, 1523438671436.6499
8.321665, 6.722736, 2.44281, 1523438671520.2334
8.346465, 6.660176, 2.410663, 1523438671603.3564
8.352442, 6.60504, 2.408759, 1523438671686.3413
8.355527, 6.55126, 2.412148, 1523438671769.1414
8.353459, 6.496592, 2.394961, 1523438671851.8953
8.346628, 6.433725, 2.354183, 1523438671934.6033
8.329175, 6.370797, 2.305877, 1523438672017.4958
8.305934, 6.301893, 2.271455, 1523438672100.6643
8.295182, 6.224928, 2.243878, 1523438672184.1096
8.292577, 6.136746, 2.239407, 1523438672267.6011
8.297714, 6.056716, 2.253711, 1523438672351.0464
8.294377, 5.978941, 2.271176, 1523438672434.6299
8.295835, 5.891177, 2.250834, 1523438672518.2595
8.312864, 5.808287, 2.238755, 1523438672601.8428
8.316188, 5.725874, 2.239877, 1523438672685.8867
8.311293, 5.642166, 2.225725, 1523438672769.8850
8.313021, 5.5571, 2.213818, 1523438672853.7449
8.305974, 5.476563, 2.214418, 1523438672937.1904
8.290526, 5.393514, 2.19845, 1523438673020.4053
8.275915, 5.292758, 2.156933, 1523438673103.3433
8.244883, 5.196322, 2.106814, 1523438673186.3738
8.21929, 5.128096, 2.074456, 1523438673269.1738
8.200862, 5.033357, 2.043366, 1523438673351.6975
8.179915, 4.902752, 2.016672, 1523438673434.5437
8.131747, 4.77158, 2.037347, 1523438673517.7124
8.098259, 4.651237, 2.045928, 1523438673601.2495
8.083588, 4.535669, 2.029212, 1523438673684.5103
8.062383, 4.424109, 2.014473, 1523438673767.8630
8.011316, 4.33823, 2.018799, 1523438673851.8611
7.982371, 4.246546, 2.038033, 1523438673935.6289
7.954827, 4.158226, 2.08224, 1523438674019.0740
7.907237, 4.06477, 2.058398, 1523438674102.1042
7.874532, 3.977893, 2.04409, 1523438674184.7202
7.840477, 3.892677, 2.018681, 1523438674267.1516
7.770409, 3.823309, 2.02533, 1523438674349.3066
7.729581, 3.726463, 2.031527, 1523438674431.3235
7.688238, 3.665916, 2.052992, 1523438674514.0776
7.637896, 3.600264, 2.061391, 1523438674597.3845
7.585629, 3.518193, 2.044416, 1523438674680.8752
7.528551, 3.453245, 2.038571, 1523438674764.5510
7.483331, 3.376449, 2.031626, 1523438674848.0884
7.437243, 3.298437, 2.044338, 1523438674931.7639
7.353834, 3.229436, 2.040262, 1523438675015.9468
7.280389, 3.167727, 2.045707, 1523438675099.9448
7.211614, 3.107254, 2.049559, 1523438675183.5742
7.1496, 3.048578, 2.036665, 1523438675266.6509
7.087026, 2.986763, 2.040395, 1523438675349.3591
7.022162, 2.954643, 2.038601, 1523438675431.8826
6.971595, 2.917139, 2.045856, 1523438675514.0376
6.922328, 2.878462, 2.05594, 1523438675596.0547
6.859031, 2.848317, 2.059584, 1523438675678.3938
6.797471, 2.811756, 2.067748, 1523438675761.1016
6.730319, 2.764581, 2.054532, 1523438675844.1785
6.655567, 2.721994, 2.043843, 1523438675927.5315
6.600866, 2.669164, 2.037842, 1523438676011.0227
6.531384, 2.626685, 2.037711, 1523438676094.5601
6.473925, 2.564255, 2.04724, 1523438676178.0054
6.40789, 2.518862, 2.065712, 1523438676261.8191
6.334665, 2.502633, 2.062394, 1523438676345.7710
6.253426, 2.4626, 2.032982, 1523438676429.6772
6.183018, 2.437214, 2.042362, 1523438676513.4912
6.115611, 2.414426, 2.043374, 1523438676596.7981
6.041488, 2.405925, 2.035303, 1523438676679.8745
5.968371, 2.411574, 2.033247, 1523438676762.7207
5.897856, 2.41801, 2.036695, 1523438676845.4287
5.832664, 2.421303, 2.045272, 1523438676927.8604
5.769898, 2.40416, 2.048511, 1523438677010.2920
5.704315, 2.406214, 2.058195, 1523438677092.9536
5.632765, 2.389221, 2.065572, 1523438677175.7998
5.563731, 2.374452, 2.055198, 1523438677258.9224
5.496942, 2.367133, 2.049721, 1523438677342.4138
5.443862, 2.358843, 2.059248, 1523438677426.0889
5.389524, 2.344168, 2.057051, 1523438677509.9031
5.329484, 2.341294, 2.058445, 1523438677593.9014
5.268342, 2.330086, 2.053683, 1523438677677.5764
5.218277, 2.32091, 2.065821, 1523438677761.0220
5.163245, 2.338331, 2.078931, 1523438677844.1909
5.12176, 2.350664, 2.073204, 1523438677927.0833
5.09425, 2.37057, 2.070544, 1523438678009.7913
5.067282, 2.385834, 2.066834, 1523438678092.0847
5.027502, 2.402832, 2.056577, 1523438678174.3774
4.990479, 2.416792, 2.073658, 1523438678256.9016
4.973402, 2.432882, 2.083777, 1523438678339.8860
4.970046, 2.444749, 2.06689, 1523438678423.3313
4.967091, 2.450643, 2.073576, 1523438678507.1453
4.960221, 2.441864, 2.067075, 1523438678591.0051
4.968047, 2.446537, 2.055595, 1523438678674.8191
4.954868, 2.443374, 2.079318, 1523438678758.6794
4.949342, 2.444748, 2.07907, 1523438678842.5854
4.945534, 2.440989, 2.078408, 1523438678926.5376
4.937042, 2.443065, 2.068748, 1523438679010.2595
4.928627, 2.44401, 2.073401, 1523438679093.8428
4.928576, 2.438959, 2.067509, 1523438679177.1956
4.934888, 2.42616, 2.088099, 1523438679260.3184
4.927731, 2.425705, 2.075341, 1523438679343.1648
4.926791, 2.411893, 2.094294, 1523438679425.9189
4.928248, 2.396419, 2.094595, 1523438679508.7654
4.933776, 2.382912, 2.073871, 1523438679591.8420
4.936651, 2.369536, 2.073611, 1523438679675.0107
4.937365, 2.354672, 2.069932, 1523438679758.3640
4.937353, 2.342504, 2.065398, 1523438679841.8091
4.945317, 2.333532, 2.07277, 1523438679925.4390
4.944478, 2.320543, 2.066652, 1523438680009.1606
4.946526, 2.314978, 2.066303, 1523438680092.8364
4.949304, 2.315056, 2.060772, 1523438680176.4194
