1523451071772.0000
8.564738, 3.033558, 2.000018, 1523451071772.0000
8.542978, 3.091372, 2.003497, 1523451071855.4033
8.504833, 3.129313, 1.98978, 1523451071938.4839
8.498647, 3.216517, 1.990894, 1523451072021.2881
8.478234, 3.280772, 2.001071, 1523451072103.8154
8.50074, 3.342846, 2.017209, 1523451072186.2500
8.482584, 3.40779, 2.019083, 1523451072268.5474
8.43532, 3.454939, 2.010383, 1523451072350.8906
8.420813, 3.530022, 2.01725, 1523451072433.3252
8.401303, 3.60371, 2.012949, 1523451072515.9448
8.375943, 3.683448, 1.998162, 1523451072598.8413
8.343027, 3.770829, 1.991176, 1523451072681.9214
8.304373, 3.85374, 1.994269, 1523451072765.0479
8.269947, 3.932526, 2.003112, 1523451072848.2202
8.250921, 4.011859, 2.011007, 1523451072931.8535
8.244746, 4.101207, 2.01348, 1523451073015.6709
8.252304, 4.186107, 1.993118, 1523451073099.3042
8.243534, 4.270421, 1.987185, 1523451073182.6616
8.236289, 4.357201, 1.9814, 1523451073265.6494
8.237975, 4.441793, 1.986115, 1523451073348.4995
8.249115, 4.52588, 1.99887, 1523451073431.3955
8.263104, 4.590233, 2.009194, 1523451073514.4297
8.258677, 4.668922, 2.013952, 1523451073597.5098
8.245367, 4.747251, 2.022464, 1523451073680.7285
8.24197, 4.828824, 2.017242, 1523451073764.0854
8.232632, 4.915249, 1.993526, 1523451073847.4883
8.226898, 5.002538, 1.989196, 1523451073931.0298
8.210829, 5.108219, 1.995063, 1523451074014.7090
8.195795, 5.199377, 2.002572, 1523451074098.5264
8.206607, 5.291488, 2.003307, 1523451074182.5747
8.22359, 5.384689, 2.012448, 1523451074266.6226
8.239143, 5.473885, 2.010149, 1523451074350.3481
8.249368, 5.57008, 2.004096, 1523451074433.6128
8.256993, 5.664103, 1.997588, 1523451074516.4165
8.272683, 5.756267, 2.018087, 1523451074598.9443
8.295639, 5.832401, 2.04149, 1523451074681.4717
8.304082, 5.903275, 2.071624, 1523451074763.9990
8.313, 5.977777, 2.101001, 1523451074846.5728
8.312689, 6.043275, 2.124445, 1523451074929.4683
8.315946, 6.1023, 2.145315, 1523451075012.6875
8.311507, 6.164059, 2.158103, 1523451075096.1362
8.307311, 6.219126, 2.164505, 1523451075179.6313
8.302992, 6.272288, 2.177752, 1523451075263.2646
8.295865, 6.326221, 2.189228, 1523451075347.1748
8.286505, 6.380534, 2.199111, 1523451075431.1768
8.268221, 6.446471, 2.194047, 1523451075514.8560
8.257438, 6.509354, 2.195077, 1523451075598.0747
8.252901, 6.564894, 2.194297, 1523451075681.1089
8.264131, 6.624615, 2.195391, 1523451075764.0049
8.270207, 6.691411, 2.201811, 1523451075846.7627
8.283676, 6.759376, 2.222892, 1523451075929.3364
8.295305, 6.817072, 2.266714, 1523451076011.8633
8.300792, 6.885689, 2.286221, 1523451076094.3906
8.317063, 6.941308, 2.315011, 1523451076177.1025
8.322123, 6.998425, 2.334966, 1523451076259.9985
8.314199, 7.047716, 2.341463, 1523451076343.0332
8.30358, 7.10434, 2.346337, 1523451076426.4819
8.315529, 7.171079, 2.352182, 1523451076510.4370
8.320941, 7.223924, 2.380631, 1523451076594.6235
8.308887, 7.277325, 2.429934, 1523451076678.7178
8.299571, 7.320927, 2.471519, 1523451076762.7192
8.298379, 7.364845, 2.508941, 1523451076846.5830
8.312201, 7.402334, 2.539598, 1523451076930.2622
8.32021, 7.450564, 2.558058, 1523451077013.7109
8.329728, 7.499442, 2.55974, 1523451077096.8369
8.338699, 7.549116, 2.586111, 1523451077179.6411
8.353951, 7.590353, 2.613158, 1523451077262.3525
8.380538, 7.632438, 2.656603, 1523451077344.9258
8.393965, 7.673787, 2.687086, 1523451077427.5908
8.396808, 7.728505, 2.714399, 1523451077510.2563
8.383587, 7.785858, 2.728105, 1523451077592.9219
8.371218, 7.851352, 2.727937, 1523451077675.7256
8.365139, 7.913402, 2.727743, 1523451077758.9897
8.375278, 7.972898, 2.745236, 1523451077842.7148
8.362525, 8.037215, 2.779852, 1523451077926.4399
8.343216, 8.086614, 2.822852, 1523451078010.3037
8.334763, 8.135541, 2.855745, 1523451078094.4893
8.353341, 8.161534, 2.885707, 1523451078178.7676
8.362773, 8.200888, 2.902673, 1523451078262.8154
8.365643, 8.251293, 2.910443, 1523451078346.4482
8.372338, 8.304041, 2.917744, 1523451078429.6211
8.374803, 8.357118, 2.936154, 1523451078512.5166
8.391092, 8.400163, 2.991389, 1523451078595.3662
8.400753, 8.434717, 3.026195, 1523451078678.0776
8.392115, 8.479558, 3.07462, 1523451078760.6509
8.369133, 8.521646, 3.107901, 1523451078843.0859
8.347505, 8.570629, 3.121047, 1523451078925.6133
8.329604, 8.631965, 3.117159, 1523451079008.5552
8.332908, 8.692332, 3.114958, 1523451079092.0957
8.326683, 8.749818, 3.145797, 1523451079175.8672
8.30701, 8.799881, 3.194435, 1523451079259.7769
8.296937, 8.846844, 3.233866, 1523451079343.9165
8.297342, 8.880463, 3.285257, 1523451079427.9644
8.288666, 8.912076, 3.311612, 1523451079511.6895
8.280432, 8.955871, 3.307518, 1523451079595.1382
8.281131, 9.009378, 3.301678, 1523451079678.3105
8.282728, 9.067863, 3.312576, 1523451079761.3447
8.29941, 9.113935, 3.349263, 1523451079844.3325
8.32699, 9.156423, 3.394506, 1523451079927.2285
8.334124, 9.200541, 3.437608, 1523451080009.9858
8.330044, 9.241283, 3.468867, 1523451080092.7437
8.32595, 9.288617, 3.481981, 1523451080175.7773
8.322797, 9.342966, 3.475746, 1523451080258.9497
8.312451, 9.404136, 3.474666, 1523451080342.1680
8.298608, 9.466667, 3.485967, 1523451080425.4326
8.281406, 9.530761, 3.52244, 1523451080508.9736
8.269808, 9.578554, 3.567473, 1523451080592.8369
8.261421, 9.609303, 3.610776, 1523451080676.8853
8.258041, 9.636285, 3.65686, 1523451080760.6562
8.253557, 9.675846, 3.677023, 1523451080844.1050
8.254788, 9.716444, 3.66715, 1523451080927.4160
8.257721, 9.772155, 3.664027, 1523451081010.5420
8.251657, 9.833692, 3.6668, 1523451081093.4380
8.263901, 9.889325, 3.703495, 1523451081176.3340
8.279657, 9.939199, 3.748687, 1523451081259.1377
8.285851, 9.986477, 3.790096, 1523451081341.8491
8.288559, 10.026828, 3.825476, 1523451081424.6069
8.279036, 10.068989, 3.837862, 1523451081507.4106
8.264244, 10.125016, 3.835649, 1523451081590.3525
8.247134, 10.19047, 3.839356, 1523451081673.4785
8.23806, 10.254423, 3.860538, 1523451081756.9272
8.225226, 10.314357, 3.90463, 1523451081840.6987
8.221793, 10.362646, 3.950128, 1523451081924.8389
8.228889, 10.406693, 3.998739, 1523451082009.1167
8.231934, 10.447762, 4.027313, 1523451082093.1641
8.238763, 10.502151, 4.038035, 1523451082176.7520
8.239895, 10.560482, 4.032794, 1523451082259.8779
8.248423, 10.620727, 4.049934, 1523451082342.7280
8.25489, 10.678452, 4.092048, 1523451082425.3013
8.253073, 10.726844, 4.138086, 1523451082507.7358
8.250985, 10.772474, 4.174191, 1523451082590.2632
8.254464, 10.815859, 4.197979, 1523451082672.9746
8.249705, 10.868609, 4.196585, 1523451082755.7324
8.235918, 10.920746, 4.197814, 1523451082838.6748
8.234874, 10.981431, 4.204096, 1523451082921.8472
8.231917, 11.0445, 4.237251, 1523451083005.4346
8.226914, 11.104741, 4.28571, 1523451083089.4360
8.227714, 11.151885, 4.325567, 1523451083173.7144
8.243726, 11.199207, 4.365318, 1523451083258.0850
8.256296, 11.240002, 4.387984, 1523451083342.1328
8.266944, 11.28393, 4.399561, 1523451083425.6738
8.270454, 11.336946, 4.404693, 1523451083508.6621
8.276029, 11.391807, 4.432834, 1523451083591.2812
8.283026, 11.438838, 4.4748, 1523451083673.8550
8.286098, 11.486999, 4.511554, 1523451083756.1060
8.284081, 11.532278, 4.551072, 1523451083838.2646
8.281294, 11.57697, 4.577247, 1523451083920.7002
8.281033, 11.622668, 4.578808, 1523451084003.5498
8.284069, 11.678519, 4.582727, 1523451084086.7686
8.28466, 11.732032, 4.593718, 1523451084170.2173
8.275564, 11.783295, 4.628873, 1523451084253.8970
8.265161, 11.829397, 4.672919, 1523451084337.7603
8.261476, 11.876773, 4.7214, 1523451084421.7622
8.255873, 11.913285, 4.762797, 1523451084505.5796
8.242661, 11.951937, 4.785777, 1523451084588.9365
8.230266, 11.999896, 4.782067, 1523451084672.1548
8.225418, 12.056354, 4.77173, 1523451084755.1895
8.220497, 12.115179, 4.785148, 1523451084838.0854
8.21105, 12.159688, 4.82218, 1523451084920.7969
8.209505, 12.202655, 4.870618, 1523451085003.4170
8.207103, 12.243548, 4.904948, 1523451085086.1748
8.192367, 12.282965, 4.938872, 1523451085169.0249
8.170019, 12.330751, 4.944997, 1523451085252.0127
8.150506, 12.382351, 4.954745, 1523451085335.1392
8.13966, 12.446245, 4.956658, 1523451085418.6802
8.132422, 12.507407, 4.984622, 1523451085502.5439
8.119264, 12.561167, 5.027291, 1523451085586.5459
8.107307, 12.603976, 5.074955, 1523451085670.6396
8.103724, 12.636251, 5.113089, 1523451085754.7793
8.100795, 12.664097, 5.142434, 1523451085838.6895
8.096525, 12.696167, 5.152467, 1523451085922.3682
8.095063, 12.744396, 5.153472, 1523451086005.8169
8.082859, 12.799845, 5.151967, 1523451086088.7588
8.064151, 12.856295, 5.159709, 1523451086171.2861
8.06, 12.910391, 5.177083, 1523451086253.8594
8.057473, 12.956467, 5.209662, 1523451086336.4326
8.050022, 12.992286, 5.248211, 1523451086419.0059
8.04366, 13.028118, 5.281125, 1523451086501.6714
8.025065, 13.057606, 5.317451, 1523451086584.6138
8.006927, 13.088207, 5.331293, 1523451086667.6938
7.979939, 13.12596, 5.33333, 1523451086750.6362
7.947027, 13.170307, 5.328456, 1523451086833.6240
7.919023, 13.202106, 5.3392, 1523451086916.8887
7.887633, 13.233337, 5.34423, 1523451087000.3838
7.859707, 13.272084, 5.358267, 1523451087083.9712
7.824111, 13.305775, 5.364105, 1523451087167.6045
7.779329, 13.3518, 5.362409, 1523451087251.0073
7.738561, 13.388581, 5.360987, 1523451087334.0879
7.705371, 13.425881, 5.36182, 1523451087417.0757
7.668311, 13.474609, 5.352242, 1523451087500.2476
7.62776, 13.52402, 5.34591, 1523451087583.4204
7.592464, 13.566084, 5.355391, 1523451087666.5005
7.553955, 13.599392, 5.355252, 1523451087749.6724
7.519254, 13.64214, 5.358322, 1523451087832.9834
7.473749, 13.675742, 5.348454, 1523451087916.3857
7.424739, 13.712119, 5.348177, 1523451088000.0190
7.377579, 13.741096, 5.34598, 1523451088083.9292
7.333417, 13.767424, 5.349143, 1523451088167.9766
7.277924, 13.799837, 5.34594, 1523451088252.0249
7.213531, 13.814413, 5.33245, 1523451088335.9800
7.142524, 13.821479, 5.330506, 1523451088419.8438
7.066884, 13.82462, 5.337712, 1523451088503.3848
7.007366, 13.829189, 5.355182, 1523451088586.8794
6.942565, 13.844381, 5.353032, 1523451088670.5132
6.882666, 13.861328, 5.357279, 1523451088754.1460
6.82673, 13.876364, 5.362524, 1523451088837.6406
6.770856, 13.889654, 5.364783, 1523451088920.8594
6.708021, 13.902116, 5.36751, 1523451089003.8472
6.63595, 13.914446, 5.366476, 1523451089086.5586
6.569182, 13.930085, 5.380453, 1523451089169.1782
6.516969, 13.953835, 5.42024, 1523451089251.8896
6.469151, 13.977807, 5.450282, 1523451089334.6011
6.422819, 14.005633, 5.483947, 1523451089417.4048
6.364688, 14.011068, 5.510219, 1523451089500.3931
6.314642, 14.014069, 5.519341, 1523451089583.4268
6.263171, 14.01326, 5.516257, 1523451089666.6914
6.202707, 14.024799, 5.511105, 1523451089750.0942
6.145661, 14.027912, 5.523895, 1523451089833.6353
6.099669, 14.014981, 5.565803, 1523451089917.3145
6.057801, 14.014122, 5.599188, 1523451090001.4087
6.01581, 14.03069, 5.651718, 1523451090085.6406
5.987141, 14.041137, 5.679015, 1523451090169.6426
5.949877, 14.04767, 5.686748, 1523451090253.2759
5.895822, 14.055923, 5.688155, 1523451090336.5400
5.842558, 14.054356, 5.693218, 1523451090419.3901
5.779357, 14.052794, 5.718366, 1523451090501.9175
5.729718, 14.056309, 5.756331, 1523451090584.2139
5.675934, 14.062737, 5.797097, 1523451090666.2808
5.639638, 14.064925, 5.822336, 1523451090748.3931
5.599098, 14.064725, 5.841682, 1523451090830.6899
5.552245, 14.054719, 5.847169, 1523451090913.1714
5.499662, 14.043007, 5.854037, 1523451090995.8828
5.449641, 14.036634, 5.86629, 1523451091079.1011
5.397716, 14.033574, 5.902946, 1523451091162.8267
5.364354, 14.035008, 5.951269, 1523451091246.9204
5.324032, 14.035069, 5.998394, 1523451091331.1992
5.286823, 14.034167, 6.045171, 1523451091415.3394
5.239701, 14.040321, 6.053292, 1523451091499.1104
5.189128, 14.04392, 6.053094, 1523451091582.4214
5.133729, 14.044408, 6.051384, 1523451091665.2710
5.082039, 14.048081, 6.070606, 1523451091747.8906
5.025111, 14.060612, 6.113932, 1523451091830.4175
4.973413, 14.069688, 6.152177, 1523451091912.8525
4.927574, 14.076551, 6.192172, 1523451091995.3799
4.879179, 14.086705, 6.212199, 1523451092078.1836
4.825859, 14.081472, 6.212574, 1523451092161.1719
4.770331, 14.085277, 6.20486, 1523451092244.3438
4.714246, 14.08041, 6.219413, 1523451092327.7930
4.659812, 14.069301, 6.252446, 1523451092411.4717
4.614236, 14.062961, 6.300581, 1523451092495.5195
4.578923, 14.066566, 6.349882, 1523451092579.8896
4.544384, 14.06816, 6.389034, 1523451092664.0757
4.514026, 14.067993, 6.402866, 1523451092747.9390
4.473627, 14.068454, 6.394256, 1523451092831.4795
4.423936, 14.072164, 6.384853, 1523451092914.7900
4.351784, 14.067759, 6.394388, 1523451092997.9160
4.287574, 14.068547, 6.436258, 1523451093080.7197
4.227497, 14.065539, 6.474551, 1523451093163.1548
4.183394, 14.05708, 6.514968, 1523451093245.3135
4.140047, 14.046795, 6.542885, 1523451093327.6104
4.09316, 14.025957, 6.555254, 1523451093410.1377
4.045108, 14.006912, 6.5597, 1523451093492.8950
3.994642, 14.000443, 6.569413, 1523451093576.1133
3.937153, 13.989063, 6.593616, 1523451093659.8384
3.886703, 13.977715, 6.636336, 1523451093743.8403
3.83576, 13.967058, 6.684571, 1523451093827.9800
3.79777, 13.962451, 6.729971, 1523451093911.9814
3.765231, 13.955378, 6.754272, 1523451093995.7065
3.713607, 13.949173, 6.752394, 1523451094079.1094
3.661182, 13.940756, 6.747405, 1523451094162.0513
3.596559, 13.924877, 6.754927, 1523451094244.7163
3.528319, 13.920115, 6.777171, 1523451094327.2896
3.479158, 13.912991, 6.826167, 1523451094409.9092
3.43528, 13.909886, 6.871696, 1523451094492.6211
3.395847, 13.907557, 6.894237, 1523451094575.6089
3.35925, 13.888625, 6.912763, 1523451094658.8271
3.308984, 13.864798, 6.910861, 1523451094742.1377
3.261378, 13.846097, 6.900941, 1523451094825.6787
3.203201, 13.82491, 6.89114, 1523451094909.4961
3.14429, 13.799229, 6.890521, 1523451094993.4517
3.090944, 13.753881, 6.916548, 1523451095077.3613
3.04281, 13.720296, 6.913632, 1523451095161.3174
2.972599, 13.690483, 6.918589, 1523451095245.1807
2.898685, 13.655701, 6.923169, 1523451095328.7681
2.826879, 13.615193, 6.922995, 1523451095411.9863
2.765668, 13.581131, 6.924184, 1523451095494.7437
2.695211, 13.540154, 6.927439, 1523451095577.2710
2.6361, 13.515934, 6.951968, 1523451095659.7520
2.571162, 13.50076, 6.995774, 1523451095742.4175
2.519559, 13.487133, 7.040061, 1523451095825.0366
2.462641, 13.459297, 7.074426, 1523451095907.8403
2.417711, 13.433313, 7.090963, 1523451095990.9668
2.364226, 13.396237, 7.088544, 1523451096074.3691
2.312189, 13.354395, 7.086585, 1523451096157.9565
2.26895, 13.307827, 7.096567, 1523451096241.5894
2.235646, 13.254268, 7.132102, 1523451096325.4067
2.204921, 13.214521, 7.168192, 1523451096409.5005
2.181089, 13.193941, 7.212764, 1523451096493.8247
2.155879, 13.174264, 7.243978, 1523451096577.9648
2.131628, 13.14246, 7.258718, 1523451096661.7363
2.094901, 13.09718, 7.258196, 1523451096745.2310
2.06002, 13.050111, 7.25669, 1523451096828.5415
2.025746, 13.016356, 7.273238, 1523451096911.5757
1.984675, 12.989339, 7.31498, 1523451096994.4717
1.956149, 12.960103, 7.363488, 1523451097077.0908
1.933623, 12.924979, 7.403618, 1523451097159.6646
1.914953, 12.89206, 7.426785, 1523451097242.2842
1.89245, 12.85097, 7.424689, 1523451097325.0874
1.855975, 12.800866, 7.420017, 1523451097407.9829
1.82891, 12.74747, 7.423506, 1523451097491.1094
1.796668, 12.676254, 7.447604, 1523451097574.3735
1.781034, 12.61726, 7.489985, 1523451097657.6836
1.766515, 12.584044, 7.543168, 1523451097741.3164
1.74721, 12.559765, 7.588161, 1523451097824.9492
1.734293, 12.524798, 7.616049, 1523451097908.3984
1.722789, 12.478861, 7.615676, 1523451097991.7085
1.703546, 12.426941, 7.609934, 1523451098075.2036
1.67888, 12.369275, 7.600794, 1523451098158.6060
1.658498, 12.319598, 7.613121, 1523451098241.7324
1.627672, 12.266354, 7.629048, 1523451098324.7202
1.595928, 12.224813, 7.628338, 1523451098407.8003
1.573809, 12.148191, 7.616161, 1523451098490.8804
1.564951, 12.078181, 7.616835, 1523451098573.6841
1.557639, 11.993731, 7.609911, 1523451098656.5337
1.550166, 11.916069, 7.604207, 1523451098739.6602
1.54324, 11.829535, 7.609984, 1523451098823.1548
1.537634, 11.744398, 7.620737, 1523451098906.7871
1.550467, 11.660891, 7.656567, 1523451098990.5122
1.554374, 11.60853, 7.701999, 1523451099074.4683
1.545019, 11.555466, 7.749144, 1523451099158.5615
1.541369, 11.510248, 7.773352, 1523451099242.4712
1.543148, 11.447102, 7.780702, 1523451099326.0576
1.549883, 11.383376, 7.775849, 1523451099409.3223
1.550917, 11.316216, 7.788553, 1523451099492.3560
1.538419, 11.263988, 7.825585, 1523451099575.3901
1.530707, 11.208898, 7.862384, 1523451099658.1475
1.541652, 11.16255, 7.89776, 1523451099740.6743
1.558359, 11.112639, 7.923171, 1523451099823.1089
1.575373, 11.065205, 7.925666, 1523451099905.8667
1.587296, 11.012571, 7.924446, 1523451099988.9927
1.595286, 10.961268, 7.926656, 1523451100072.3032
1.608313, 10.894861, 7.943421, 1523451100155.8901
1.623144, 10.816585, 7.970458, 1523451100239.7993
1.624782, 10.739495, 8.012132, 1523451100324.0312
1.621158, 10.682885, 8.065586, 1523451100408.3555
1.609312, 10.644128, 8.100801, 1523451100492.4951
1.597465, 10.603744, 8.11791, 1523451100576.4502
1.58765, 10.555036, 8.131084, 1523451100660.0371
1.592167, 10.495892, 8.143458, 1523451100742.9790
1.599086, 10.437304, 8.166689, 1523451100825.3213
1.600535, 10.390301, 8.214793, 1523451100907.2954
1.598153, 10.347063, 8.261341, 1523451100989.2695
1.595699, 10.310897, 8.297609, 1523451101071.5664
1.605988, 10.269084, 8.312245, 1523451101153.9551
1.622136, 10.225307, 8.308994, 1523451101236.3438
1.634431, 10.166041, 8.304972, 1523451101319.0088
1.643565, 10.094615, 8.311088, 1523451101402.1348
1.657193, 10.028339, 8.350715, 1523451101485.6758
1.676201, 9.984692, 8.398222, 1523451101569.4463
1.691246, 9.938658, 8.448594, 1523451101653.4019
1.693315, 9.893036, 8.488812, 1523451101737.4956
1.688075, 9.846588, 8.504468, 1523451101821.4048
1.693343, 9.782394, 8.497143, 1523451101905.0376
1.699614, 9.715802, 8.488554, 1523451101988.2095
1.699762, 9.641095, 8.505034, 1523451102071.2432
1.686954, 9.581002, 8.545846, 1523451102154.1392
1.689506, 9.530612, 8.599767, 1523451102236.6660
1.698717, 9.496877, 8.65626, 1523451102319.1011
1.706655, 9.460759, 8.692295, 1523451102401.8125
1.721834, 9.423316, 8.696651, 1523451102484.7080
1.732188, 9.377883, 8.69768, 1523451102567.8340
1.745919, 9.328177, 8.704231, 1523451102651.1445
1.771252, 9.258053, 8.73214, 1523451102734.6387
1.792795, 9.201259, 8.772628, 1523451102818.4102
1.801229, 9.162555, 8.812262, 1523451102902.4580
1.804527, 9.130638, 8.854093, 1523451102986.4595
1.809336, 9.1051, 8.874201, 1523451103070.1846
1.817542, 9.06074, 8.879302, 1523451103153.8174
1.828546, 9.006721, 8.885036, 1523451103237.3120
1.848915, 8.955503, 8.888278, 1523451103320.3462
1.867317, 8.905266, 8.894528, 1523451103402.9194
1.870509, 8.842725, 8.895706, 1523451103485.5386
1.86763, 8.773772, 8.893649, 1523451103568.3887
1.871517, 8.709551, 8.887793, 1523451103651.4683
1.890451, 8.646246, 8.883003, 1523451103734.6406
1.920802, 8.582617, 8.87429, 1523451103817.8589
1.966118, 8.50703, 8.876589, 1523451103901.2153
2.004962, 8.442083, 8.881417, 1523451103984.6177
2.064877, 8.37254, 8.899852, 1523451104068.1582
2.110881, 8.300927, 8.934161, 1523451104151.9756
2.136818, 8.248722, 8.976357, 1523451104236.1611
2.154411, 8.204686, 9.02149, 1523451104320.3931
2.177257, 8.166861, 9.051802, 1523451104404.3940
2.205877, 8.129657, 9.059893, 1523451104488.1196
2.238511, 8.086359, 9.060693, 1523451104571.4297
2.26974, 8.037877, 9.066829, 1523451104654.4175
2.275709, 7.987932, 9.121643, 1523451104737.4048
2.278606, 7.949832, 9.164807, 1523451104820.2544
2.291578, 7.91552, 9.207562, 1523451104902.9189
2.320409, 7.876493, 9.237172, 1523451104985.4922
2.349044, 7.837798, 9.244456, 1523451105068.2495
2.379872, 7.794015, 9.236934, 1523451105151.2827
2.415115, 7.744717, 9.229651, 1523451105234.4546
2.456879, 7.692918, 9.238372, 1523451105317.8110
2.50723, 7.647568, 9.267145, 1523451105401.4438
2.544791, 7.60699, 9.317453, 1523451105485.3530
2.565367, 7.580058, 9.372107, 1523451105569.4927
2.581619, 7.555301, 9.420345, 1523451105653.6318
2.595943, 7.539098, 9.436022, 1523451105737.4946
2.63069, 7.502381, 9.430948, 1523451105821.0815
2.667701, 7.463086, 9.427381, 1523451105904.3457
2.700244, 7.419518, 9.434256, 1523451105987.3794
2.721853, 7.36646, 9.466208, 1523451106070.3208
2.728694, 7.323434, 9.510341, 1523451106153.2622
2.734549, 7.29148, 9.562326, 1523451106235.9731
2.750812, 7.266003, 9.601861, 1523451106318.5459
2.769566, 7.246194, 9.62311, 1523451106400.9805
2.792801, 7.221043, 9.627578, 1523451106483.3228
2.825773, 7.189857, 9.613507, 1523451106565.7578
2.867436, 7.154451, 9.602493, 1523451106648.3770
2.9098, 7.121845, 9.597079, 1523451106731.3179
2.974008, 7.083243, 9.595168, 1523451106814.3975
3.046961, 7.049389, 9.604052, 1523451106897.4312
3.103856, 7.004631, 9.631943, 1523451106980.8794
3.140769, 6.956171, 9.641658, 1523451107064.9268
3.171958, 6.918704, 9.650974, 1523451107148.9277
3.217914, 6.881947, 9.651047, 1523451107232.5601
3.266788, 6.844841, 9.643469, 1523451107315.8701
3.304848, 6.800397, 9.650694, 1523451107399.0884
3.329239, 6.764428, 9.656979, 1523451107482.2139
3.370156, 6.730947, 9.663257, 1523451107565.0176
3.432797, 6.696811, 9.65843, 1523451107647.6821
3.483896, 6.674314, 9.65468, 1523451107730.5317
3.547954, 6.644083, 9.655302, 1523451107813.5654
3.621839, 6.616323, 9.644876, 1523451107896.7832
3.69287, 6.596299, 9.638828, 1523451107980.1855
3.753728, 6.596958, 9.644848, 1523451108063.7261
3.82661, 6.592842, 9.652146, 1523451108147.3589
3.88851, 6.584758, 9.654594, 1523451108231.3140
3.947672, 6.569393, 9.649013, 1523451108315.2690
4.006795, 6.5695, 9.649672, 1523451108398.8096
4.080876, 6.559463, 9.652641, 1523451108482.0273
4.153671, 6.551245, 9.638657, 1523451108565.1074
4.226907, 6.533589, 9.627588, 1523451108648.1870
4.290138, 6.511162, 9.647807, 1523451108731.2207
4.332177, 6.498275, 9.647555, 1523451108814.3462
4.38296, 6.493243, 9.646824, 1523451108897.4263
4.453805, 6.490089, 9.645885, 1523451108980.6904
4.522529, 6.489993, 9.648322, 1523451109064.1387
4.595635, 6.499278, 9.648557, 1523451109147.7715
4.672262, 6.509774, 9.652075, 1523451109231.5425
4.746012, 6.528912, 9.634485, 1523451109315.4512
4.815642, 6.553751, 9.635929, 1523451109399.2681
4.878688, 6.577229, 9.651117, 1523451109482.9468
4.93874, 6.587564, 9.652881, 1523451109566.8096
4.998962, 6.595009, 9.660465, 1523451109650.3501
5.065209, 6.601392, 9.673727, 1523451109733.4761
5.131507, 6.609271, 9.667136, 1523451109816.3716
5.198485, 6.60738, 9.654947, 1523451109899.2207
5.265162, 6.600214, 9.648278, 1523451109981.9775
5.316632, 6.58534, 9.664891, 1523451110064.8271
5.367564, 6.574883, 9.661755, 1523451110147.8145
5.424863, 6.569015, 9.666093, 1523451110230.8022
5.49142, 6.574959, 9.66185, 1523451110313.7896
5.567742, 6.582293, 9.654831, 1523451110397.0078
5.636858, 6.601017, 9.661273, 1523451110480.4097
5.715973, 6.619668, 9.652805, 1523451110563.8584
5.789876, 6.650929, 9.649664, 1523451110647.3525
5.854076, 6.675202, 9.651819, 1523451110730.9390
5.924734, 6.695717, 9.659829, 1523451110814.7100
6.004229, 6.712725, 9.669935, 1523451110898.4351
6.075683, 6.729522, 9.671538, 1523451110981.8833
6.146739, 6.735927, 9.678587, 1523451111065.1934
6.222822, 6.730366, 9.663516, 1523451111148.3652
6.301764, 6.728214, 9.654634, 1523451111231.4907
6.380699, 6.712749, 9.654756, 1523451111314.7549
6.45181, 6.691543, 9.668314, 1523451111398.3413
6.528213, 6.664911, 9.666593, 1523451111481.8359
6.607868, 6.673852, 9.667298, 1523451111564.8232
6.676391, 6.689219, 9.674007, 1523451111647.6265
6.747797, 6.693168, 9.68317, 1523451111730.5679
6.818726, 6.690912, 9.665413, 1523451111813.8320
6.886935, 6.699987, 9.650737, 1523451111897.1416
6.966681, 6.712817, 9.659097, 1523451111980.3599
7.044335, 6.7296, 9.675523, 1523451112063.5776
7.134599, 6.729478, 9.676263, 1523451112146.9800
7.222399, 6.729811, 9.675235, 1523451112230.2900
7.306151, 6.728991, 9.670022, 1523451112313.4155
7.399979, 6.728716, 9.663531, 1523451112396.3574
7.483506, 6.731263, 9.659178, 1523451112479.0679
7.560573, 6.725566, 9.652652, 1523451112561.7329
7.616406, 6.719874, 9.670587, 1523451112644.4897
7.683805, 6.717096, 9.675186, 1523451112727.3853
7.770931, 6.709106, 9.664239, 1523451112810.4189
7.848308, 6.720814, 9.674577, 1523451112893.6367
7.939841, 6.736587, 9.67119, 1523451112977.0386
8.020984, 6.748694, 9.674729, 1523451113060.5327
8.111379, 6.770016, 9.666533, 1523451113144.1196
8.20254, 6.797214, 9.670535, 1523451113227.6602
8.2813, 6.833284, 9.667071, 1523451113311.1084
8.351411, 6.839586, 9.664721, 1523451113394.8789
8.440926, 6.845027, 9.669719, 1523451113478.5112
8.527464, 6.852507, 9.671285, 1523451113561.8672
8.608503, 6.861095, 9.664203, 1523451113644.9468
8.687291, 6.85817, 9.646828, 1523451113728.0728
8.764955, 6.846952, 9.656932, 1523451113811.3823
8.825231, 6.834296, 9.654356, 1523451113894.7847
8.894438, 6.821961, 9.6644, 1523451113978.2788
8.971, 6.820919, 9.671464, 1523451114061.7729
9.039371, 6.828969, 9.683205, 1523451114145.2207
9.106412, 6.845762, 9.683945, 1523451114228.5312
9.167553, 6.859688, 9.669188, 1523451114311.7949
9.222195, 6.886055, 9.675345, 1523451114395.0586
9.26264, 6.908544, 9.677741, 1523451114478.3687
9.295522, 6.928946, 9.690479, 1523451114561.7246
9.34282, 6.952404, 9.688516, 1523451114644.7583
9.390462, 6.972176, 9.699808, 1523451114727.3770
9.420263, 6.990034, 9.707388, 1523451114809.8574
9.449518, 6.991568, 9.706848, 1523451114892.3379
9.468233, 6.999181, 9.702885, 1523451114974.9565
9.496087, 6.997771, 9.688861, 1523451115057.6675
9.525918, 6.98719, 9.682398, 1523451115140.6094
9.57564, 6.98985, 9.679489, 1523451115223.4585
9.607253, 7.009204, 9.669273, 1523451115305.9385
9.638335, 7.013134, 9.666395, 1523451115388.7417
9.692572, 6.987944, 9.664291, 1523451115472.4663
9.739801, 6.958664, 9.667069, 1523451115556.7437
9.804363, 6.932966, 9.654801, 1523451115641.0674
9.864988, 6.916564, 9.644897, 1523451115725.2988
9.927402, 6.886353, 9.641425, 1523451115809.6226
9.987438, 6.844373, 9.639977, 1523451115894.0845
10.05495, 6.808519, 9.626703, 1523451115978.2236
10.115612, 6.800726, 9.677668, 1523451116061.6260
10.172091, 6.806849, 9.676503, 1523451116144.6133
10.234818, 6.801842, 9.670725, 1523451116227.3696
10.309344, 6.804131, 9.65891, 1523451116310.0347
10.383174, 6.80548, 9.647429, 1523451116392.7915
10.453883, 6.815474, 9.658646, 1523451116475.7324
10.535862, 6.828537, 9.668015, 1523451116558.7197
10.614267, 6.834049, 9.680255, 1523451116641.7993
10.69133, 6.82367, 9.677519, 1523451116725.1548
10.761241, 6.810397, 9.683977, 1523451116808.5571
10.838031, 6.799893, 9.687927, 1523451116891.7749
10.919086, 6.796719, 9.666775, 1523451116974.8999
10.994551, 6.786553, 9.662519, 1523451117058.0259
11.069093, 6.752298, 9.665567, 1523451117141.2896
11.141412, 6.726697, 9.68224, 1523451117224.6914
11.207802, 6.711709, 9.693648, 1523451117308.0933
11.280227, 6.702004, 9.687326, 1523451117391.5874
11.357418, 6.691364, 9.68195, 1523451117475.3584
11.433453, 6.674165, 9.690044, 1523451117559.4048
11.507634, 6.66182, 9.673812, 1523451117643.3604
11.585645, 6.642059, 9.663423, 1523451117727.1309
11.658965, 6.621519, 9.670483, 1523451117810.5791
11.729582, 6.599984, 9.679693, 1523451117893.9351
11.805017, 6.566648, 9.685896, 1523451117977.2910
11.883295, 6.526676, 9.677098, 1523451118060.4165
11.95928, 6.482045, 9.668973, 1523451118143.2656
12.029549, 6.439834, 9.658388, 1523451118225.8843
12.093863, 6.39615, 9.656874, 1523451118308.4106
12.141408, 6.33727, 9.656185, 1523451118390.9370
12.188971, 6.272938, 9.666555, 1523451118473.6934
12.215182, 6.212124, 9.672619, 1523451118556.6348
12.255979, 6.159425, 9.674066, 1523451118639.8062
12.299079, 6.102949, 9.680587, 1523451118723.1616
12.346824, 6.047061, 9.676161, 1523451118806.6104
12.385844, 5.991714, 9.663437, 1523451118890.0581
12.44265, 5.929513, 9.65996, 1523451118973.3677
12.506681, 5.860051, 9.645576, 1523451119056.5854
12.569519, 5.797053, 9.674502, 1523451119139.8491
12.603537, 5.725206, 9.668473, 1523451119223.1587
12.644791, 5.648273, 9.663856, 1523451119306.4224
12.678333, 5.569146, 9.682718, 1523451119389.5479
12.716496, 5.49571, 9.663335, 1523451119472.4888
12.731724, 5.409888, 9.667912, 1523451119555.2915
12.754683, 5.343681, 9.64857, 1523451119638.0483
12.771132, 5.270108, 9.673964, 1523451119720.7129
12.772192, 5.205192, 9.674505, 1523451119803.6538
12.771612, 5.132953, 9.686808, 1523451119887.1021
12.793133, 5.065941, 9.687411, 1523451119970.7344
12.80912, 4.991938, 9.688318, 1523451120054.4126
12.820976, 4.906456, 9.669989, 1523451120138.2754
12.829882, 4.831375, 9.648172, 1523451120222.1841
12.848767, 4.739643, 9.664652, 1523451120306.0010
12.871949, 4.65215, 9.670369, 1523451120389.7251
12.874689, 4.565312, 9.664745, 1523451120473.5415
12.865419, 4.463336, 9.65918, 1523451120557.2661
12.850766, 4.388202, 9.645125, 1523451120640.4839
12.847638, 4.319608, 9.640057, 1523451120723.1943
12.840544, 4.232253, 9.623916, 1523451120805.6748
12.805317, 4.146842, 9.623948, 1523451120888.2471
12.771208, 4.092863, 9.645038, 1523451120970.8193
12.746096, 4.043351, 9.653829, 1523451121053.4844
12.716557, 3.995341, 9.660744, 1523451121136.4712
12.688194, 3.947589, 9.662271, 1523451121219.8735
12.656071, 3.882088, 9.65181, 1523451121303.5059
12.621881, 3.813211, 9.641572, 1523451121387.0918
12.589281, 3.728441, 9.640081, 1523451121470.4937
12.548267, 3.640013, 9.633623, 1523451121553.5728
12.501591, 3.559186, 9.641661, 1523451121636.6978
12.445026, 3.487238, 9.631392, 1523451121720.1455
12.383514, 3.416645, 9.632498, 1523451121803.6855
12.330688, 3.363613, 9.638019, 1523451121886.8574
12.272274, 3.294676, 9.620714, 1523451121969.7061
12.208931, 3.228878, 9.614283, 1523451122052.4170
12.138727, 3.16601, 9.606631, 1523451122134.9888
12.064912, 3.120427, 9.635827, 1523451122217.5610
11.991471, 3.077354, 9.655221, 1523451122300.2261
11.934662, 3.023776, 9.654381, 1523451122383.0283
11.876152, 2.971363, 9.649884, 1523451122466.1997
11.81613, 2.932296, 9.658305, 1523451122549.6475
11.733718, 2.876873, 9.639935, 1523451122633.1411
11.659945, 2.826872, 9.62536, 1523451122716.7275
11.585025, 2.771313, 9.645033, 1523451122800.3135
11.500405, 2.716876, 9.632318, 1523451122884.1299
11.417328, 2.686905, 9.632297, 1523451122968.4077
11.31776, 2.663237, 9.644103, 1523451123052.5005
11.224769, 2.622903, 9.632335, 1523451123135.9941
11.134188, 2.559659, 9.599265, 1523451123218.8428
11.038546, 2.531413, 9.602215, 1523451123301.4155
10.942175, 2.518324, 9.615912, 1523451123384.0337
10.846191, 2.501554, 9.630718, 1523451123466.7441
10.756208, 2.491034, 9.628638, 1523451123549.6851
10.660063, 2.456863, 9.634742, 1523451123632.7642
10.56662, 2.426157, 9.627945, 1523451123715.9814
10.47806, 2.376258, 9.619635, 1523451123799.4756
10.367167, 2.37574, 9.603887, 1523451123883.1538
10.268506, 2.34756, 9.627851, 1523451123966.8784
10.169988, 2.325979, 9.621892, 1523451124050.8330
10.094235, 2.332579, 9.648068, 1523451124135.0181
10.019363, 2.324949, 9.635344, 1523451124219.0186
9.930751, 2.318679, 9.635778, 1523451124302.4204
9.839998, 2.307268, 9.643057, 1523451124385.3149
9.75165, 2.302177, 9.604486, 1523451124467.9336
9.664019, 2.298665, 9.607254, 1523451124550.5977
9.576822, 2.309044, 9.624005, 1523451124633.2622
9.487242, 2.305771, 9.629363, 1523451124715.9727
9.393891, 2.289243, 9.636265, 1523451124798.8218
9.288487, 2.267324, 9.625198, 1523451124881.9004
9.193708, 2.267837, 9.605856, 1523451124965.1641
9.095494, 2.257222, 9.593678, 1523451125048.6582
8.983884, 2.241094, 9.595587, 1523451125132.1519
8.908702, 2.220451, 9.62767, 1523451125215.6455
8.826532, 2.223983, 9.620098, 1523451125299.5537
8.727224, 2.251244, 9.616594, 1523451125383.6470
8.642976, 2.238816, 9.634932, 1523451125467.3711
8.550715, 2.22541, 9.633025, 1523451125550.6343
8.456513, 2.22026, 9.605255, 1523451125633.5293
8.359474, 2.235399, 9.600188, 1523451125716.4702
8.275921, 2.250932, 9.618234, 1523451125799.5947
8.193084, 2.257746, 9.628756, 1523451125882.6743
8.112062, 2.257441, 9.630442, 1523451125965.6152
8.017682, 2.246184, 9.638887, 1523451126048.6479
7.937505, 2.251932, 9.637018, 1523451126131.9575
7.838402, 2.24607, 9.61489, 1523451126215.4976
7.733722, 2.237613, 9.605137, 1523451126299.1294
7.622087, 2.22502, 9.617805, 1523451126382.8535
7.529315, 2.203185, 9.625265, 1523451126466.5776
7.435502, 2.203148, 9.635118, 1523451126550.3940
7.336422, 2.195947, 9.636747, 1523451126633.8877
7.237273, 2.185526, 9.624418, 1523451126717.0132
7.129863, 2.181069, 9.599033, 1523451126799.9077
7.038241, 2.181145, 9.589007, 1523451126882.8027
6.95058, 2.188959, 9.59613, 1523451126965.7900
6.847999, 2.189529, 9.607985, 1523451127048.7305
6.750699, 2.177205, 9.614343, 1523451127131.5791
6.652813, 2.160714, 9.607935, 1523451127214.4736
6.578032, 2.1566, 9.592557, 1523451127297.7373
6.473582, 2.161598, 9.566229, 1523451127381.1846
6.369143, 2.147531, 9.555597, 1523451127464.8628
6.261425, 2.142397, 9.578921, 1523451127548.5405
6.162421, 2.141371, 9.601116, 1523451127632.4492
6.070173, 2.154593, 9.616147, 1523451127716.4497
5.983137, 2.17099, 9.598368, 1523451127800.1274
5.88903, 2.16648, 9.560687, 1523451127883.2988
5.787679, 2.182561, 9.546715, 1523451127966.1016
5.721007, 2.214765, 9.584373, 1523451128048.9961
5.635725, 2.259517, 9.618999, 1523451128131.9370
5.556932, 2.281024, 9.627439, 1523451128214.9697
5.466845, 2.292517, 9.620198, 1523451128298.1406
5.371187, 2.312557, 9.609133, 1523451128381.5425
5.27396, 2.341918, 9.59913, 1523451128465.1284
5.171886, 2.376257, 9.591083, 1523451128548.8521
5.069614, 2.404875, 9.60567, 1523451128632.5303
4.977831, 2.435984, 9.602959, 1523451128716.1621
4.883082, 2.481148, 9.602445, 1523451128799.8398
4.788599, 2.52984, 9.623532, 1523451128883.3335
4.699558, 2.572488, 9.623631, 1523451128966.3667
4.609677, 2.611835, 9.606501, 1523451129048.9844
4.538723, 2.668378, 9.584477, 1523451129131.5566
4.488903, 2.725964, 9.591339, 1523451129214.2212
4.436014, 2.796956, 9.611687, 1523451129297.1616
4.388912, 2.849951, 9.626563, 1523451129380.2871
4.339927, 2.897408, 9.635897, 1523451129463.5044
4.291269, 2.961904, 9.629654, 1523451129546.9058
4.239177, 3.028674, 9.623384, 1523451129630.3994
4.180655, 3.09563, 9.617919, 1523451129713.8008
4.124956, 3.149296, 9.629768, 1523451129797.2026
4.07437, 3.212061, 9.632174, 1523451129880.7422
4.04069, 3.289245, 9.621233, 1523451129964.3740
3.99789, 3.361995, 9.633726, 1523451130047.6372
3.948928, 3.432225, 9.636206, 1523451130130.4399
3.9036, 3.51239, 9.617854, 1523451130213.0117
3.87288, 3.595741, 9.616047, 1523451130295.6299
3.861792, 3.680252, 9.609873, 1523451130378.2939
3.859891, 3.75239, 9.622106, 1523451130461.0967
3.85224, 3.830149, 9.636974, 1523451130543.9448
3.838742, 3.902765, 9.653028, 1523451130627.0234
3.828228, 3.978868, 9.655318, 1523451130710.3330
3.812416, 4.066096, 9.640079, 1523451130793.6885
3.796743, 4.158988, 9.627755, 1523451130877.1353
3.775319, 4.25212, 9.616593, 1523451130960.4907
3.758701, 4.335238, 9.631704, 1523451131043.8003
3.735724, 4.415684, 9.64909, 1523451131126.8789
3.72038, 4.495593, 9.653809, 1523451131210.0039
3.716064, 4.590669, 9.651298, 1523451131293.2212
3.72087, 4.671457, 9.651469, 1523451131376.2998
3.720949, 4.759814, 9.633708, 1523451131459.2861
3.726804, 4.841065, 9.612452, 1523451131542.2271
3.746347, 4.923168, 9.617123, 1523451131625.3521
3.767554, 4.988939, 9.644555, 1523451131708.5688
3.798141, 5.046193, 9.67096, 1523451131791.8320
3.813772, 5.126647, 9.677277, 1523451131875.2334
3.83373, 5.217704, 9.670931, 1523451131958.8652
3.85424, 5.302971, 9.662106, 1523451132042.6348
3.877161, 5.390624, 9.653855, 1523451132126.5430
3.893078, 5.476131, 9.636954, 1523451132210.4517
3.907491, 5.569669, 9.641272, 1523451132294.3599
3.935216, 5.647169, 9.645681, 1523451132378.3604
3.971507, 5.732702, 9.658175, 1523451132462.1304
4.003394, 5.808118, 9.653277, 1523451132545.2549
4.031008, 5.891222, 9.653624, 1523451132628.0107
4.072647, 5.957923, 9.642798, 1523451132710.6289
4.119448, 6.021597, 9.629149, 1523451132793.2930
4.169394, 6.061451, 9.645533, 1523451132876.0029
4.220704, 6.09985, 9.658903, 1523451132958.8511
4.27161, 6.141752, 9.652253, 1523451133041.8833
4.319577, 6.19014, 9.643745, 1523451133125.1460
4.370809, 6.229854, 9.647924, 1523451133208.7314
4.422706, 6.268074, 9.630908, 1523451133292.3628
4.477702, 6.327169, 9.626368, 1523451133375.9482
4.525629, 6.386322, 9.63582, 1523451133459.4414
4.577236, 6.429484, 9.649159, 1523451133542.8423
4.640306, 6.462524, 9.65494, 1523451133626.3354
4.702075, 6.505576, 9.645844, 1523451133709.7827
4.774304, 6.544925, 9.648136, 1523451133792.9531
4.845678, 6.571343, 9.646111, 1523451133875.9395
4.926714, 6.580033, 9.632364, 1523451133958.7876
4.996383, 6.588031, 9.629386, 1523451134041.3589
5.080492, 6.589406, 9.642013, 1523451134123.8384
5.153714, 6.576662, 9.660195, 1523451134206.5942
5.214865, 6.578293, 9.657022, 1523451134289.3960
5.291661, 6.597274, 9.643896, 1523451134372.1514
5.383111, 6.594503, 9.650248, 1523451134455.0459
5.466886, 6.589461, 9.642641, 1523451134538.3540
5.546916, 6.585326, 9.625646, 1523451134621.8008
5.631909, 6.585233, 9.644033, 1523451134705.2485
5.710979, 6.596832, 9.65404, 1523451134788.6953
5.791586, 6.59211, 9.652758, 1523451134872.4648
5.873935, 6.576949, 9.657499, 1523451134956.1880
5.955161, 6.57217, 9.65694, 1523451135039.4507
6.028199, 6.586101, 9.654977, 1523451135122.2524
6.11175, 6.599844, 9.637789, 1523451135204.9165
6.186738, 6.596804, 9.642305, 1523451135287.8569
6.256372, 6.582666, 9.662918, 1523451135371.1196
6.32641, 6.578572, 9.688279, 1523451135454.3359
6.403095, 6.592527, 9.672027, 1523451135537.4141
6.480435, 6.60281, 9.669791, 1523451135620.6309
6.558409, 6.602607, 9.669986, 1523451135704.1240
6.634194, 6.611835, 9.661671, 1523451135787.7549
6.705714, 6.628339, 9.657264, 1523451135871.3398
6.770013, 6.650277, 9.670994, 1523451135954.9253
6.838419, 6.648521, 9.674882, 1523451136038.5107
6.905284, 6.666117, 9.678645, 1523451136122.0498
6.975915, 6.676228, 9.685683, 1523451136205.4048
7.043829, 6.688786, 9.687336, 1523451136288.3906
7.118856, 6.698474, 9.682447, 1523451136371.1465
7.19505, 6.703332, 9.67204, 1523451136453.8101
7.277328, 6.700685, 9.657667, 1523451136536.5195
7.357964, 6.690212, 9.665115, 1523451136619.3213
7.432194, 6.692111, 9.675578, 1523451136702.2158
7.501236, 6.690113, 9.669167, 1523451136785.2021
7.587322, 6.694914, 9.668169, 1523451136868.3730
7.669332, 6.711365, 9.66496, 1523451136951.6816
7.751165, 6.724179, 9.658343, 1523451137035.1289
7.837296, 6.741264, 9.644196, 1523451137118.6685
7.932281, 6.758525, 9.637069, 1523451137202.2993
8.010562, 6.782257, 9.640409, 1523451137285.9307
8.085215, 6.768963, 9.648458, 1523451137369.7461
8.175543, 6.793037, 9.651994, 1523451137453.7461
8.26596, 6.79585, 9.660468, 1523451137537.6079
8.352528, 6.796505, 9.657216, 1523451137621.1929
8.437081, 6.805692, 9.643342, 1523451137704.5479
8.524933, 6.806926, 9.63429, 1523451137787.9023
8.592345, 6.793073, 9.656319, 1523451137871.2573
8.670623, 6.787818, 9.668827, 1523451137954.4741
8.744447, 6.792232, 9.681874, 1523451138037.5522
8.823938, 6.801435, 9.68628, 1523451138120.6768
8.903834, 6.816596, 9.696954, 1523451138203.9399
8.986331, 6.82053, 9.684704, 1523451138287.3408
9.072639, 6.827844, 9.669663, 1523451138370.8335
9.159151, 6.836591, 9.649017, 1523451138454.4189
9.247755, 6.848955, 9.677684, 1523451138537.9121
9.328126, 6.860907, 9.682218, 1523451138621.5894
9.416583, 6.856108, 9.678833, 1523451138705.4048
9.521261, 6.849205, 9.684807, 1523451138788.9902
9.599146, 6.851233, 9.662732, 1523451138872.1606
9.683694, 6.843509, 9.664024, 1523451138955.1934
9.772984, 6.826321, 9.642785, 1523451139038.0874
9.848849, 6.801589, 9.655036, 1523451139120.7969
9.919093, 6.788442, 9.676117, 1523451139203.3223
9.999446, 6.775014, 9.679589, 1523451139285.7559
10.080221, 6.766944, 9.67502, 1523451139368.3740
10.157195, 6.762933, 9.689567, 1523451139451.3140
10.238112, 6.759836, 9.675254, 1523451139534.4385
10.331296, 6.759252, 9.656433, 1523451139617.6089
10.426598, 6.774143, 9.634598, 1523451139700.9180
10.511985, 6.776687, 9.656053, 1523451139784.3647
10.592531, 6.772114, 9.680626, 1523451139867.9961
10.685398, 6.769936, 9.679409, 1523451139951.5352
10.76292, 6.770685, 9.673905, 1523451140034.7515
10.84563, 6.779498, 9.671669, 1523451140117.5996
10.929102, 6.787604, 9.660114, 1523451140200.3550
11.015785, 6.786429, 9.648764, 1523451140283.3408
11.097581, 6.766429, 9.652043, 1523451140366.6035
11.171099, 6.756094, 9.675109, 1523451140449.9121
11.249877, 6.768023, 9.675065, 1523451140532.9907
11.338338, 6.787088, 9.677935, 1523451140616.1147
11.419921, 6.788621, 9.671576, 1523451140699.7461
11.499991, 6.79735, 9.662029, 1523451140783.6997
11.582798, 6.80237, 9.658868, 1523451140867.6997
11.665991, 6.816893, 9.654341, 1523451140951.5610
11.744112, 6.840059, 9.670089, 1523451141035.1465
11.830533, 6.843324, 9.673819, 1523451141118.6392
11.917141, 6.844026, 9.671854, 1523451141202.2246
11.990285, 6.848678, 9.672918, 1523451141285.6255
12.07127, 6.853414, 9.665738, 1523451141368.6118
12.15659, 6.865294, 9.654264, 1523451141451.1831
12.237478, 6.877963, 9.655136, 1523451141533.5703
12.312462, 6.884216, 9.666131, 1523451141616.0957
12.385755, 6.880456, 9.682198, 1523451141698.9434
12.461048, 6.897677, 9.677423, 1523451141781.7915
12.538191, 6.935969, 9.682911, 1523451141864.5474
12.614808, 6.966975, 9.674963, 1523451141947.3486
12.693643, 6.995942, 9.658675, 1523451142030.5654
12.769661, 7.025786, 9.666578, 1523451142114.1045
12.840905, 7.065261, 9.672374, 1523451142197.7817
12.909258, 7.09497, 9.681368, 1523451142281.6895
12.986925, 7.110985, 9.687698, 1523451142365.7812
13.064853, 7.137037, 9.686531, 1523451142449.5967
13.151759, 7.155438, 9.696313, 1523451142533.0435
13.217693, 7.200905, 9.677186, 1523451142616.2139
13.293608, 7.224865, 9.663886, 1523451142699.1538
13.368642, 7.234949, 9.665214, 1523451142782.0479
13.431749, 7.249908, 9.674467, 1523451142864.8037
13.483735, 7.254025, 9.694051, 1523451142947.6973
13.550884, 7.263782, 9.678057, 1523451143030.9141
13.620141, 7.282921, 9.694703, 1523451143114.2686
13.687112, 7.310239, 9.68646, 1523451143197.7612
13.747047, 7.345961, 9.698247, 1523451143281.3926
13.804384, 7.36753, 9.68965, 1523451143365.0239
13.85851, 7.40612, 9.682172, 1523451143448.4707
13.912864, 7.454945, 9.702275, 1523451143531.6870
13.972576, 7.498169, 9.676661, 1523451143614.9956
14.036212, 7.528074, 9.692844, 1523451143698.4424
14.088659, 7.560171, 9.695843, 1523451143781.7510
14.123506, 7.599844, 9.699896, 1523451143864.5527
14.168744, 7.641247, 9.678502, 1523451143947.1240
14.219485, 7.673474, 9.659787, 1523451144029.6489
14.261454, 7.698335, 9.631544, 1523451144112.3120
14.304172, 7.721928, 9.598666, 1523451144195.1602
14.34105, 7.729771, 9.534897, 1523451144278.3770
14.405628, 7.745879, 9.507648, 1523451144362.0537
14.470445, 7.775126, 9.485398, 1523451144445.8232
14.504933, 7.816724, 9.478796, 1523451144529.2705
14.535533, 7.850028, 9.473679, 1523451144612.6250
14.568593, 7.88176, 9.453335, 1523451144696.1636
14.596001, 7.914663, 9.420558, 1523451144779.9790
14.622295, 7.963545, 9.380525, 1523451144863.7026
14.63514, 8.033899, 9.337646, 1523451144946.9648
14.649477, 8.112418, 9.321679, 1523451145029.7202
14.67223, 8.180409, 9.303437, 1523451145112.4297
14.708255, 8.226076, 9.290968, 1523451145195.4619
14.749541, 8.274504, 9.266308, 1523451145278.6782
14.781118, 8.314829, 9.224503, 1523451145361.7104
14.811582, 8.357335, 9.185373, 1523451145444.7886
14.847039, 8.399259, 9.14233, 1523451145528.0508
14.904194, 8.43559, 9.126568, 1523451145611.8208
14.942135, 8.483258, 9.127687, 1523451145695.5898
14.956964, 8.544378, 9.106318, 1523451145779.0366
14.974116, 8.599215, 9.068854, 1523451145862.4375
14.993588, 8.655732, 9.033667, 1523451145945.7920
15.008483, 8.720091, 8.999586, 1523451146028.9619
15.023772, 8.806095, 8.983609, 1523451146111.8560
15.050102, 8.882564, 8.983368, 1523451146194.6577
15.079417, 8.962674, 8.983641, 1523451146277.5054
15.109755, 9.033154, 8.976096, 1523451146360.2607
15.12278, 9.080084, 8.982733, 1523451146443.0625
15.135366, 9.125212, 9.000032, 1523451146525.8643
15.155006, 9.178626, 8.992938, 1523451146608.8965
15.1713, 9.251921, 8.980573, 1523451146692.2505
15.174631, 9.323262, 8.983318, 1523451146775.6055
15.1731, 9.383862, 8.974936, 1523451146859.0518
15.176179, 9.445574, 8.972582, 1523451146942.9136
15.187489, 9.502199, 8.975834, 1523451147027.3281
15.195419, 9.560181, 8.969756, 1523451147111.6040
15.190941, 9.613497, 8.97137, 1523451147195.4194
15.191601, 9.658543, 8.962691, 1523451147278.8203
15.201673, 9.699798, 8.935034, 1523451147362.0361
15.216966, 9.743057, 8.902015, 1523451147445.0679
15.230288, 9.786908, 8.849391, 1523451147528.0537
15.258151, 9.831501, 8.823195, 1523451147611.3623
15.289557, 9.886868, 8.808457, 1523451147695.0396
15.304399, 9.939415, 8.797087, 1523451147778.7168
15.292428, 9.997676, 8.778853, 1523451147862.1636
15.294738, 10.048014, 8.750915, 1523451147945.5640
15.302909, 10.093771, 8.709146, 1523451148029.1943
15.304674, 10.154705, 8.658066, 1523451148112.7793
15.296629, 10.222726, 8.620817, 1523451148195.9956
15.275441, 10.302189, 8.606563, 1523451148278.7505
15.270096, 10.360485, 8.606091, 1523451148361.4141
15.273344, 10.415445, 8.575306, 1523451148443.8936
15.259773, 10.468493, 8.531315, 1523451148526.2803
15.253654, 10.524189, 8.480182, 1523451148608.7129
15.265973, 10.592138, 8.432859, 1523451148691.7446
15.28593, 10.656404, 8.413301, 1523451148775.3296
15.271309, 10.715731, 8.410696, 1523451148858.8223
15.250731, 10.763017, 8.392667, 1523451148942.2695
15.254536, 10.815224, 8.359878, 1523451149025.9463
15.262073, 10.871036, 8.309669, 1523451149109.8535
15.24754, 10.93771, 8.263569, 1523451149193.5308
15.217538, 11.0004, 8.243042, 1523451149276.6543
15.210996, 11.058308, 8.244106, 1523451149359.6401
15.222757, 11.111241, 8.22983, 1523451149442.5342
15.220766, 11.161316, 8.194587, 1523451149525.2432
15.211681, 11.211447, 8.150987, 1523451149607.6299
15.215122, 11.268297, 8.105503, 1523451149690.2935
15.239172, 11.319728, 8.070465, 1523451149773.6479
15.237844, 11.398443, 8.055711, 1523451149857.1401
15.215369, 11.465704, 8.049028, 1523451149940.4487
15.199442, 11.527676, 8.026049, 1523451150023.9414
15.212098, 11.595782, 7.980191, 1523451150108.1250
15.215517, 11.645894, 7.928601, 1523451150192.3555
15.185883, 11.717465, 7.882987, 1523451150275.7095
15.137343, 11.793755, 7.858461, 1523451150358.2808
15.121249, 11.880464, 7.842364, 1523451150440.9443
15.140963, 11.940121, 7.841845, 1523451150524.0684
15.154226, 12.003565, 7.82381, 1523451150607.1924
15.148056, 12.061934, 7.780713, 1523451150689.8096
15.142402, 12.118038, 7.734783, 1523451150772.1963
15.162737, 12.181172, 7.699751, 1523451150855.0898
15.199526, 12.252082, 7.686797, 1523451150938.8589
15.19811, 12.328546, 7.696733, 1523451151022.5361
15.172735, 12.384913, 7.703804, 1523451151105.6597
15.150233, 12.446782, 7.690966, 1523451151188.7378
15.139124, 12.498713, 7.68808, 1523451151272.1382
15.116843, 12.552447, 7.674925, 1523451151355.6309
15.090213, 12.594653, 7.66274, 1523451151439.0771
15.07732, 12.625119, 7.659325, 1523451151522.4316
15.052281, 12.655787, 7.669763, 1523451151605.6016
15.031344, 12.669523, 7.677182, 1523451151688.7251
15.018733, 12.670677, 7.693134, 1523451151771.8955
15.019085, 12.659283, 7.703351, 1523451151855.1118
15.028069, 12.654513, 7.708133, 1523451151938.5581
15.039971, 12.648078, 7.708762, 1523451152022.2349
15.047792, 12.650303, 7.708325, 1523451152106.0039
15.052417, 12.650434, 7.710181, 1523451152189.8188
15.056146, 12.655547, 7.705401, 1523451152273.6343
15.061146, 12.658188, 7.703825, 1523451152357.4487
15.061621, 12.660967, 7.698202, 1523451152441.0796
15.060712, 12.656583, 7.701228, 1523451152524.4805
15.060096, 12.652642, 7.704686, 1523451152607.7881
15.064778, 12.643716, 7.704237, 1523451152691.1890
15.068254, 12.638041, 7.701634, 1523451152774.6353
15.068496, 12.628745, 7.710889, 1523451152858.1738
15.066388, 12.623021, 7.709858, 1523451152941.6201
15.066352, 12.61797, 7.710235, 1523451153024.9741
15.06256, 12.6163, 7.710207, 1523451153108.2363
15.054147, 12.620421, 7.715864, 1523451153191.4526
15.047223, 12.61482, 7.714586, 1523451153274.5303
15.03933, 12.610991, 7.718786, 1523451153357.5161
15.030152, 12.612793, 7.716078, 1523451153440.4556
15.018904, 12.617317, 7.713376, 1523451153523.4409
15.004984, 12.625204, 7.709518, 1523451153606.5190
14.98976, 12.641604, 7.699659, 1523451153689.6890
14.978761, 12.647957, 7.699287, 1523451153772.8589
14.955312, 12.670804, 7.698028, 1523451153855.8901
14.936278, 12.692642, 7.692994, 1523451153938.8301
14.912366, 12.734466, 7.680035, 1523451154021.7695
14.890296, 12.779771, 7.666661, 1523451154104.7544
14.870646, 12.839402, 7.659508, 1523451154187.8325
14.86465, 12.903172, 7.660702, 1523451154271.0483
14.854652, 12.964448, 7.667473, 1523451154354.3105
14.840549, 13.014323, 7.665618, 1523451154437.1577
14.807301, 13.046515, 7.669403, 1523451154519.5449
14.774568, 13.069354, 7.68652, 1523451154601.9771
14.753537, 13.095448, 7.69664, 1523451154684.8711
14.737608, 13.129265, 7.695601, 1523451154768.4097
14.715824, 13.161681, 7.684141, 1523451154852.3628
14.693493, 13.188553, 7.661602, 1523451154936.3159
14.664478, 13.20163, 7.630702, 1523451155020.0850
14.633204, 13.204008, 7.606293, 1523451155103.6230
14.601631, 13.208477, 7.574079, 1523451155187.1616
14.552655, 13.228544, 7.53664, 1523451155270.5620
14.475775, 13.240705, 7.496629, 1523451155353.4092
14.410621, 13.254296, 7.492524, 1523451155435.9341
14.366658, 13.273506, 7.485451, 1523451155518.4126
14.332426, 13.29419, 7.465362, 1523451155601.0757
14.298782, 13.309965, 7.430165, 1523451155683.6924
14.260277, 13.337519, 7.392021, 1523451155766.4941
14.231011, 13.379145, 7.36167, 1523451155849.8486
14.198377, 13.446925, 7.329858, 1523451155933.9863
14.160663, 13.492747, 7.321499, 1523451156018.3081
14.113139, 13.507816, 7.31651, 1523451156102.2607
14.071195, 13.522822, 7.292354, 1523451156186.0762
14.041043, 13.547697, 7.257352, 1523451156269.9834
14.002347, 13.568598, 7.206783, 1523451156353.6597
13.931245, 13.574754, 7.170521, 1523451156436.7378
13.847995, 13.571621, 7.141512, 1523451156519.0781
13.784064, 13.576462, 7.137391, 1523451156601.2803
13.736117, 13.592147, 7.120004, 1523451156683.6665
13.697022, 13.613899, 7.091274, 1523451156766.1455
13.648408, 13.63701, 7.051808, 1523451156848.8545
13.594373, 13.672241, 7.029074, 1523451156931.9780
13.541884, 13.712126, 7.009442, 1523451157015.4707
13.474788, 13.746996, 7.009207, 1523451157099.1475
13.402658, 13.755636, 7.012688, 1523451157182.5938
13.335314, 13.769873, 7.005269, 1523451157266.1787
13.268652, 13.787864, 6.9872, 1523451157350.1318
13.211283, 13.792793, 6.985515, 1523451157434.0850
13.148397, 13.779442, 6.995517, 1523451157517.9917
13.074893, 13.767242, 6.984135, 1523451157601.6226
13.00493, 13.765207, 6.975497, 1523451157685.0229
12.942973, 13.761443, 6.989516, 1523451157768.1001
12.900474, 13.749592, 6.992079, 1523451157850.8091
12.864027, 13.744366, 6.988138, 1523451157933.3804
12.823845, 13.749382, 6.974304, 1523451158016.1353
12.797915, 13.759816, 6.969921, 1523451158099.2129
12.771755, 13.769705, 6.945923, 1523451158182.1523
12.746738, 13.768568, 6.919043, 1523451158265.0918
12.720583, 13.785647, 6.887056, 1523451158348.2612
12.697753, 13.815915, 6.860522, 1523451158431.8916
12.667361, 13.850292, 6.842748, 1523451158515.7524
12.607171, 13.881195, 6.822736, 1523451158599.6592
12.562334, 13.873552, 6.818518, 1523451158683.3359
12.52299, 13.86238, 6.815561, 1523451158766.8745
12.480618, 13.868459, 6.787577, 1523451158850.6890
12.422235, 13.882725, 6.736219, 1523451158934.6421
12.366453, 13.87268, 6.688087, 1523451159018.3184
12.309117, 13.845488, 6.642121, 1523451159101.5806
12.229495, 13.814873, 6.61996, 1523451159184.1973
12.164179, 13.806736, 6.621481, 1523451159266.7222
12.117105, 13.822785, 6.607043, 1523451159349.4312
12.073274, 13.834282, 6.583789, 1523451159432.1401
12.025695, 13.83873, 6.54921, 1523451159514.8032
11.981622, 13.851459, 6.516016, 1523451159597.6504
11.934754, 13.876555, 6.480059, 1523451159680.9585
11.882734, 13.904349, 6.453674, 1523451159764.6348
11.84302, 13.916828, 6.460144, 1523451159848.2656
11.794198, 13.907866, 6.455441, 1523451159931.4810
11.736504, 13.897897, 6.431464, 1523451160014.6968
11.688307, 13.910019, 6.39026, 1523451160098.4199
11.631822, 13.920794, 6.337757, 1523451160182.2812
11.564145, 13.913463, 6.289345, 1523451160265.8193
11.492171, 13.897819, 6.262538, 1523451160349.1274
11.422115, 13.893632, 6.25191, 1523451160432.1587
11.369777, 13.899949, 6.234953, 1523451160515.1440
11.319994, 13.900292, 6.210521, 1523451160597.9907
11.265503, 13.902959, 6.166051, 1523451160680.6997
11.208888, 13.924247, 6.128858, 1523451160763.8696
11.148988, 13.966571, 6.084201, 1523451160847.7300
11.100334, 14.008028, 6.076766, 1523451160931.9136
11.055123, 14.013941, 6.07689, 1523451161015.7739
11.010427, 14.006053, 6.076141, 1523451161099.3120
10.951133, 14.009389, 6.047308, 1523451161182.9883
10.899163, 14.01597, 6.007666, 1523451161266.8950
10.831224, 14.007081, 5.951182, 1523451161350.3408
10.760076, 13.98236, 5.916699, 1523451161433.1880
10.682314, 13.959978, 5.89127, 1523451161515.6665
10.60887, 13.946501, 5.879592, 1523451161598.0522
10.550267, 13.93862, 5.860621, 1523451161680.4385
10.504787, 13.939835, 5.820912, 1523451161762.6860
10.458766, 13.936418, 5.777522, 1523451161845.0723
10.411554, 13.943891, 5.732095, 1523451161928.1035
10.359785, 13.985911, 5.702909, 1523451162012.0562
10.314356, 14.008685, 5.700919, 1523451162096.1934
10.265972, 13.982798, 5.693563, 1523451162179.7314
10.215844, 13.960021, 5.676142, 1523451162263.0854
10.169702, 13.948261, 5.627285, 1523451162346.6694
10.11178, 13.927384, 5.590359, 1523451162430.2075
10.042705, 13.885242, 5.550194, 1523451162513.2847
9.963909, 13.842512, 5.51908, 1523451162595.8555
9.903968, 13.809694, 5.519451, 1523451162678.4717
9.844565, 13.805717, 5.50931, 1523451162761.3184
9.772499, 13.789579, 5.477726, 1523451162844.2573
9.69586, 13.763999, 5.433805, 1523451162927.2886
9.618802, 13.763443, 5.388759, 1523451163010.5967
9.546285, 13.753073, 5.357525, 1523451163094.3188
9.480429, 13.743296, 5.353319, 1523451163178.2715
9.407139, 13.707483, 5.371963, 1523451163261.8560
9.331492, 13.669861, 5.362121, 1523451163345.3477
9.249192, 13.622379, 5.353528, 1523451163428.8394
9.164219, 13.580041, 5.318839, 1523451163512.4692
9.126678, 13.523137, 5.347695, 1523451163596.0078
9.082925, 13.461451, 5.359374, 1523451163679.4531
9.029565, 13.416241, 5.354629, 1523451163762.9448
8.981684, 13.375722, 5.367456, 1523451163846.2524
8.936011, 13.328201, 5.373507, 1523451163929.1909
8.89214, 13.277722, 5.359164, 1523451164011.8076
8.856878, 13.237636, 5.359836, 1523451164094.3320
8.803985, 13.218118, 5.363082, 1523451164177.2251
8.741881, 13.186576, 5.369739, 1523451164260.1641
8.696059, 13.12912, 5.369317, 1523451164342.8726
8.656437, 13.066486, 5.356548, 1523451164425.4434
8.632236, 13.013431, 5.359003, 1523451164508.1978
8.597579, 12.953201, 5.353291, 1523451164591.3213
8.568642, 12.892169, 5.339839, 1523451164674.7212
8.544641, 12.840602, 5.328864, 1523451164758.3975
8.529804, 12.798685, 5.340674, 1523451164842.3506
8.534626, 12.758075, 5.361732, 1523451164926.4873
8.529524, 12.714161, 5.358639, 1523451165010.5322
8.528184, 12.660709, 5.354131, 1523451165094.1167
8.531153, 12.615635, 5.356685, 1523451165177.4243
8.51943, 12.584446, 5.361896, 1523451165260.6855
8.510141, 12.551781, 5.347748, 1523451165343.9473
8.488121, 12.509131, 5.332761, 1523451165427.1631
8.471682, 12.479954, 5.313272, 1523451165510.2861
8.46139, 12.44614, 5.279742, 1523451165593.0874
8.448657, 12.412281, 5.222795, 1523451165675.8423
8.411942, 12.357845, 5.169892, 1523451165758.9194
8.352089, 12.307159, 5.156577, 1523451165842.7798
8.334171, 12.247418, 5.154875, 1523451165926.5488
8.353408, 12.189213, 5.146451, 1523451166009.8564
8.365203, 12.132772, 5.119102, 1523451166093.1646
8.359734, 12.088719, 5.08574, 1523451166176.7944
8.366994, 12.020248, 5.031611, 1523451166260.4707
8.384027, 11.950674, 4.987202, 1523451166343.9170
8.408779, 11.876573, 4.959306, 1523451166427.0864
8.422384, 11.807263, 4.944746, 1523451166510.2100
8.421459, 11.744149, 4.934522, 1523451166593.4258
8.418237, 11.687403, 4.918793, 1523451166676.5488
8.419466, 11.642, 4.88017, 1523451166759.4883
8.396114, 11.600373, 4.843203, 1523451166842.4272
8.362216, 11.559166, 4.798736, 1523451166925.5967
8.324288, 11.512261, 4.778069, 1523451167009.1807
8.294105, 11.453299, 4.778423, 1523451167092.9028
8.290682, 11.402628, 4.774236, 1523451167176.3950
8.289655, 11.35551, 4.741737, 1523451167259.9790
8.276559, 11.304489, 4.696757, 1523451167343.7017
8.276833, 11.251742, 4.651947, 1523451167427.1016
8.317938, 11.180583, 4.608469, 1523451167509.8560
8.356542, 11.099503, 4.588361, 1523451167592.0576
8.370961, 11.048368, 4.581947, 1523451167674.4438
8.363608, 11.008308, 4.565294, 1523451167756.9219
8.36969, 10.965651, 4.529759, 1523451167839.4004
8.361725, 10.928316, 4.486436, 1523451167922.1094
8.338447, 10.881042, 4.447555, 1523451168005.4170
8.293654, 10.823792, 4.429606, 1523451168089.4619
8.270002, 10.770826, 4.423157, 1523451168173.4609
8.278882, 10.713442, 4.416581, 1523451168256.8604
8.287845, 10.663271, 4.388214, 1523451168340.0762
8.28993, 10.612916, 4.340758, 1523451168423.4297
8.289562, 10.551103, 4.289577, 1523451168506.7378
8.308085, 10.4817, 4.245133, 1523451168589.7690
8.333128, 10.41912, 4.216199, 1523451168672.4775
8.349, 10.358404, 4.20867, 1523451168755.1860
8.344831, 10.301531, 4.199912, 1523451168837.9868
8.341017, 10.250832, 4.17163, 1523451168920.8335
8.337718, 10.198793, 4.130141, 1523451169003.7725
8.322289, 10.147162, 4.081048, 1523451169087.0801
8.29968, 10.074325, 4.034875, 1523451169171.0327
8.256971, 10.006316, 4.029293, 1523451169255.3535
8.250025, 9.943405, 4.031893, 1523451169339.2607
8.270896, 9.894519, 4.021186, 1523451169422.5679
8.27487, 9.853013, 3.990323, 1523451169505.9214
8.273183, 9.807541, 3.951148, 1523451169589.5059
8.28142, 9.743953, 3.906184, 1523451169672.9058
8.316077, 9.676515, 3.875748, 1523451169755.7065
8.35178, 9.605811, 3.862397, 1523451169837.9541
8.367233, 9.55063, 3.862636, 1523451169920.2944
8.370059, 9.486912, 3.824372, 1523451170002.8647
8.360578, 9.442755, 3.787778, 1523451170085.4810
8.3578, 9.402737, 3.747947, 1523451170168.3281
8.330793, 9.35991, 3.715335, 1523451170251.7734
8.287592, 9.294303, 3.682658, 1523451170335.7725
8.267849, 9.230526, 3.668011, 1523451170419.7251
8.287968, 9.163846, 3.66082, 1523451170503.2637
8.297832, 9.102908, 3.635175, 1523451170586.7095
8.286427, 9.053411, 3.588914, 1523451170670.4780
8.284438, 8.987016, 3.526414, 1523451170754.2925
8.301835, 8.915595, 3.483729, 1523451170837.5537
8.336229, 8.849358, 3.464548, 1523451170920.2163
8.340487, 8.802768, 3.471586, 1523451171002.8789
8.327059, 8.767299, 3.461453, 1523451171085.7251
8.317469, 8.727339, 3.427745, 1523451171168.4800
8.311596, 8.677075, 3.382697, 1523451171251.1426
8.293902, 8.626915, 3.341232, 1523451171334.1733
8.250563, 8.562057, 3.317592, 1523451171417.8496
8.224127, 8.506142, 3.313006, 1523451171501.7563
8.230272, 8.451755, 3.310218, 1523451171585.3403
8.243188, 8.39301, 3.284656, 1523451171668.7402
8.238091, 8.33307, 3.22992, 1523451171752.2783
8.235244, 8.268991, 3.168914, 1523451171835.6782
8.263135, 8.184782, 3.120929, 1523451171918.6636
8.305253, 8.109383, 3.110654, 1523451172001.0952
8.326221, 8.0545, 3.123365, 1523451172083.5737
8.317223, 8.01214, 3.107393, 1523451172166.4204
8.306957, 7.957264, 3.065464, 1523451172249.4058
8.302728, 7.915076, 3.021739, 1523451172332.3911
8.288811, 7.867685, 2.975806, 1523451172415.6064
8.264082, 7.81127, 2.941521, 1523451172499.2363
8.233118, 7.747602, 2.924908, 1523451172583.1890
8.231974, 7.683598, 2.923636, 1523451172667.0039
8.241629, 7.623491, 2.901123, 1523451172750.7261
8.236039, 7.572221, 2.860172, 1523451172834.5405
8.22918, 7.505419, 2.803278, 1523451172918.5396
8.233368, 7.444143, 2.7493, 1523451173002.0776
8.269278, 7.370513, 2.728918, 1523451173084.8325
8.296429, 7.310421, 2.725644, 1523451173167.3105
8.291963, 7.25628, 2.729183, 1523451173249.9731
8.274467, 7.207671, 2.70891, 1523451173332.7285
8.259031, 7.155107, 2.659691, 1523451173415.4370
8.254278, 7.095229, 2.597795, 1523451173498.2373
8.238263, 7.03638, 2.564172, 1523451173581.4531
8.210808, 6.971879, 2.541089, 1523451173665.3135
8.194819, 6.917547, 2.553488, 1523451173749.2661
8.203439, 6.86955, 2.542796, 1523451173833.0342
8.203349, 6.828284, 2.512392, 1523451173916.8027
8.20258, 6.777927, 2.452906, 1523451174000.6172
8.224218, 6.71967, 2.416011, 1523451174084.0630
8.238038, 6.655605, 2.380054, 1523451174167.0479
8.250568, 6.601735, 2.372772, 1523451174249.8027
8.253497, 6.559209, 2.37508, 1523451174332.6494
8.248618, 6.509505, 2.350809, 1523451174415.4966
8.248548, 6.444979, 2.304138, 1523451174498.2051
8.253182, 6.38662, 2.256715, 1523451174581.0059
8.240236, 6.320475, 2.220699, 1523451174664.2676
8.212893, 6.251922, 2.212143, 1523451174748.1738
8.21667, 6.163741, 2.225554, 1523451174832.0347
8.240659, 6.084235, 2.220418, 1523451174915.4346
8.253044, 5.99379, 2.196633, 1523451174998.9263
8.255327, 5.909896, 2.185569, 1523451175082.7866
8.270791, 5.842034, 2.200857, 1523451175166.7393
8.287944, 5.763809, 2.203162, 1523451175250.5996
8.282514, 5.687139, 2.184945, 1523451175334.1377
8.301706, 5.611074, 2.175975, 1523451175417.3994
8.303481, 5.523077, 2.165809, 1523451175500.4307
8.306904, 5.449821, 2.142368, 1523451175583.4160
8.296406, 5.384103, 2.104777, 1523451175666.4009
8.269475, 5.295354, 2.053435, 1523451175749.5244
8.25065, 5.202493, 2.018955, 1523451175832.6934
8.23016, 5.086425, 2.005072, 1523451175916.0933
8.222133, 4.979731, 2.027021, 1523451175999.7236
8.222026, 4.882131, 2.023242, 1523451176083.4458
8.216637, 4.774467, 2.011544, 1523451176167.2603
8.214572, 4.663972, 1.979838, 1523451176251.0283
8.225154, 4.55463, 1.978127, 1523451176334.4746
8.245998, 4.460122, 1.997548, 1523451176417.7358
8.23225, 4.352201, 2.003354, 1523451176501.1816
8.200473, 4.255928, 2.009319, 1523451176584.8115
8.170769, 4.171117, 1.984903, 1523451176668.0732
8.133904, 4.082544, 1.982389, 1523451176750.9199
8.093637, 4.002969, 1.972767, 1523451176833.6289
8.029335, 3.93629, 1.989483, 1523451176916.4751
7.965368, 3.874358, 1.993554, 1523451176999.4141
7.913484, 3.807601, 2.000622, 1523451177082.4917
7.857663, 3.735563, 2.010211, 1523451177165.7988
7.814317, 3.668901, 2.00552, 1523451177249.1982
7.768879, 3.594277, 1.983701, 1523451177332.3677
7.734438, 3.494108, 1.988662, 1523451177415.2144
7.694669, 3.418196, 1.983604, 1523451177498.0610
7.6359, 3.360497, 1.995702, 1523451177581.4604
7.570795, 3.298203, 2.001648, 1523451177665.2290
7.500078, 3.213711, 1.991541, 1523451177748.7202
7.437511, 3.149792, 2.004718, 1523451177831.6592
7.363685, 3.088234, 1.983895, 1523451177914.3218
7.287308, 3.0425, 1.974357, 1523451177996.8921
7.205983, 3.013241, 2.002511, 1523451178079.6465
7.115796, 2.980191, 2.002677, 1523451178162.4473
7.047755, 2.937762, 2.005718, 1523451178245.0176
6.98735, 2.890308, 2.013637, 1523451178327.6338
6.918317, 2.856671, 2.008815, 1523451178410.7109
6.843907, 2.81835, 1.999786, 1523451178494.1567
6.7609, 2.77282, 1.979021, 1523451178577.7407
6.695713, 2.726199, 2.003369, 1523451178661.4629
6.620762, 2.690661, 2.004149, 1523451178745.3691
6.528122, 2.657268, 1.997149, 1523451178829.6445
